27 117
2 3 4
1 3 5
1 2 6
5 6 7
4 6 8
4 5 9
1 8 9
2 7 9
3 7 8
1 4 7
2 5 8
3 6 9
11 12 13
10 12 14
10 11 15
14 15 16
13 15 17
13 14 18
10 17 18
11 16 18
12 16 17
10 13 16
11 14 17
12 15 18
20 21 22
19 21 23
19 20 24
23 24 25
22 24 26
22 23 27
19 26 27
20 25 27
21 25 26
19 22 25
20 23 26
21 24 27
1 10 19
1 11 24
1 12 23
1 13 25
1 14 21
1 15 20
1 16 22
1 17 27
1 18 26
2 10 24
2 11 20
2 12 22
2 13 21
2 14 26
2 15 19
2 16 27
2 17 23
2 18 25
3 10 23
3 11 22
3 12 21
3 13 20
3 14 19
3 15 27
3 16 26
3 17 25
3 18 24
4 10 25
4 11 21
4 12 20
4 13 22
4 14 27
4 15 26
4 16 19
4 17 24
4 18 23
5 10 21
5 11 26
5 12 19
5 13 27
5 14 23
5 15 25
5 16 24
5 17 20
5 18 22
6 10 20
6 11 19
6 12 27
6 13 26
6 14 25
6 15 24
6 16 23
6 17 22
6 18 21
7 10 22
7 11 27
7 12 26
7 13 19
7 14 24
7 15 23
7 16 25
7 17 21
7 18 20
8 10 27
8 11 23
8 12 25
8 13 24
8 14 20
8 15 22
8 16 21
8 17 26
8 18 19
9 10 26
9 11 25
9 12 24
9 13 23
9 14 22
9 15 21
9 16 20
9 17 19
9 18 27
