# n=40 p=0.100 seed=1262
  0  22
  0  31
  0  38
  1   7
  1  14
  1  27
  2   8
  2  14
  2  20
  2  22
  2  23
  2  27
  2  31
  2  33
  2  37
  3  11
  3  30
  3  31
  3  34
  4   6
  4  27
  4  29
  4  30
  5  10
  5  15
  5  22
  5  25
  5  35
  6  14
  6  17
  6  21
  6  24
  6  25
  6  27
  7  30
  7  31
  7  36
  8  14
  8  15
  9  29
 10  20
 10  32
 10  33
 10  34
 11  17
 12  14
 12  18
 12  32
 12  39
 13  29
 13  31
 13  32
 13  33
 14  24
 15  16
 15  20
 15  32
 16  20
 16  29
 17  22
 17  29
 17  37
 17  38
 18  23
 18  24
 19  24
 19  25
 19  27
 19  33
 20  23
 20  32
 21  22
 21  29
 21  34
 21  37
 22  29
 22  34
 23  33
 25  32
 25  34
 25  35
 28  31
 28  35
 29  34
 34  36
