# n=40 p=0.100 seed=1372
  0  13
  0  14
  0  20
  0  29
  0  30
  0  34
  1  10
  1  12
  1  19
  1  22
  1  27
  1  34
  2   9
  2  13
  2  22
  2  27
  2  29
  2  33
  2  37
  3   4
  3  10
  3  27
  3  35
  4   8
  4  16
  4  17
  4  19
  4  35
  4  37
  5  16
  5  34
  6  16
  6  39
  7  14
  7  29
  7  30
  8  36
 11  27
 12  20
 12  22
 12  24
 12  28
 12  37
 13  17
 13  25
 13  30
 15  22
 15  35
 15  36
 16  18
 17  20
 17  24
 17  27
 18  20
 18  27
 18  33
 19  26
 19  30
 19  34
 20  21
 20  23
 22  24
 22  27
 23  29
 23  38
 25  27
 25  29
 26  35
 27  31
 29  32
 30  35
 31  37
 31  38
 32  38
 33  34
 33  39
 36  38
