# n=40 p=0.100 seed=1286
  0  13
  0  14
  0  16
  0  21
  0  28
  0  29
  1  20
  1  30
  1  37
  2   4
  2  13
  2  38
  3  13
  3  14
  3  31
  4   7
  4  10
  4  18
  5  23
  5  28
  6   7
  6  22
  6  35
  7  19
  7  27
  8  15
  8  19
  8  39
  9  16
  9  21
  9  31
 10  20
 10  27
 10  37
 11  24
 11  27
 12  14
 12  17
 12  22
 12  23
 12  34
 13  16
 14  15
 14  26
 14  35
 14  36
 15  21
 15  26
 15  27
 15  31
 16  20
 16  22
 17  20
 17  24
 17  25
 18  25
 18  26
 18  30
 19  20
 19  22
 19  25
 19  30
 19  38
 20  33
 20  38
 21  26
 21  34
 22  27
 23  37
 24  29
 24  32
 24  33
 25  36
 25  39
 27  31
 27  38
 28  32
 28  33
 29  34
 29  35
 31  32
 31  33
 32  34
 33  34
 33  36
