# n=40 p=0.100 seed=1301
  0  15
  1  10
  1  11
  1  34
  2   3
  2   7
  2  13
  3  20
  3  35
  3  36
  4  27
  4  33
  5  15
  5  21
  5  34
  6  12
  6  15
  6  31
  7  18
  7  39
  8  21
  8  36
  8  39
  9  17
  9  30
 10  12
 10  13
 11  21
 12  16
 12  17
 12  27
 14  19
 14  37
 15  19
 15  26
 15  31
 15  36
 18  19
 18  32
 19  29
 19  35
 20  35
 21  30
 21  32
 22  27
 23  35
 24  34
 24  36
 27  28
 27  29
 27  36
 27  39
 28  34
 30  36
 33  36
 34  39
