# n=40 p=0.100 seed=1330
  0  11
  1   8
  1  21
  1  23
  1  24
  1  28
  2   8
  2  21
  2  32
  3  26
  3  36
  4  12
  4  19
  4  28
  4  29
  4  32
  5  14
  5  28
  5  29
  5  34
  6  11
  6  13
  6  14
  6  21
  6  31
  6  39
  7  10
  7  11
  8  17
  8  21
  8  24
  9  19
  9  23
 10  15
 11  18
 11  25
 11  37
 12  16
 12  19
 12  21
 12  22
 12  28
 13  26
 13  27
 14  15
 14  31
 15  24
 15  39
 16  26
 16  28
 16  38
 17  18
 18  25
 18  29
 18  38
 18  39
 19  29
 20  25
 20  26
 21  23
 21  27
 21  31
 22  28
 22  39
 23  24
 26  36
 28  30
 28  36
 30  31
 30  34
 30  39
 32  36
 33  39
 34  35
 35  36
