# n=40 p=0.100 seed=1303
  0   5
  0   9
  0  15
  0  24
  0  32
  1   9
  1  14
  1  17
  1  29
  1  30
  1  31
  2   6
  2  11
  2  20
  2  22
  2  23
  2  25
  2  29
  2  30
  3  10
  3  11
  3  22
  3  23
  3  25
  3  26
  4  23
  4  31
  4  35
  5  13
  5  14
  5  26
  5  28
  5  39
  6  19
  6  31
  7  17
  7  22
  8  12
  8  18
  8  38
  9  22
  9  24
  9  32
  9  34
 10  13
 10  23
 10  25
 10  26
 10  29
 11  13
 12  13
 12  23
 12  31
 13  20
 13  31
 13  34
 15  32
 15  33
 16  18
 16  25
 17  30
 18  19
 18  34
 18  35
 20  22
 20  33
 20  34
 21  23
 21  30
 21  32
 21  37
 21  39
 22  27
 22  28
 23  33
 23  37
 24  31
 25  29
 25  35
 26  36
 27  32
 28  33
 28  38
 29  32
 30  34
 32  36
 35  37
