# n=40 p=0.100 seed=1368
  0   6
  0   8
  0  36
  1   4
  1  21
  1  29
  1  38
  2   6
  2  10
  2  21
  2  33
  3  27
  4  17
  4  27
  5  16
  5  32
  6  28
  6  29
  7  30
  7  35
  8   9
  8  21
  9  20
  9  32
  9  36
 10  23
 10  39
 11  12
 11  21
 11  27
 12  19
 12  33
 13  20
 13  24
 14  16
 14  23
 15  19
 15  31
 16  18
 16  22
 16  29
 17  29
 17  35
 17  38
 18  19
 18  21
 18  27
 18  39
 19  23
 19  37
 20  27
 21  23
 21  33
 22  26
 22  37
 22  38
 23  24
 23  28
 23  39
 25  35
 28  38
 28  39
 29  34
 30  35
 33  37
 34  36
