# n=40 p=0.100 seed=1363
  0   2
  0   5
  0   7
  0  14
  0  15
  0  25
  1  21
  1  23
  1  25
  1  30
  1  32
  1  37
  2  20
  2  21
  2  24
  2  32
  2  39
  3   9
  3  16
  3  18
  3  19
  3  35
  4   6
  4   9
  4  10
  4  11
  4  12
  4  14
  4  16
  4  30
  5  12
  5  29
  6  11
  6  24
  6  25
  6  30
  7  32
  7  33
  8  21
  8  29
  9  33
  9  36
  9  37
 10  16
 10  20
 10  28
 10  39
 11  12
 11  18
 11  22
 11  27
 11  29
 11  36
 11  39
 12  15
 12  17
 12  36
 12  39
 13  17
 13  20
 13  21
 13  32
 13  38
 14  16
 14  19
 14  27
 15  20
 15  33
 15  38
 15  39
 16  18
 16  20
 16  26
 16  30
 16  32
 17  20
 17  31
 17  36
 17  39
 18  34
 18  35
 19  32
 20  34
 21  26
 24  29
 24  34
 24  38
 25  29
 25  31
 26  36
 28  34
 28  39
 29  31
 29  33
 30  31
 31  33
 32  34
 34  37
