# n=40 p=0.100 seed=1298
  0   7
  0   9
  0  15
  0  16
  1  23
  1  30
  1  31
  1  36
  2   6
  2   8
  2   9
  2  13
  2  23
  2  27
  2  33
  3   8
  3  17
  4   5
  4  10
  4  13
  4  20
  4  30
  4  37
  5   7
  5   8
  5   9
  5  36
  6  13
  6  33
  6  37
  6  38
  7  10
  7  14
  7  27
  7  28
  7  35
  8  25
  8  28
  9  10
  9  13
  9  15
  9  35
 10  13
 10  15
 10  27
 11  20
 11  27
 11  29
 11  33
 11  39
 12  37
 13  16
 13  26
 14  20
 14  25
 14  30
 15  29
 15  32
 15  37
 16  23
 16  24
 16  28
 16  32
 17  26
 18  22
 18  26
 18  28
 20  30
 21  31
 21  33
 21  39
 22  31
 22  32
 22  36
 22  37
 22  38
 23  30
 23  36
 23  38
 24  25
 24  36
 25  37
 26  27
 26  38
 27  30
 27  31
 27  36
 29  39
 31  33
 31  34
 33  35
