# n=40 p=0.100 seed=1263
  0  19
  0  32
  1   5
  1   7
  1  14
  1  21
  1  32
  2   8
  2  17
  2  25
  2  30
  3   8
  3  10
  3  30
  4  14
  4  20
  4  31
  4  35
  4  39
  5  10
  5  23
  5  27
  5  36
  7  14
  7  26
  7  32
  8  12
  8  13
  8  16
  8  21
  8  31
  8  32
  8  34
  9  18
  9  37
 10  24
 11  21
 11  35
 12  18
 12  20
 12  27
 12  28
 12  38
 14  29
 15  28
 15  38
 16  24
 16  32
 16  39
 17  19
 17  20
 17  25
 18  33
 18  34
 19  30
 19  35
 22  37
 23  32
 23  36
 24  33
 25  29
 27  30
 27  31
 27  38
 32  39
 35  39
 36  38
