# n=40 p=0.100 seed=1373
  0  24
  0  28
  1   2
  1   9
  1  24
  1  27
  1  35
  2   5
  2  11
  2  30
  3  10
  3  14
  3  26
  3  29
  3  36
  3  38
  4   6
  4  13
  4  14
  4  19
  4  21
  5  19
  5  25
  5  31
  5  32
  5  33
  6  16
  6  24
  7  17
  7  21
  7  30
  8  15
  8  32
  9  18
  9  22
  9  30
  9  32
  9  35
 10  22
 10  29
 10  31
 11  15
 11  23
 11  26
 11  30
 12  18
 12  22
 12  25
 12  32
 13  15
 13  20
 13  23
 13  39
 14  33
 15  35
 15  36
 16  18
 17  35
 17  36
 18  37
 19  23
 19  27
 19  33
 19  38
 19  39
 20  30
 21  26
 21  37
 22  28
 24  26
 24  35
 25  29
 26  35
 26  38
 27  31
 27  32
 28  29
 28  35
 30  34
 34  35
