# n=40 p=0.100 seed=1315
  0  14
  1   9
  1  11
  1  13
  2   4
  2   7
  2  12
  2  19
  2  25
  3  26
  4   6
  4  14
  4  16
  4  31
  4  34
  4  37
  5   8
  5  36
  6  15
  8  14
  8  15
  8  18
  8  26
  8  30
  9  27
  9  29
  9  35
  9  36
  9  38
 10  28
 10  31
 10  32
 11  38
 12  22
 12  34
 12  36
 13  16
 13  21
 13  22
 13  23
 14  15
 14  21
 14  24
 14  25
 14  28
 14  30
 14  33
 14  35
 16  23
 16  29
 16  35
 16  38
 17  21
 17  22
 17  30
 21  31
 21  35
 22  25
 23  28
 23  34
 24  26
 24  29
 24  39
 26  28
 27  34
 28  31
 29  35
 30  36
 30  38
 31  35
 31  36
 32  33
 34  37
 35  36
 35  39
