# n=40 p=0.100 seed=1300
  0  10
  0  15
  0  16
  0  17
  0  21
  0  31
  1   2
  1   5
  2   8
  2  24
  2  31
  2  33
  3  11
  3  25
  3  34
  3  35
  3  38
  4  10
  4  20
  5  20
  6  11
  6  31
  6  32
  6  38
  7  21
  7  27
  7  29
  7  30
  8  25
  9  12
 10  21
 10  25
 10  37
 12  13
 12  16
 12  18
 12  20
 12  34
 13  17
 13  25
 13  30
 13  33
 13  35
 14  18
 15  20
 15  21
 15  32
 15  34
 15  36
 16  18
 16  25
 16  32
 16  34
 17  19
 17  22
 18  19
 18  22
 18  29
 18  36
 18  37
 19  24
 19  25
 19  34
 19  36
 20  21
 20  28
 21  24
 21  35
 21  38
 22  24
 22  27
 22  29
 22  31
 22  33
 22  37
 23  24
 23  30
 24  29
 24  37
 25  26
 25  30
 25  37
 27  36
 30  39
 32  33
 32  35
