# n=100 p=0.100 seed=3567
  0   3
  0  10
  0  15
  0  16
  0  22
  0  31
  0  34
  0  35
  0  58
  0  60
  0  68
  0  79
  0  80
  1  37
  1  44
  1  58
  1  87
  1  91
  1  99
  2   8
  2  36
  2  38
  2  42
  2  51
  2  63
  2  67
  2  68
  2  72
  3   5
  3  11
  3  18
  3  20
  3  24
  3  27
  3  28
  3  37
  3  65
  3  67
  3  76
  3  91
  3  98
  4  16
  4  17
  4  33
  4  38
  4  39
  4  48
  4  55
  4  66
  4  74
  4  76
  4  92
  4  94
  5  28
  5  39
  5  42
  5  56
  5  57
  5  75
  5  79
  5  90
  6  12
  6  13
  6  14
  6  20
  6  35
  6  48
  6  50
  6  66
  6  71
  6  73
  6  87
  6  98
  7  14
  7  28
  7  30
  7  36
  7  37
  7  56
  7  78
  7  85
  8  12
  8  19
  8  36
  8  39
  8  54
  8  59
  8  61
  8  75
  8  84
  8  86
  8  97
  8  98
  9  24
  9  30
  9  40
  9  60
  9  84
  9  86
  9  97
  9  99
 10  18
 10  22
 10  24
 10  39
 10  54
 10  59
 10  81
 11  16
 11  20
 11  21
 11  24
 11  25
 11  30
 11  43
 11  48
 11  51
 11  66
 12  18
 12  31
 12  44
 12  51
 12  63
 12  67
 12  79
 13  17
 13  18
 13  21
 13  24
 13  50
 13  75
 13  97
 14  18
 14  33
 14  39
 14  46
 14  57
 14  71
 14  80
 14  95
 15  34
 15  39
 15  69
 15  72
 15  73
 15  82
 15  93
 16  17
 16  39
 16  55
 16  57
 16  59
 16  62
 16  68
 16  79
 16  84
 16  89
 16  90
 16  91
 16  93
 17  19
 17  25
 17  28
 17  67
 17  82
 18  19
 18  20
 18  21
 18  51
 18  73
 18  89
 18  96
 18  97
 19  42
 19  53
 19  61
 19  63
 19  64
 19  69
 19  75
 19  76
 19  83
 19  91
 20  32
 20  33
 20  38
 20  39
 20  83
 21  22
 21  24
 21  28
 21  46
 21  59
 21  86
 22  26
 22  31
 22  34
 22  36
 22  38
 22  39
 22  43
 22  44
 22  56
 22  92
 22  96
 23  26
 23  37
 23  40
 23  45
 23  47
 23  49
 23  55
 23  58
 23  77
 23  80
 23  82
 24  26
 24  30
 24  31
 24  33
 24  40
 24  46
 24  49
 24  92
 25  29
 25  30
 25  31
 25  38
 25  46
 25  58
 25  59
 25  62
 25  65
 25  82
 25  85
 26  28
 26  30
 26  31
 26  37
 26  38
 26  40
 26  45
 26  57
 26  88
 26  94
 27  28
 27  38
 27  40
 27  45
 27  50
 27  57
 27  61
 27  66
 27  90
 28  29
 28  31
 28  38
 28  39
 28  52
 28  61
 28  69
 28  86
 28  90
 29  30
 29  44
 29  52
 29  55
 29  58
 29  61
 30  41
 30  43
 30  50
 30  55
 30  59
 30  68
 30  80
 30  92
 30  99
 31  32
 31  68
 31  88
 31  98
 32  38
 32  39
 32  41
 32  54
 32  57
 32  66
 32  69
 32  70
 32  75
 32  83
 32  91
 33  49
 33  58
 33  59
 33  68
 33  84
 33  91
 33  94
 33  95
 33  98
 34  38
 34  42
 34  46
 34  49
 34  64
 34  68
 34  78
 34  83
 34  85
 34  98
 35  43
 35  51
 35  71
 35  74
 36  47
 36  56
 36  68
 36  71
 36  76
 36  79
 36  88
 36  95
 37  43
 37  49
 37  77
 37  78
 37  80
 37  97
 38  40
 38  46
 38  77
 38  88
 39  57
 39  58
 39  62
 39  68
 40  48
 40  52
 40  59
 40  68
 41  44
 41  66
 41  67
 41  81
 41  90
 42  61
 42  86
 42  90
 43  47
 43  55
 43  73
 43  83
 43  88
 44  45
 44  46
 44  52
 44  65
 44  68
 44  70
 44  84
 45  55
 45  92
 45  93
 45  94
 45  95
 46  59
 46  77
 46  88
 46  94
 46  95
 47  65
 47  81
 47  86
 47  93
 48  60
 48  85
 49  87
 49  97
 50  55
 50  57
 50  70
 50  74
 50  93
 50  95
 51  55
 52  71
 52  75
 53  70
 53  84
 53  99
 54  55
 54  59
 54  61
 54  67
 54  70
 54  76
 54  97
 55  76
 55  82
 55  86
 56  65
 56  70
 56  84
 56  86
 56  92
 56  94
 57  60
 57  73
 58  69
 58  73
 58  76
 58  82
 58  90
 58  96
 59  75
 59  80
 59  84
 59  92
 59  94
 60  62
 60  74
 60  75
 60  77
 60  79
 60  87
 60  89
 60  96
 61  78
 61  91
 61  94
 62  71
 62  90
 62  96
 63  67
 63  69
 63  89
 63  98
 64  69
 64  77
 64  87
 64  91
 64  94
 65  69
 65  91
 66  86
 66  93
 66  98
 67  71
 67  99
 68  71
 68  89
 68  91
 68  92
 68  93
 68  98
 69  71
 69  82
 69  87
 70  73
 70  87
 70  91
 71  95
 72  83
 72  91
 73  79
 73  85
 73  93
 73  94
 73  96
 74  78
 74  89
 75  84
 75  89
 76  97
 77  99
 78  99
 79  86
 79  89
 80  86
 81  83
 81  88
 82  86
 82  92
 82  98
 83  84
 83  89
 84  85
 84  93
 85  89
 86  89
 86  94
 87  88
 87  95
 88  95
 89  91
 90  99
 91  95
 92  97
 93  94
 93  98
 95  97
 96  98
