# n=100 p=0.100 seed=3547
  0   7
  0  11
  0  19
  0  52
  0  53
  1  14
  1  22
  1  23
  1  27
  1  36
  1  38
  1  41
  1  48
  1  56
  1  61
  1  65
  1  76
  1  79
  2  20
  2  22
  2  24
  2  36
  2  52
  2  61
  2  79
  2  94
  3  16
  3  17
  3  21
  3  27
  3  37
  3  55
  3  58
  3  59
  3  70
  3  74
  3  78
  3  82
  3  97
  4  22
  4  27
  4  28
  4  47
  4  58
  4  70
  4  72
  4  98
  4  99
  5  13
  5  17
  5  27
  5  95
  6   8
  6  13
  6  21
  6  39
  6  44
  6  53
  6  55
  6  56
  6  62
  6  64
  6  67
  6  76
  7   8
  7  10
  7  46
  7  51
  7  53
  7  58
  7  75
  7  92
  7  95
  8  32
  8  35
  8  47
  8  48
  8  56
  8  57
  8  59
  8  60
  8  63
  8  67
  8  94
  9  21
  9  37
  9  58
  9  66
  9  71
  9  73
  9  74
  9  81
  9  90
  9  99
 10  18
 10  51
 10  60
 10  61
 10  88
 10  91
 10  93
 10  97
 10  98
 11  24
 11  53
 11  78
 11  88
 11  95
 12  18
 12  22
 12  24
 12  57
 12  69
 12  76
 12  80
 12  92
 13  16
 13  17
 13  30
 13  54
 13  62
 13  69
 13  75
 13  80
 13  84
 13  94
 14  25
 14  40
 14  57
 14  66
 14  70
 14  74
 14  75
 14  79
 14  92
 14  96
 15  16
 15  18
 15  19
 15  22
 15  29
 15  40
 15  43
 15  45
 15  62
 15  66
 15  88
 15  89
 15  94
 16  26
 16  50
 16  59
 16  67
 16  72
 16  78
 16  81
 17  19
 17  43
 17  59
 17  75
 17  77
 17  90
 18  19
 18  23
 18  32
 18  38
 18  48
 18  70
 18  84
 18  89
 18  98
 19  21
 19  27
 19  31
 19  47
 19  48
 19  57
 19  61
 19  85
 19  86
 20  35
 20  38
 20  50
 20  64
 20  77
 20  86
 20  98
 21  33
 21  37
 21  40
 21  61
 21  64
 21  71
 21  90
 21  93
 22  36
 22  41
 22  44
 22  50
 22  54
 22  58
 22  64
 22  67
 22  74
 22  77
 22  94
 23  25
 23  37
 23  40
 23  46
 23  49
 23  76
 23  85
 23  87
 23  94
 24  30
 24  36
 24  40
 24  51
 24  56
 24  57
 24  64
 24  67
 24  86
 24  91
 24  95
 24  96
 24  98
 25  30
 25  59
 25  64
 25  76
 25  80
 25  82
 25  99
 26  35
 26  46
 26  70
 26  78
 27  28
 27  33
 27  34
 27  58
 27  60
 27  66
 27  67
 27  72
 27  99
 28  32
 28  37
 28  55
 28  71
 28  77
 28  80
 28  87
 29  32
 29  37
 29  43
 29  45
 29  47
 29  48
 29  59
 29  62
 29  87
 29  95
 30  31
 30  35
 30  39
 30  48
 30  69
 30  75
 30  92
 30  94
 31  35
 31  45
 31  46
 31  47
 31  52
 31  55
 31  65
 31  69
 31  79
 31  86
 32  42
 32  44
 32  47
 32  48
 32  49
 32  53
 32  55
 32  60
 32  76
 32  82
 32  83
 32  86
 32  90
 32  95
 33  39
 33  45
 33  48
 33  81
 33  93
 34  37
 34  41
 34  45
 34  67
 34  91
 35  56
 35  58
 35  63
 35  95
 35  96
 35  97
 36  47
 36  51
 36  52
 36  61
 36  89
 37  64
 37  65
 37  66
 37  85
 37  99
 38  45
 38  53
 38  63
 38  73
 38  99
 39  65
 39  69
 39  71
 39  83
 39  91
 40  47
 40  56
 40  62
 40  82
 40  90
 40  93
 40  95
 41  49
 41  52
 41  55
 41  68
 41  69
 41  98
 42  43
 42  60
 42  61
 42  87
 42  92
 43  44
 43  91
 43  94
 44  46
 44  47
 44  62
 44  65
 44  66
 44  93
 44  96
 45  61
 45  68
 45  74
 45  95
 45  97
 46  60
 46  65
 46  72
 46  73
 46  75
 46  84
 46  94
 46  99
 47  62
 47  64
 47  74
 47  90
 47  94
 48  49
 48  53
 48  71
 48  72
 48  74
 48  83
 48  90
 48  91
 48  96
 48  97
 49  60
 49  75
 49  76
 49  78
 49  85
 49  94
 49  99
 50  83
 50  85
 50  87
 50  95
 51  54
 52  55
 52  66
 52  68
 52  84
 52  93
 53  54
 53  63
 53  67
 53  68
 53  73
 53  75
 53  76
 53  78
 53  87
 53  88
 53  92
 54  63
 54  81
 54  85
 54  86
 54  87
 54  96
 55  58
 55  60
 55  69
 55  72
 55  79
 55  91
 56  70
 56  71
 56  86
 57  70
 57  72
 57  82
 57  88
 59  69
 59  87
 60  69
 60  99
 61  96
 62  82
 62  94
 63  67
 63  71
 63  72
 63  76
 63  85
 63  87
 63  89
 64  70
 64  76
 64  92
 66  72
 66  79
 66  81
 66  96
 67  70
 67  74
 67  87
 67  91
 68  73
 68  78
 68  89
 69  85
 69  87
 69  94
 70  94
 71  99
 72  80
 72  97
 74  76
 75  90
 75  96
 76  83
 76  84
 76  93
 76  95
 77  85
 78  83
 78  85
 81  92
 81  93
 83  88
 83  91
 83  95
 84  89
 85  91
 85  92
 86  87
 86  91
 86  97
 88  89
 88  90
 88  93
 89  91
 90  91
 91  96
 94  98
 94  99
 96  99
 97  98
