# n=100 p=0.100 seed=3501
  0  36
  0  38
  0  48
  0  52
  0  60
  0  78
  1   3
  1  14
  1  17
  1  18
  1  22
  1  37
  1  40
  1  73
  1  87
  1  89
  1  94
  2   6
  2  11
  2  12
  2  27
  2  41
  2  56
  2  68
  3   6
  3  13
  3  19
  3  31
  3  35
  3  42
  3  49
  3  50
  3  51
  3  71
  3  83
  3  92
  3  96
  4  20
  4  24
  4  41
  4  54
  4  59
  4  77
  4  89
  4  93
  5  24
  5  26
  5  29
  5  41
  5  48
  5  59
  5  63
  5  69
  5  72
  5  85
  5  93
  5  96
  6  18
  6  19
  6  22
  6  39
  6  47
  6  67
  6  68
  6  70
  6  71
  6  84
  6  89
  6  93
  6  96
  7  14
  7  21
  7  34
  7  43
  7  61
  7  70
  7  71
  7  96
  8  11
  8  28
  8  30
  8  32
  8  61
  8  80
  8  85
  8  91
  8  92
  9  12
  9  28
  9  29
  9  32
  9  44
  9  45
  9  47
  9  48
  9  49
  9  52
  9  72
 10  15
 10  23
 10  35
 10  59
 10  78
 10  79
 11  12
 11  13
 11  25
 11  38
 11  49
 11  67
 11  82
 11  83
 11  93
 12  18
 12  97
 13  21
 13  27
 13  39
 13  41
 13  50
 13  57
 13  62
 13  78
 13  81
 13  88
 13  98
 14  28
 14  33
 14  50
 14  67
 14  75
 15  25
 15  29
 15  38
 15  43
 15  47
 15  56
 15  60
 15  72
 15  79
 15  89
 15  99
 16  19
 16  34
 16  37
 16  63
 16  67
 16  70
 16  80
 16  89
 16  90
 16  95
 17  25
 17  31
 17  36
 17  39
 17  45
 17  47
 17  49
 17  68
 17  76
 17  81
 17  84
 17  95
 18  24
 18  39
 18  48
 19  22
 19  25
 19  26
 19  33
 19  37
 19  40
 19  70
 19  73
 20  23
 20  27
 20  37
 20  49
 20  53
 20  64
 20  65
 20  77
 20  79
 20  80
 20  86
 20  87
 20  88
 21  25
 21  42
 21  49
 21  60
 21  69
 21  76
 21  91
 21  95
 22  31
 22  43
 22  54
 22  56
 22  66
 22  68
 22  77
 22  82
 22  92
 23  24
 23  40
 23  52
 23  55
 23  65
 23  71
 23  83
 23  86
 23  95
 24  30
 24  40
 24  43
 24  55
 24  70
 24  74
 25  47
 25  58
 25  62
 25  79
 25  80
 26  32
 26  49
 26  86
 26  96
 27  28
 27  53
 27  63
 27  84
 28  34
 28  54
 28  61
 28  72
 28  82
 28  85
 28  86
 28  91
 28  93
 29  46
 29  47
 29  56
 29  80
 29  93
 30  33
 30  38
 30  44
 30  46
 30  48
 30  50
 30  61
 30  64
 30  74
 30  76
 30  77
 30  79
 30  86
 30  88
 30  93
 30  97
 30  98
 31  39
 31  42
 31  52
 31  58
 31  63
 31  74
 31  92
 32  36
 32  46
 32  58
 32  73
 32  97
 33  36
 33  44
 33  46
 33  48
 33  60
 33  69
 33  74
 33  77
 33  80
 33  81
 33  88
 33  91
 33  98
 34  55
 34  88
 34  92
 34  99
 35  46
 35  65
 35  67
 35  73
 35  86
 35  92
 35  99
 36  44
 36  50
 36  51
 36  58
 36  63
 36  71
 37  48
 37  57
 37  61
 37  72
 37  91
 38  45
 38  47
 38  76
 38  88
 38  92
 39  62
 39  65
 39  67
 39  71
 39  75
 39  81
 39  82
 39  93
 39  95
 39  96
 40  67
 40  86
 40  96
 41  54
 41  56
 41  59
 41  70
 41  78
 41  88
 41  89
 41  99
 42  55
 42  59
 42  66
 42  83
 42  85
 42  90
 42  94
 43  45
 43  46
 43  59
 43  61
 43  62
 43  65
 43  69
 43  98
 44  48
 44  66
 44  85
 44  90
 44  91
 45  46
 45  50
 45  61
 45  76
 45  82
 45  90
 45  91
 45  95
 46  52
 46  53
 46  60
 46  77
 46  87
 47  50
 47  94
 48  49
 48  54
 48  55
 48  58
 48  61
 48  68
 48  73
 48  81
 48  92
 49  55
 49  65
 49  70
 49  93
 49  96
 49  99
 50  61
 50  66
 50  74
 50  83
 50  85
 50  90
 50  98
 51  55
 51  71
 51  80
 51  81
 51  92
 52  55
 52  57
 52  70
 52  84
 53  55
 53  67
 53  81
 53  90
 53  96
 53  99
 54  67
 54  69
 54  77
 54  85
 55  58
 55  60
 55  83
 55  86
 55  88
 55  89
 55  91
 55  95
 55  96
 56  62
 56  65
 56  79
 56  85
 56  95
 56  97
 57  59
 57  64
 57  79
 57  96
 58  59
 58  63
 58  82
 58  85
 58  97
 59  68
 60  80
 60  89
 60  90
 61  85
 62  72
 62  74
 62  80
 62  85
 62  87
 63  64
 63  76
 63  78
 64  66
 64  68
 64  81
 64  84
 65  67
 65  91
 65  93
 65  96
 66  83
 66  85
 66  90
 67  69
 68  89
 68  99
 69  75
 69  83
 69  94
 70  73
 71  74
 71  78
 71  79
 72  91
 72  92
 73  87
 74  78
 74  93
 75  79
 75  94
 75  97
 75  99
 76  85
 79  84
 79  99
 80  94
 80  98
 81  86
 81  89
 82  95
 84  98
 85  87
 85  95
 85  96
 86  88
 86  98
 87  92
 87  98
 88  90
 90  94
 91  92
 91  98
 95  98
