# n=100 p=0.100 seed=3620
  0   3
  0  12
  0  33
  0  44
  0  69
  0  80
  0  91
  1  24
  1  27
  1  60
  1  64
  1  73
  1  78
  1  88
  1  93
  1  95
  2  19
  2  22
  2  42
  2  43
  2  60
  2  70
  2  73
  2  81
  2  93
  3   7
  3  11
  3  32
  3  35
  3  43
  3  50
  3  80
  3  90
  4  14
  4  18
  4  51
  4  59
  4  61
  4  66
  4  91
  4  92
  5  14
  5  57
  5  81
  5  86
  5  88
  5  89
  5  98
  6  17
  6  31
  6  51
  6  56
  6  58
  6  64
  6  66
  6  74
  6  78
  6  84
  6  87
  6  88
  6  98
  7  22
  7  31
  7  35
  7  40
  7  48
  7  56
  7  60
  7  64
  7  72
  7  93
  8  27
  8  66
  8  67
  8  72
  8  91
  8  92
  9  17
  9  28
  9  36
  9  42
  9  52
  9  64
  9  69
  9  80
  9  83
 10  17
 10  24
 10  31
 10  53
 10  58
 10  59
 10  62
 10  73
 10  77
 10  91
 10  94
 10  96
 10  99
 11  14
 11  18
 11  25
 11  33
 11  44
 11  60
 11  91
 11  92
 11  96
 11  97
 12  13
 12  14
 12  23
 12  28
 12  44
 12  64
 12  68
 12  91
 12  94
 13  29
 13  32
 13  40
 13  47
 13  49
 13  53
 13  55
 13  59
 13  73
 13  85
 13  94
 13  96
 14  24
 14  31
 14  41
 14  53
 14  55
 14  57
 14  66
 14  70
 14  91
 15  23
 15  45
 15  47
 15  56
 15  68
 15  69
 15  70
 15  80
 15  86
 15  88
 16  35
 16  37
 16  39
 16  47
 16  58
 16  68
 16  91
 17  26
 17  34
 17  49
 17  94
 18  23
 18  42
 18  51
 18  54
 18  71
 18  99
 19  64
 19  65
 19  84
 19  94
 20  31
 20  32
 20  37
 20  44
 20  48
 20  54
 20  59
 20  62
 21  39
 21  42
 21  48
 21  49
 21  52
 21  66
 21  86
 21  91
 22  34
 22  54
 22  69
 22  78
 22  92
 22  93
 22  97
 22  99
 23  24
 23  38
 23  45
 23  72
 23  79
 23  85
 23  89
 23  94
 23  95
 24  45
 24  53
 24  61
 24  67
 24  94
 24  95
 24  98
 25  55
 25  65
 25  76
 25  85
 26  48
 26  56
 26  65
 26  82
 27  43
 27  49
 27  57
 27  62
 27  73
 27  74
 27  81
 27  87
 27  94
 28  44
 28  49
 28  69
 28  74
 28  81
 28  86
 28  94
 29  32
 29  63
 29  76
 29  84
 30  36
 30  37
 30  59
 30  60
 30  62
 30  66
 30  69
 31  32
 31  41
 31  52
 31  53
 31  67
 31  78
 31  87
 31  93
 32  33
 32  48
 32  71
 32  73
 32  78
 32  79
 32  92
 32  98
 33  42
 33  75
 33  81
 33  91
 34  38
 34  41
 34  42
 34  55
 34  59
 34  68
 34  72
 34  74
 34  76
 34  95
 35  61
 35  76
 35  77
 35  90
 35  97
 35  99
 36  57
 36  74
 36  94
 37  44
 37  50
 37  63
 37  78
 37  97
 38  43
 38  50
 38  72
 38  73
 38  77
 38  84
 38  95
 39  46
 39  54
 39  63
 39  97
 40  46
 40  47
 40  56
 40  70
 40  75
 40  77
 40  82
 40  85
 40  92
 41  46
 41  72
 41  80
 41  83
 41  87
 41  90
 41  95
 42  55
 42  77
 42  78
 43  45
 43  48
 43  93
 44  50
 44  72
 44  76
 44  81
 44  85
 44  91
 44  93
 45  48
 45  76
 45  79
 45  98
 45  99
 46  51
 46  53
 46  56
 46  73
 46  76
 47  68
 47  73
 47  95
 48  50
 48  53
 48  54
 48  67
 48  69
 48  78
 48  90
 49  57
 49  58
 49  63
 50  53
 50  64
 50  71
 50  72
 50  73
 50  99
 51  53
 51  54
 51  56
 51  61
 51  80
 51  88
 52  56
 52  60
 52  61
 52  70
 52  75
 52  79
 52  86
 52  97
 52  99
 53  58
 53  64
 53  81
 53  93
 54  56
 54  72
 54  75
 54  83
 54  93
 55  57
 55  64
 55  70
 55  72
 55  79
 55  89
 56  99
 57  76
 57  94
 58  69
 58  80
 58  98
 59  72
 59  74
 59  84
 60  79
 60  86
 60  92
 60  95
 60  97
 61  70
 61  77
 62  68
 63  66
 63  85
 63  90
 64  91
 64  93
 64  97
 65  71
 65  72
 66  90
 67  79
 68  71
 68  72
 68  85
 69  80
 69  83
 69  86
 70  74
 70  96
 71  75
 71  83
 71  87
 72  76
 72  77
 72  78
 72  79
 72  81
 72  85
 72  90
 73  74
 73  93
 73  99
 74  81
 75  77
 75  82
 75  87
 75  91
 76  87
 76  90
 76  92
 76  95
 78  94
 78  95
 79  98
 80  99
 81  95
 82  90
 82  98
 83  84
 87  98
 88  95
 91  96
 91  97
 92  99
 95  98
