# n=100 p=0.100 seed=3528
  0   6
  0  16
  0  20
  0  33
  0  38
  0  61
  0  65
  0  66
  0  77
  0  88
  1   2
  1  12
  1  38
  1  56
  1  63
  1  64
  1  74
  1  80
  1  83
  1  88
  1  92
  2  23
  2  25
  2  26
  2  32
  2  36
  2  42
  2  52
  2  76
  2  82
  2  84
  3  43
  3  48
  3  49
  3  57
  3  70
  3  76
  3  77
  3  85
  3  91
  4  32
  4  34
  4  40
  4  44
  4  67
  4  73
  4  74
  4  79
  4  82
  4  83
  4  91
  4  96
  5   9
  5  31
  5  58
  5  67
  5  71
  5  72
  5  75
  6  10
  6  26
  6  50
  6  74
  6  82
  7  21
  7  39
  7  44
  7  60
  7  66
  7  74
  7  88
  7  94
  8  24
  8  44
  8  45
  8  47
  8  52
  8  57
  8  65
  8  70
  8  72
  8  85
  8  88
  9  34
  9  38
  9  51
  9  56
  9  67
  9  90
 10  24
 10  28
 10  30
 10  35
 10  74
 10  84
 10  89
 11  20
 11  26
 11  31
 11  37
 11  40
 11  44
 11  48
 11  51
 11  64
 11  68
 11  71
 11  88
 12  14
 12  26
 12  36
 12  40
 12  42
 12  44
 12  66
 12  76
 12  87
 12  96
 13  40
 13  47
 13  49
 13  59
 13  69
 14  22
 14  23
 14  46
 14  50
 14  53
 14  61
 14  63
 14  67
 14  89
 14  92
 14  99
 15  32
 15  49
 15  57
 15  76
 15  87
 15  95
 16  21
 16  23
 16  45
 16  51
 16  54
 16  65
 16  72
 16  78
 16  84
 16  88
 17  28
 17  30
 17  33
 17  38
 17  45
 17  50
 17  72
 17  74
 17  80
 17  83
 17  99
 18  19
 18  22
 18  26
 18  47
 18  50
 18  70
 18  81
 18  85
 18  96
 19  38
 19  69
 19  80
 19  88
 19  98
 20  24
 20  25
 20  40
 20  53
 20  76
 21  24
 21  25
 21  38
 21  49
 21  63
 21  76
 21  85
 21  90
 21  94
 21  99
 22  29
 22  68
 22  90
 23  51
 23  56
 23  64
 23  78
 23  79
 23  82
 24  32
 24  33
 24  35
 24  37
 24  76
 24  78
 24  81
 25  30
 25  47
 25  58
 25  76
 25  83
 25  87
 25  92
 26  36
 26  38
 26  42
 26  44
 26  45
 26  61
 26  76
 26  88
 26  90
 26  93
 27  30
 27  36
 27  42
 27  46
 27  50
 27  80
 27  99
 28  41
 28  42
 28  66
 28  89
 28  91
 28  97
 29  31
 29  34
 29  36
 29  45
 29  53
 29  78
 29  86
 29  92
 30  33
 30  68
 30  73
 31  33
 31  36
 31  44
 31  45
 31  49
 31  56
 31  58
 31  68
 31  82
 31  92
 31  94
 32  46
 32  51
 32  64
 32  66
 32  69
 32  76
 32  79
 32  82
 32  83
 32  86
 32  89
 32  93
 32  97
 32  99
 33  34
 33  40
 33  41
 33  44
 33  58
 33  82
 33  93
 33  95
 34  39
 34  69
 34  74
 34  78
 34  79
 34  82
 34  90
 35  58
 35  62
 35  73
 35  76
 35  96
 36  54
 36  62
 36  64
 36  69
 36  91
 37  39
 37  55
 37  57
 37  66
 38  45
 38  50
 38  52
 38  56
 38  77
 38  81
 38  94
 38  99
 39  65
 39  75
 39  89
 40  47
 40  63
 40  76
 40  86
 40  93
 40  99
 41  44
 41  73
 41  78
 41  93
 42  51
 42  67
 42  93
 42  99
 43  58
 43  66
 43  72
 43  84
 44  54
 44  65
 44  91
 45  54
 45  68
 45  75
 45  86
 45  89
 45  91
 46  64
 46  67
 46  80
 46  95
 46  98
 47  65
 47  66
 47  70
 47  77
 47  83
 47  87
 48  49
 48  51
 48  58
 48  75
 48  76
 48  88
 49  50
 49  51
 49  73
 49  77
 49  96
 51  52
 51  67
 51  75
 51  99
 52  53
 52  60
 52  73
 52  75
 52  79
 52  90
 53  54
 53  61
 53  64
 53  65
 53  66
 53  71
 53  79
 53  99
 54  67
 54  68
 54  69
 54  75
 54  79
 55  76
 55  77
 55  81
 55  89
 55  94
 55  99
 56  58
 56  67
 56  72
 57  59
 58  67
 58  72
 58  77
 58  79
 58  86
 58  94
 59  60
 59  62
 59  63
 59  72
 59  78
 59  84
 59  90
 59  97
 60  65
 60  76
 60  77
 61  62
 61  73
 61  81
 61  85
 61  90
 61  91
 61  92
 62  75
 62  83
 62  86
 62  90
 62  96
 63  66
 63  71
 63  76
 63  80
 64  82
 64  84
 64  88
 64  89
 65  76
 65  79
 66  78
 66  86
 67  70
 67  72
 67  80
 67  85
 69  72
 69  78
 69  82
 70  81
 70  89
 70  95
 71  86
 71  94
 71  95
 71  98
 72  87
 73  74
 73  97
 75  82
 75  95
 76  97
 76  98
 77  85
 77  89
 77  91
 77  93
 78  81
 78  83
 78  84
 78  86
 78  94
 79  80
 79  83
 79  93
 79  97
 80  89
 80  92
 82  83
 82  94
 82  98
 83  90
 85  94
 85  96
 86  93
 88  99
 89  93
 90  95
 91  95
 93  95
 94  98
 95  97
 98  99
