# n=100 p=0.100 seed=3521
  0   4
  0  18
  0  22
  0  33
  0  45
  0  55
  0  67
  0  71
  1   2
  1  14
  1  20
  1  35
  1  36
  1  47
  1  84
  1  85
  1  88
  1  97
  2   8
  2  15
  2  18
  2  36
  2  48
  2  52
  2  56
  2  85
  3  30
  3  31
  3  35
  3  46
  3  75
  3  78
  4   6
  4  20
  4  22
  4  35
  4  41
  4  68
  4  91
  5  10
  5  12
  5  18
  5  20
  5  21
  5  40
  5  49
  5  52
  5  65
  5  86
  5  93
  5  96
  6  14
  6  15
  6  25
  6  30
  6  39
  6  44
  6  48
  6  69
  6  70
  6  78
  6  82
  6  93
  6  94
  6  96
  7   9
  7  16
  7  17
  7  25
  7  33
  7  46
  7  47
  7  54
  7  58
  7  62
  7  66
  7  71
  7  73
  8  10
  8  17
  8  33
  8  40
  8  56
  8  61
  8  64
  8  68
  8  81
  8  91
  9  16
  9  28
  9  31
  9  38
  9  39
  9  47
  9  56
  9  60
  9  96
 10  16
 10  29
 10  44
 10  47
 10  53
 10  72
 10  73
 10  80
 11  36
 11  43
 11  57
 11  61
 11  88
 11  95
 12  15
 12  19
 12  30
 12  48
 12  64
 12  65
 12  66
 12  90
 12  91
 13  37
 13  44
 13  45
 13  47
 13  71
 14  24
 14  43
 14  47
 14  54
 15  32
 15  38
 15  49
 15  50
 15  58
 15  62
 15  75
 15  83
 15  84
 15  93
 16  21
 16  31
 16  55
 16  63
 16  95
 16  99
 17  18
 17  30
 17  33
 17  38
 17  65
 17  73
 17  94
 18  24
 18  31
 18  34
 18  45
 18  74
 18  77
 18  81
 18  90
 18  96
 19  21
 19  22
 19  23
 19  33
 19  39
 19  59
 19  71
 19  77
 19  86
 19  90
 19  94
 20  53
 20  59
 20  63
 20  78
 20  91
 21  24
 21  34
 21  62
 21  65
 21  85
 21  86
 21  90
 21  91
 21  93
 21  95
 22  24
 22  28
 22  29
 22  33
 22  38
 22  47
 22  87
 23  32
 23  66
 23  75
 23  88
 23  93
 23  98
 24  25
 24  48
 24  57
 24  58
 24  64
 24  74
 24  85
 25  26
 25  32
 25  40
 25  50
 25  54
 25  73
 25  77
 25  79
 25  80
 25  88
 25  94
 26  27
 26  48
 26  52
 26  63
 26  72
 26  86
 27  37
 27  57
 27  60
 27  79
 27  86
 28  31
 28  38
 28  48
 28  85
 28  94
 28  95
 29  31
 29  41
 29  47
 29  53
 29  71
 29  75
 29  78
 29  85
 29  95
 30  42
 30  64
 30  71
 30  77
 30  84
 30  98
 31  42
 31  48
 31  53
 31  56
 31  63
 31  74
 31  83
 31  89
 31  95
 32  46
 32  48
 32  65
 32  79
 32  84
 32  95
 33  43
 33  57
 33  71
 33  82
 34  43
 34  46
 34  48
 34  66
 34  69
 34  82
 34  84
 34  92
 34  98
 35  41
 35  43
 35  52
 35  87
 35  95
 36  42
 36  88
 36  89
 37  45
 37  50
 37  61
 37  68
 37  73
 37  76
 37  77
 37  94
 37  95
 37  97
 38  40
 38  43
 38  48
 38  62
 38  74
 38  84
 39  57
 39  68
 39  74
 39  85
 39  86
 39  96
 39  98
 40  43
 40  44
 40  57
 40  77
 40  87
 41  43
 41  54
 41  86
 41  94
 42  44
 42  58
 42  62
 42  84
 42  85
 43  47
 43  50
 43  61
 43  73
 43  91
 43  93
 43  95
 43  97
 44  52
 44  72
 44  79
 44  89
 45  52
 45  56
 45  57
 45  69
 45  81
 45  84
 45  87
 46  49
 46  51
 46  53
 46  54
 46  64
 46  72
 46  81
 46  84
 46  90
 46  92
 46  99
 47  63
 47  70
 47  80
 47  82
 47  89
 47  97
 48  78
 49  54
 49  70
 49  86
 49  94
 50  59
 50  69
 50  84
 50  92
 50  98
 51  62
 51  76
 51  83
 52  60
 52  68
 52  71
 52  80
 52  91
 52  93
 52  95
 53  61
 53  85
 53  93
 53  94
 54  65
 54  72
 54  86
 55  62
 55  64
 55  80
 55  86
 56  65
 56  66
 56  82
 57  68
 57  71
 57  96
 57  99
 58  67
 58  72
 58  89
 58  93
 58  95
 58  98
 59  66
 59  69
 59  73
 59  74
 59  80
 59  91
 60  62
 60  65
 60  73
 60  79
 60  94
 61  88
 61  90
 62  63
 62  67
 62  69
 62  89
 62  99
 63  67
 63  71
 63  83
 63  88
 63  92
 63  99
 64  67
 64  72
 64  88
 64  94
 65  66
 65  69
 65  70
 65  71
 65  88
 65  89
 65  96
 67  70
 67  81
 67  95
 68  83
 69  83
 69  85
 70  92
 70  99
 71  75
 71  77
 71  87
 71  98
 72  73
 73  77
 73  89
 74  82
 74  93
 74  99
 75  96
 76  77
 76  88
 76  91
 76  99
 77  90
 78  95
 79  92
 79  93
 80  90
 80  92
 80  93
 81  84
 81  85
 82  83
 82  85
 82  88
 82  94
 82  96
 83  85
 83  97
 84  85
 84  99
 85  93
 87  93
 87  99
 91  96
 91  98
 92  93
 92  96
 94  96
 94  99
 97  99
