# n=100 p=0.100 seed=3512
  0   8
  0  12
  0  15
  0  37
  0  62
  0  97
  1   7
  1   9
  1  12
  1  16
  1  17
  1  29
  1  55
  1  56
  1  74
  1  84
  1  93
  2   6
  2   9
  2  53
  2  55
  2  71
  2  72
  2  75
  2  96
  3   5
  3   9
  3  23
  3  24
  3  35
  3  46
  3  63
  3  66
  3  70
  3  72
  3  83
  3  98
  4   8
  4   9
  4  23
  4  50
  4  53
  4  54
  4  62
  4  73
  4  86
  5  27
  5  32
  5  82
  5  87
  5  99
  6  11
  6  16
  6  21
  6  24
  6  34
  6  51
  6  56
  6  71
  6  81
  6  93
  6  97
  7  30
  7  56
  7  57
  7  69
  7  92
  7  95
  8  10
  8  12
  8  30
  8  34
  8  52
  8  60
  8  73
  8  74
  9  10
  9  25
  9  26
  9  30
  9  31
  9  46
  9  62
  9  66
  9  67
  9  74
  9  76
  9  77
  9  83
  9  86
  9  92
 10  15
 10  18
 10  19
 10  20
 10  29
 10  79
 10  88
 10  89
 11  13
 11  35
 11  51
 11  74
 11  77
 11  84
 11  86
 11  99
 12  23
 12  24
 12  26
 12  33
 12  44
 12  45
 12  51
 12  63
 12  65
 13  20
 13  29
 13  32
 13  34
 13  68
 13  95
 14  38
 14  40
 14  48
 14  50
 14  71
 15  25
 15  44
 15  60
 15  71
 15  78
 15  87
 15  92
 16  19
 16  53
 16  60
 16  65
 16  75
 17  26
 17  32
 17  50
 17  95
 18  25
 18  49
 18  50
 18  54
 18  92
 19  25
 19  32
 19  66
 19  68
 19  76
 19  85
 19  90
 19  96
 19  99
 20  27
 20  32
 20  43
 20  47
 20  52
 20  85
 21  22
 21  30
 21  44
 21  66
 21  85
 22  28
 22  29
 22  43
 22  49
 22  71
 22  77
 22  80
 22  82
 23  26
 23  31
 23  41
 23  65
 23  66
 24  36
 24  47
 24  64
 24  65
 24  67
 24  71
 24  80
 25  29
 25  36
 25  40
 25  43
 25  61
 25  69
 25  73
 26  33
 26  40
 26  42
 26  45
 26  53
 26  87
 26  99
 27  35
 27  42
 27  45
 27  50
 27  54
 27  58
 27  85
 27  87
 28  34
 28  44
 28  70
 28  79
 28  84
 28  98
 29  34
 29  55
 29  57
 29  58
 29  67
 29  90
 29  94
 30  39
 30  51
 30  58
 30  59
 30  77
 30  99
 31  32
 31  39
 31  54
 31  56
 31  83
 31  95
 32  36
 32  38
 32  44
 32  46
 32  49
 32  50
 32  58
 32  74
 32  77
 32  80
 32  86
 32  88
 32  89
 33  38
 33  40
 33  56
 33  63
 33  65
 33  67
 33  92
 33  99
 34  35
 34  43
 34  51
 34  62
 34  65
 34  70
 34  78
 34  82
 34  88
 34  94
 35  47
 35  52
 35  71
 35  76
 35  81
 35  87
 35  89
 36  45
 36  58
 36  68
 36  73
 36  78
 36  81
 36  82
 36  92
 36  97
 37  40
 37  41
 37  53
 37  86
 37  87
 38  48
 38  52
 38  78
 38  90
 38  93
 38  98
 39  43
 39  59
 39  63
 39  65
 39  77
 39  79
 39  81
 40  58
 40  92
 41  49
 41  55
 41  66
 41  88
 41  99
 42  89
 43  50
 43  66
 43  72
 43  81
 43  94
 43  97
 44  49
 44  51
 44  54
 44  57
 44  86
 44  97
 45  52
 45  81
 45  87
 45  90
 46  53
 46  60
 46  65
 46  78
 46  89
 47  50
 47  58
 47  59
 47  83
 47  96
 48  49
 48  53
 48  58
 48  73
 48  76
 48  95
 49  57
 49  69
 49  75
 49  77
 49  80
 49  84
 49  93
 50  52
 50  59
 50  61
 50  62
 50  78
 50  83
 50  84
 50  93
 51  64
 51  67
 51  68
 51  70
 51  73
 51  76
 51  78
 51  82
 51  90
 52  71
 52  74
 52  81
 52  98
 53  65
 53  77
 53  87
 54  69
 54  71
 54  77
 54  97
 55  56
 55  59
 55  65
 55  86
 56  61
 56  63
 56  67
 56  72
 56  90
 56  99
 57  59
 57  69
 57  71
 57  77
 57  87
 58  71
 58  82
 58  84
 58  95
 59  62
 59  63
 59  69
 59  77
 59  84
 60  68
 60  97
 61  73
 61  99
 62  64
 62  67
 62  75
 62  79
 63  65
 63  69
 63  70
 63  84
 63  95
 63  98
 64  66
 64  67
 64  75
 64  91
 65  90
 65  96
 66  86
 66  99
 67  71
 67  79
 67  80
 68  82
 69  76
 70  79
 70  83
 70  90
 71  72
 71  79
 71  84
 71  90
 71  91
 71  96
 72  73
 72  76
 72  78
 72  79
 72  85
 72  98
 72  99
 73  81
 73  93
 74  77
 75  79
 75  86
 76  94
 76  98
 77  81
 77  88
 77  92
 77  96
 78  84
 78  95
 78  98
 80  85
 80  86
 80  98
 81  86
 81  92
 81  95
 82  93
 84  89
 84  90
 84  93
 85  87
 85  95
 86  89
 86  96
 88  91
 91  96
 91  98
 91  99
 92  93
 96  99
