# n=100 p=0.100 seed=3565
  0   2
  0   7
  0   9
  0  14
  0  19
  0  20
  0  39
  0  47
  0  50
  0  54
  0  55
  0  57
  0  63
  0  74
  0  92
  1  18
  1  25
  1  28
  1  32
  1  33
  1  68
  1  89
  2   3
  2  11
  2  30
  2  42
  2  51
  2  53
  2  65
  2  78
  2  79
  2  82
  2  84
  2  99
  3  12
  3  14
  3  18
  3  22
  3  26
  3  29
  3  37
  3  41
  3  43
  3  56
  3  76
  3  88
  4  28
  4  77
  4  79
  4  94
  5  11
  5  13
  5  14
  5  16
  5  19
  5  23
  5  37
  5  49
  5  67
  5  79
  6   7
  6  13
  6  19
  6  27
  6  30
  6  35
  6  36
  6  66
  6  76
  6  87
  7   9
  7  17
  7  22
  7  24
  7  35
  7  52
  7  55
  7  56
  7  66
  7  71
  7  72
  7  99
  8  10
  8  11
  8  23
  8  29
  8  35
  8  53
  8  65
  8  70
  8  79
  8  83
  9  12
  9  13
  9  16
  9  23
  9  33
  9  36
  9  41
  9  49
  9  68
  9  84
  9  91
  9  98
 10  28
 10  50
 10  61
 10  84
 10  86
 10  88
 11  13
 11  27
 11  60
 11  72
 11  89
 11  94
 11  99
 12  14
 12  26
 12  31
 12  56
 12  72
 12  80
 13  21
 13  32
 13  33
 13  34
 13  50
 13  59
 13  64
 13  75
 13  76
 13  82
 13  96
 14  17
 14  29
 14  39
 14  46
 14  53
 14  59
 14  70
 14  74
 14  86
 14  96
 15  25
 15  61
 15  70
 15  77
 15  93
 15  99
 16  36
 16  50
 16  70
 16  79
 17  38
 17  51
 17  65
 18  21
 18  33
 18  41
 18  46
 18  48
 18  54
 18  56
 18  62
 18  98
 18  99
 19  20
 19  26
 19  35
 19  36
 19  66
 19  68
 19  98
 20  22
 20  34
 20  41
 20  42
 20  43
 20  53
 20  57
 20  59
 20  61
 20  65
 20  68
 20  82
 21  32
 21  39
 21  42
 21  45
 21  57
 21  59
 21  62
 21  66
 21  86
 22  37
 22  38
 22  39
 22  42
 22  47
 22  56
 22  62
 22  63
 22  65
 22  68
 22  74
 22  80
 22  88
 23  53
 23  58
 23  65
 23  82
 23  83
 23  90
 23  91
 23  98
 24  29
 24  43
 24  49
 24  59
 24  61
 24  82
 24  90
 24  97
 24  99
 25  35
 25  57
 25  70
 25  71
 25  72
 25  82
 25  88
 25  96
 26  37
 26  43
 26  46
 26  59
 26  61
 26  72
 26  76
 26  80
 26  89
 26  92
 26  97
 27  45
 27  55
 27  62
 27  68
 27  81
 27  89
 27  90
 27  93
 27  97
 28  31
 28  37
 28  47
 28  50
 28  58
 28  61
 28  78
 28  98
 29  34
 29  45
 29  67
 29  71
 29  82
 29  92
 30  41
 30  44
 30  52
 30  63
 30  88
 30  89
 30  93
 30  95
 31  41
 31  49
 31  52
 31  62
 31  80
 31  83
 31  89
 32  34
 32  38
 32  47
 32  48
 32  57
 32  85
 32  88
 33  36
 33  40
 33  42
 33  57
 33  70
 33  80
 33  94
 33  95
 33  96
 34  47
 34  55
 34  63
 34  66
 35  40
 35  49
 35  53
 35  57
 35  60
 35  62
 35  73
 35  75
 35  97
 36  67
 36  69
 36  77
 37  40
 37  45
 37  82
 37  97
 38  58
 38  66
 38  70
 38  72
 38  76
 38  77
 38  87
 39  45
 39  50
 39  69
 39  78
 39  97
 40  41
 40  74
 40  84
 40  89
 40  97
 40  99
 41  43
 41  48
 41  52
 41  59
 41  62
 41  80
 41  83
 41  84
 42  48
 42  56
 42  64
 42  93
 43  54
 43  77
 43  80
 43  81
 43  89
 43  90
 44  51
 44  56
 44  67
 44  77
 44  83
 44  90
 44  94
 45  47
 45  49
 45  76
 45  77
 45  80
 45  92
 45  97
 46  50
 46  65
 46  99
 47  51
 47  69
 47  71
 47  86
 47  90
 48  49
 48  54
 48  57
 48  76
 48  98
 48  99
 49  52
 49  71
 49  72
 49  78
 49  90
 49  93
 50  62
 50  73
 50  83
 50  96
 51  52
 51  66
 52  56
 52  60
 53  69
 53  75
 53  77
 54  70
 54  82
 54  96
 54  97
 55  62
 55  69
 55  74
 55  79
 55  88
 56  65
 56  68
 56  79
 56  93
 56  96
 57  63
 57  65
 57  68
 57  71
 57  74
 57  85
 58  77
 58  81
 59  86
 60  63
 60  65
 60  75
 60  77
 60  78
 60  85
 60  88
 61  75
 61  77
 61  79
 62  66
 62  78
 62  83
 63  91
 63  92
 64  68
 64  76
 64  89
 64  95
 65  75
 65  76
 65  78
 65  89
 66  67
 66  71
 66  74
 66  78
 66  90
 66  97
 67  74
 67  87
 67  93
 67  96
 67  99
 68  69
 68  77
 68  78
 68  98
 69  86
 69  89
 69  95
 70  81
 71  78
 71  88
 71  90
 71  98
 72  75
 72  79
 72  82
 72  90
 74  77
 74  93
 74  96
 74  97
 75  85
 75  87
 75  95
 76  80
 76  83
 76  85
 77  81
 77  87
 78  85
 78  88
 78  91
 78  96
 78  97
 78  98
 79  85
 79  92
 80  91
 82  83
 82  84
 82  87
 82  88
 82  92
 82  99
 83  93
 87  97
 88  99
 89  95
 91  93
 91  99
 96  97
