# n=100 p=0.100 seed=3551
  0  13
  0  36
  0  45
  0  59
  0  64
  0  65
  0  73
  0  97
  1  16
  1  58
  1  68
  1  83
  2   9
  2  18
  2  20
  2  44
  2  50
  2  53
  2  65
  2  69
  3   5
  3  10
  3  11
  3  21
  3  45
  3  74
  3  79
  3  87
  4  19
  4  20
  4  27
  4  36
  4  52
  4  61
  4  62
  4  69
  4  75
  4  85
  4  90
  4  93
  5  44
  5  49
  5  68
  5  72
  5  80
  5  81
  5  87
  5  88
  5  89
  5  95
  6  12
  6  15
  6  18
  6  63
  6  73
  6  97
  7  13
  7  16
  7  45
  7  56
  7  73
  7  76
  7  77
  7  80
  7  86
  8  18
  8  24
  8  29
  8  31
  8  79
  8  80
  8  84
  8  89
  9  13
  9  28
  9  29
  9  31
  9  42
  9  48
  9  56
  9  61
  9  76
  9  79
  9  86
  9  87
 10  17
 10  19
 10  25
 10  28
 10  38
 10  46
 10  48
 10  52
 10  57
 10  60
 10  65
 10  66
 10  83
 10  85
 11  16
 11  22
 11  28
 11  39
 11  57
 11  73
 11  75
 11  89
 11  91
 12  27
 12  40
 12  55
 12  58
 12  65
 13  26
 13  43
 13  61
 13  67
 13  79
 13  83
 13  92
 14  30
 14  43
 14  63
 14  65
 14  71
 15  22
 15  29
 15  30
 15  57
 15  60
 16  20
 16  21
 16  23
 16  37
 16  63
 16  73
 16  80
 16  93
 17  21
 17  32
 17  33
 17  35
 17  49
 17  52
 17  55
 17  79
 17  80
 17  83
 17  86
 17  90
 17  92
 17  96
 17  98
 18  28
 18  45
 18  62
 18  72
 18  74
 18  88
 19  21
 19  31
 19  32
 19  64
 19  75
 19  79
 19  85
 19  88
 20  34
 20  39
 20  49
 20  55
 20  64
 20  71
 20  73
 20  81
 20  82
 20  83
 20  86
 20  95
 20  97
 21  28
 21  29
 21  31
 21  33
 21  36
 21  41
 21  58
 21  65
 21  67
 21  75
 21  83
 22  30
 22  34
 22  36
 22  37
 22  48
 22  59
 22  73
 22  74
 22  85
 22  86
 22  88
 22  95
 22  98
 23  33
 23  37
 23  39
 23  40
 23  43
 23  44
 23  56
 23  71
 23  73
 23  84
 23  87
 23  98
 24  46
 24  52
 24  58
 24  82
 24  83
 24  90
 25  27
 25  45
 25  66
 25  80
 25  92
 25  93
 25  98
 26  27
 26  32
 26  42
 26  78
 26  80
 26  91
 26  94
 27  32
 27  36
 27  45
 27  61
 27  62
 27  77
 27  86
 27  97
 27  98
 28  30
 28  47
 28  48
 28  54
 28  82
 28  90
 28  93
 28  95
 29  31
 29  40
 29  42
 29  47
 29  72
 29  83
 29  88
 30  32
 30  33
 30  38
 30  42
 30  45
 30  50
 30  52
 30  64
 30  67
 30  72
 30  79
 31  38
 31  42
 31  43
 31  73
 31  92
 31  93
 32  40
 32  51
 32  61
 32  65
 32  76
 32  90
 32  97
 33  37
 33  42
 33  43
 33  57
 33  60
 33  92
 33  93
 33  97
 34  38
 34  54
 34  59
 34  78
 34  91
 35  48
 35  60
 35  86
 35  97
 36  44
 36  50
 36  56
 36  61
 36  62
 36  74
 36  76
 36  80
 37  46
 37  49
 37  55
 37  84
 38  47
 38  64
 38  72
 38  73
 38  77
 39  41
 39  44
 39  54
 39  82
 39  96
 40  42
 40  48
 40  67
 40  80
 40  88
 40  95
 41  46
 41  51
 41  52
 41  75
 41  79
 41  82
 41  93
 41  95
 42  46
 42  64
 42  67
 42  72
 42  78
 42  82
 42  87
 43  47
 43  57
 43  67
 43  86
 43  93
 44  57
 44  63
 44  74
 45  56
 45  68
 45  88
 45  93
 46  48
 46  49
 46  56
 46  68
 46  72
 46  76
 46  79
 47  48
 47  51
 47  66
 47  77
 48  59
 48  78
 48  96
 48  97
 48  98
 49  54
 49  86
 50  87
 50  88
 50  89
 50  99
 51  57
 51  87
 51  89
 51  91
 52  58
 52  65
 52  67
 52  96
 53  81
 53  85
 53  89
 53  96
 54  69
 54  86
 54  87
 55  61
 55  66
 56  74
 56  80
 56  82
 56  86
 56  97
 57  59
 57  60
 57  64
 57  91
 58  65
 58  76
 58  78
 58  81
 58  85
 58  94
 59  70
 59  87
 59  94
 59  95
 60  62
 60  67
 60  91
 61  62
 61  75
 61  78
 61  99
 62  74
 62  83
 63  66
 63  79
 63  97
 63  98
 64  91
 65  67
 66  67
 66  69
 66  70
 66  75
 66  92
 67  71
 67  73
 67  78
 67  79
 67  84
 67  96
 69  76
 69  90
 69  94
 69  98
 70  79
 70  90
 71  78
 71  89
 71  97
 71  99
 74  75
 74  82
 74  98
 75  83
 75  87
 76  78
 76  85
 76  86
 78  93
 79  82
 81  86
 81  87
 81  95
 82  91
 85  91
 85  95
 85  97
 87  90
 87  91
 88  95
 92  97
 95  99
 96  97
 98  99
