# n=100 p=0.100 seed=3619
  0  35
  0  53
  0  62
  0  81
  0  84
  1   5
  1   7
  1  11
  1  14
  1  18
  1  20
  1  27
  1  45
  1  52
  1  67
  1  68
  1  70
  1  76
  1  92
  2   5
  2  16
  2  17
  2  18
  2  40
  2  44
  2  71
  2  77
  2  83
  2  86
  3   5
  3   8
  3  20
  3  26
  3  28
  3  30
  3  49
  3  59
  3  61
  3  73
  3  77
  3  80
  4  11
  4  21
  4  36
  4  45
  4  46
  4  55
  4  58
  4  83
  4  94
  4  95
  5   6
  5  15
  5  17
  5  25
  5  50
  5  55
  5  64
  5  81
  6  11
  6  17
  6  27
  6  32
  6  66
  6  83
  6  87
  6  90
  6  94
  6  97
  7   9
  7  15
  7  42
  7  46
  7  69
  7  73
  7  88
  7  90
  7  99
  8  20
  8  23
  8  25
  8  43
  8  52
  8  55
  8  67
  8  82
  8  84
  8  89
  8  94
  8  95
  9  12
  9  22
  9  25
  9  60
  9  62
  9  72
  9  90
  9  91
  9  93
 10  13
 10  16
 10  27
 10  29
 10  34
 10  50
 10  60
 10  61
 10  64
 10  69
 10  76
 10  82
 11  39
 11  58
 11  60
 11  67
 11  77
 11  92
 11  93
 11  95
 12  20
 12  25
 12  31
 12  35
 12  45
 12  47
 12  81
 12  83
 13  39
 13  42
 13  49
 13  64
 13  65
 13  71
 13  76
 13  83
 14  16
 14  36
 14  37
 14  55
 14  57
 14  65
 14  70
 15  23
 15  50
 15  66
 15  87
 16  30
 16  34
 16  40
 16  42
 16  55
 16  56
 16  62
 16  65
 16  72
 16  77
 16  83
 16  84
 16  87
 17  21
 17  34
 17  36
 17  46
 17  47
 17  49
 17  52
 17  87
 18  38
 18  43
 18  58
 18  65
 18  70
 18  75
 18  79
 18  81
 18  85
 18  92
 19  23
 19  24
 19  25
 19  46
 19  51
 19  53
 19  58
 19  71
 19  91
 19  93
 20  44
 20  64
 20  73
 20  74
 21  31
 21  32
 21  50
 21  53
 21  77
 21  80
 21  85
 21  86
 21  90
 22  23
 22  24
 22  27
 22  29
 22  44
 22  77
 22  94
 23  36
 23  42
 23  46
 23  58
 23  66
 23  86
 23  89
 24  29
 24  31
 24  50
 24  60
 24  62
 24  63
 24  78
 24  81
 24  86
 24  98
 25  33
 25  45
 25  57
 25  73
 25  87
 25  91
 26  27
 26  42
 26  53
 26  57
 26  67
 26  75
 26  77
 26  81
 26  85
 26  95
 26  98
 27  42
 27  50
 27  51
 27  63
 27  93
 28  32
 28  40
 28  52
 28  57
 28  65
 28  74
 28  99
 29  31
 29  53
 29  57
 29  58
 29  59
 29  60
 29  66
 29  71
 30  52
 30  61
 30  74
 30  82
 31  53
 31  60
 31  67
 31  92
 32  40
 32  43
 32  62
 32  78
 32  89
 32  90
 32  93
 32  97
 32  98
 33  39
 33  46
 33  49
 33  64
 33  65
 33  73
 33  76
 33  83
 33  87
 33  88
 34  54
 34  62
 34  73
 34  78
 34  84
 34  86
 34  99
 35  36
 35  37
 35  42
 35  45
 35  56
 35  65
 35  92
 36  45
 36  54
 36  67
 36  99
 37  58
 37  67
 37  78
 37  84
 38  43
 38  52
 38  72
 38  73
 38  81
 39  50
 39  70
 39  82
 39  87
 39  89
 39  98
 40  42
 40  50
 40  60
 40  64
 40  66
 40  69
 40  78
 40  80
 40  87
 40  92
 40  99
 41  58
 41  73
 41  83
 41  95
 42  55
 42  62
 42  69
 42  83
 42  90
 43  45
 43  57
 43  62
 43  65
 43  71
 43  83
 44  56
 44  57
 44  66
 44  70
 44  74
 44  85
 44  88
 45  50
 45  52
 45  71
 45  73
 45  77
 45  78
 45  79
 45  81
 45  92
 46  78
 46  82
 46  84
 46  98
 47  87
 47  88
 47  96
 48  73
 48  78
 48  80
 48  84
 48  99
 49  56
 49  71
 49  72
 49  77
 49  83
 49  88
 49  96
 50  52
 50  57
 50  68
 50  69
 50  73
 50  80
 50  81
 51  62
 51  65
 51  73
 51  84
 51  90
 51  93
 51  96
 52  72
 52  93
 53  54
 53  57
 53  61
 53  73
 53  76
 53  82
 53  83
 54  63
 54  75
 54  93
 54  98
 55  57
 55  72
 55  87
 55  91
 56  96
 57  70
 57  74
 57  80
 57  83
 57  95
 58  65
 58  68
 58  80
 58  86
 58  89
 59  78
 59  83
 60  62
 60  72
 60  83
 60  88
 60  95
 61  77
 61  79
 61  84
 61  98
 62  67
 62  68
 62  76
 62  95
 63  64
 63  79
 63  84
 64  70
 64  79
 64  82
 65  80
 65  82
 66  98
 67  71
 67  73
 67  82
 67  93
 68  69
 68  88
 69  81
 69  84
 70  76
 70  89
 70  95
 70  99
 71  78
 71  82
 71  83
 71  84
 72  78
 72  85
 72  88
 72  95
 73  75
 73  82
 73  91
 74  91
 74  96
 75  76
 75  81
 75  87
 76  77
 76  86
 76  94
 76  95
 77  78
 77  86
 77  88
 77  91
 78  80
 78  83
 78  89
 80  87
 81  87
 81  92
 81  99
 82  83
 82  87
 83  94
 83  97
 84  91
 85  93
 85  95
 86  91
 86  94
 87  88
 87  92
 87  97
 87  99
 89  91
 90  95
 93  94
 94  98
 96  97
