# n=50 p=0.100 seed=2043
  0   9
  0  16
  0  27
  0  33
  0  48
  1  27
  1  45
  1  47
  1  49
  2   7
  2   9
  2  10
  2  25
  2  41
  2  47
  3  10
  3  30
  3  37
  4  13
  4  16
  4  40
  5  12
  5  14
  5  22
  5  38
  6  14
  6  19
  6  30
  6  41
  6  48
  7  10
  7  21
  7  34
  7  37
  7  46
  8  36
  8  42
  9  16
  9  22
  9  42
 10  19
 10  36
 10  41
 10  45
 11  16
 11  18
 11  25
 11  29
 12  26
 12  32
 12  38
 13  18
 13  40
 14  15
 14  44
 15  39
 15  44
 15  47
 16  19
 16  21
 16  37
 16  46
 17  18
 17  30
 17  32
 17  33
 17  36
 18  23
 18  29
 19  26
 19  32
 19  33
 19  37
 19  47
 19  48
 20  26
 20  41
 20  45
 21  30
 22  26
 22  33
 22  44
 23  24
 23  27
 23  47
 25  26
 25  30
 25  49
 26  35
 26  42
 27  33
 27  42
 28  39
 28  48
 31  37
 31  38
 32  40
 32  41
 34  45
 35  37
 35  44
 35  48
 37  46
 38  46
 38  47
 39  42
 40  43
 41  46
 41  48
 42  46
 42  49
 43  45
 43  49
 47  48
