# n=50 p=0.100 seed=2035
  0   2
  0  17
  0  26
  0  41
  1   5
  1  13
  1  30
  1  31
  1  37
  1  38
  1  39
  2   3
  2   8
  2  13
  2  25
  2  29
  3  36
  3  37
  3  49
  4  19
  4  20
  4  22
  4  26
  4  33
  4  46
  5  24
  5  29
  5  33
  5  46
  6   9
  6  11
  6  12
  6  23
  6  32
  6  38
  7  10
  7  22
  7  23
  7  31
  7  33
  7  40
  8  17
  8  25
  8  45
  9  21
  9  34
  9  45
  9  48
 10  13
 10  17
 10  22
 11  12
 11  15
 11  44
 13  14
 13  39
 14  21
 14  35
 14  43
 15  17
 16  27
 16  28
 17  19
 17  31
 17  35
 17  36
 17  38
 18  41
 19  30
 21  37
 22  24
 22  42
 23  25
 23  29
 23  40
 23  45
 24  41
 24  43
 24  46
 25  45
 27  35
 27  36
 27  37
 29  44
 29  46
 30  36
 30  48
 31  35
 31  38
 32  35
 32  41
 33  36
 33  41
 33  46
 34  38
 35  47
 36  41
 36  44
 36  45
 37  39
 37  41
 37  43
 38  46
 38  49
 39  40
 39  42
 40  46
 41  49
 43  47
