# n=50 p=0.100 seed=2122
  0   8
  0  24
  0  29
  0  40
  0  42
  1  23
  1  31
  1  33
  1  37
  1  41
  1  45
  2  39
  2  41
  2  43
  2  45
  2  46
  3   5
  3   9
  3  13
  3  32
  3  41
  3  44
  4  13
  4  30
  4  41
  4  44
  4  48
  5   6
  5  10
  5  22
  6  22
  6  26
  6  27
  6  35
  6  44
  7  22
  7  34
  7  42
  8  10
  8  17
  8  22
  8  28
  8  44
  8  49
  9  34
  9  46
 10  11
 10  12
 10  16
 10  18
 10  22
 10  27
 10  33
 11  23
 11  24
 11  25
 11  26
 12  27
 12  28
 12  32
 12  44
 13  17
 13  24
 13  37
 13  38
 13  43
 13  45
 14  16
 14  20
 14  35
 14  42
 15  27
 15  36
 15  39
 16  18
 16  33
 16  40
 17  25
 18  24
 18  35
 19  21
 19  40
 20  27
 20  37
 21  41
 21  45
 22  33
 22  39
 22  43
 23  31
 23  35
 24  28
 24  36
 24  45
 25  30
 25  31
 25  42
 26  27
 26  29
 26  34
 26  40
 26  49
 27  33
 27  46
 28  33
 29  41
 29  42
 29  46
 30  38
 30  45
 31  38
 31  46
 32  36
 32  39
 32  49
 33  35
 34  37
 34  47
 35  41
 37  40
 38  41
 40  42
 40  47
 42  47
 44  45
 46  47
