# n=50 p=0.100 seed=2019
  0   1
  0   3
  0  18
  0  23
  0  31
  0  34
  0  39
  0  43
  1   7
  1  29
  2  25
  2  29
  2  33
  2  34
  3   7
  3  10
  3  11
  3  30
  3  36
  3  46
  4  18
  4  34
  4  40
  5   8
  5  10
  5  35
  5  39
  6   8
  6  18
  6  35
  6  42
  6  46
  7  11
  7  20
  7  35
  7  36
  7  41
  8  36
  8  37
  8  46
  9  31
  9  35
 10  16
 10  30
 10  34
 10  42
 11  13
 11  14
 11  18
 11  39
 12  17
 12  19
 12  23
 12  33
 12  44
 12  45
 13  14
 13  33
 14  33
 14  42
 14  47
 15  18
 15  24
 15  36
 15  39
 16  20
 16  27
 16  37
 17  21
 17  32
 17  43
 18  22
 18  44
 19  23
 19  25
 19  34
 19  39
 19  46
 20  21
 20  29
 20  30
 20  35
 21  23
 21  45
 22  39
 22  47
 23  39
 23  47
 24  28
 24  39
 26  30
 26  39
 27  41
 27  47
 27  49
 28  32
 28  40
 29  31
 30  38
 31  34
 31  45
 32  41
 32  44
 33  35
 33  36
 34  46
 35  36
 35  44
 36  40
 36  41
 37  41
 37  48
 38  41
 39  42
 40  49
 41  42
 42  43
