# n=50 p=0.100 seed=2040
  0  40
  1  13
  1  17
  1  31
  1  32
  1  37
  1  42
  2   4
  2  14
  2  25
  2  27
  2  32
  2  34
  2  39
  3   7
  3  10
  3  11
  3  12
  3  18
  3  19
  3  40
  4  31
  4  41
  4  49
  5  15
  5  18
  5  25
  5  27
  5  38
  5  47
  5  49
  6  10
  7  21
  7  30
  7  36
  8  25
  8  45
  9  19
  9  20
  9  25
  9  31
  9  32
  9  44
  9  46
  9  48
 10  12
 10  22
 10  30
 10  35
 10  38
 10  42
 10  43
 11  15
 11  26
 11  31
 11  33
 11  36
 12  16
 12  45
 13  16
 13  24
 13  48
 14  18
 14  28
 14  38
 14  47
 15  26
 15  27
 15  28
 15  37
 15  44
 15  48
 17  18
 17  22
 18  21
 18  25
 18  39
 18  43
 19  20
 19  32
 19  36
 20  23
 20  24
 20  29
 20  35
 21  33
 21  43
 22  23
 22  25
 22  38
 22  42
 22  47
 22  48
 23  32
 23  42
 24  35
 24  38
 24  39
 26  34
 26  46
 27  28
 27  36
 29  39
 29  43
 29  47
 30  36
 30  39
 30  41
 31  35
 31  42
 31  46
 31  48
 31  49
 32  36
 32  40
 35  46
 36  42
 37  38
 37  43
 38  46
 39  45
 39  48
 40  47
 44  48
