# n=50 p=0.100 seed=2099
  0   2
  0   5
  0  32
  0  47
  1  28
  1  48
  2   5
  2   6
  2   7
  2  24
  2  25
  2  46
  2  47
  3  14
  3  15
  3  22
  3  29
  3  35
  3  42
  3  48
  4  11
  4  18
  4  20
  4  33
  5  11
  5  15
  5  16
  5  22
  5  26
  5  28
  5  33
  5  42
  6   8
  6  14
  6  22
  6  26
  6  36
  6  37
  6  39
  7  18
  7  21
  7  22
  7  25
  7  31
  7  34
  8  13
  8  23
  8  40
  8  44
  8  48
  8  49
  9  15
  9  17
  9  42
 10  14
 10  19
 10  30
 10  36
 10  38
 10  40
 11  25
 11  26
 11  29
 11  34
 11  36
 12  14
 12  24
 12  38
 12  42
 12  43
 12  45
 12  47
 13  17
 13  35
 13  36
 13  38
 13  40
 13  47
 14  28
 14  48
 15  31
 15  37
 15  39
 16  17
 16  27
 16  28
 16  45
 17  24
 17  27
 17  33
 17  39
 18  20
 19  22
 19  27
 19  28
 19  35
 19  42
 20  23
 20  33
 20  40
 20  48
 21  24
 22  26
 22  46
 23  27
 23  31
 23  37
 23  44
 24  29
 24  35
 25  37
 25  39
 25  42
 26  29
 26  40
 26  44
 27  29
 27  35
 27  38
 27  49
 29  47
 30  32
 31  45
 32  33
 32  38
 32  48
 36  44
 40  44
 41  42
 42  45
 42  46
 43  44
 44  48
 45  49
 46  48
