# n=50 p=0.100 seed=2069
  0  14
  0  27
  0  32
  0  34
  0  46
  1   4
  1   9
  1  20
  1  41
  2  27
  2  42
  2  43
  2  49
  3  32
  3  45
  4   6
  4  18
  4  35
  4  36
  4  41
  4  47
  5  14
  5  30
  5  35
  6   9
  6  14
  6  21
  6  28
  6  31
  6  32
  6  38
  6  44
  6  46
  7  38
  7  46
  8  34
  8  45
  8  47
  9  10
  9  15
  9  30
  9  34
 10  18
 10  33
 10  38
 10  44
 10  47
 11  42
 12  14
 12  15
 12  37
 13  31
 13  41
 13  42
 14  19
 14  28
 14  40
 15  19
 15  27
 15  42
 16  36
 16  48
 17  26
 17  44
 17  47
 18  19
 18  23
 18  26
 18  31
 18  46
 18  48
 19  22
 19  26
 19  28
 19  30
 19  44
 19  47
 20  33
 20  39
 21  25
 21  49
 22  27
 22  44
 22  49
 23  25
 23  30
 23  47
 24  25
 24  38
 24  49
 25  41
 26  27
 26  28
 26  48
 27  45
 29  31
 29  37
 29  47
 30  43
 31  35
 31  47
 32  47
 33  43
 34  35
 34  46
 35  38
 36  40
 36  47
 37  38
 37  49
 41  45
 44  45
 46  47
 46  48
