# n=50 p=0.100 seed=2079
  0   7
  0  16
  0  17
  0  24
  0  25
  0  29
  0  36
  0  41
  0  42
  0  46
  1   9
  1  12
  1  13
  1  17
  1  35
  1  41
  1  42
  1  44
  2   8
  2   9
  2  15
  3  12
  3  13
  3  26
  3  47
  4  11
  4  17
  4  39
  4  42
  4  47
  5  13
  5  15
  5  35
  6   8
  6  17
  6  25
  6  26
  6  35
  6  49
  7  18
  7  28
  7  30
  7  43
  7  45
  8  11
  8  15
  8  18
  8  36
  8  40
  8  48
  9  18
  9  36
  9  48
 10  14
 10  25
 10  34
 10  49
 11  13
 11  29
 11  31
 11  34
 11  37
 11  46
 12  20
 12  22
 12  26
 12  46
 13  17
 13  28
 13  33
 13  34
 14  21
 14  24
 15  20
 16  33
 16  40
 16  45
 17  19
 17  43
 17  49
 18  31
 18  34
 18  44
 19  24
 19  33
 19  38
 19  40
 19  44
 19  45
 20  26
 20  29
 20  40
 21  24
 21  32
 21  42
 22  26
 22  31
 24  47
 25  29
 25  30
 25  47
 26  30
 26  34
 27  36
 27  37
 27  39
 27  46
 28  40
 30  31
 30  35
 30  36
 31  34
 31  36
 32  37
 32  48
 33  49
 34  38
 35  37
 35  40
 35  42
 35  45
 36  37
 37  42
 39  41
 40  41
 40  42
 40  43
 40  48
 43  46
 44  45
 44  48
 45  46
 45  49
