# n=50 p=0.100 seed=2028
  0   9
  0  32
  0  43
  0  46
  1  18
  1  28
  1  41
  1  45
  2  13
  2  17
  2  19
  2  27
  2  28
  2  32
  2  37
  3   4
  3  18
  3  19
  3  26
  3  37
  4   8
  4  21
  4  37
  4  47
  5  12
  5  14
  5  22
  5  28
  5  30
  5  35
  6  19
  6  33
  6  34
  7  14
  7  27
  7  31
  8  24
  8  29
  8  38
  9  11
  9  16
  9  28
  9  33
 10  12
 10  25
 10  27
 10  31
 10  41
 10  47
 10  48
 11  16
 11  23
 11  29
 11  30
 11  45
 12  19
 12  24
 12  26
 12  37
 12  38
 12  48
 13  29
 13  30
 13  32
 13  33
 13  35
 14  35
 15  24
 16  22
 16  31
 16  37
 16  41
 17  19
 17  20
 17  21
 18  28
 18  29
 18  44
 19  39
 20  22
 20  27
 21  22
 21  25
 21  42
 22  31
 22  37
 22  38
 22  47
 23  25
 23  46
 24  28
 24  29
 24  31
 24  45
 25  39
 26  33
 26  35
 27  28
 27  35
 27  39
 27  47
 28  48
 28  49
 30  32
 30  37
 30  49
 31  47
 31  49
 32  43
 32  47
 33  40
 34  47
 35  44
 36  37
 36  49
 37  43
 37  45
 38  41
 40  41
 40  44
 41  43
