# n=50 p=0.100 seed=2036
  0   6
  0   7
  0  18
  0  20
  0  22
  0  29
  1   2
  1  21
  1  29
  1  40
  2  20
  2  29
  2  34
  2  41
  2  46
  3  22
  3  41
  3  46
  4  20
  4  25
  4  30
  4  38
  4  39
  4  44
  4  48
  5   6
  5   7
  5  25
  5  36
  5  40
  6  12
  6  16
  6  21
  6  24
  6  25
  6  28
  6  40
  6  42
  7  20
  7  25
  7  27
  7  42
  8  13
  8  20
  8  21
  8  33
  8  43
  8  46
  9  16
  9  20
  9  23
  9  49
 10  11
 10  15
 10  27
 10  33
 11  25
 11  27
 11  30
 11  32
 11  42
 11  43
 12  35
 13  20
 13  38
 14  22
 14  27
 14  29
 14  39
 14  45
 15  22
 15  47
 16  19
 16  25
 16  27
 16  28
 16  43
 16  46
 16  47
 17  18
 17  23
 17  25
 17  28
 17  37
 18  25
 18  28
 18  31
 18  44
 19  35
 19  36
 19  41
 19  42
 19  45
 20  21
 20  24
 20  37
 20  44
 20  48
 21  24
 21  26
 21  27
 21  39
 21  45
 21  46
 22  29
 22  43
 23  37
 24  30
 24  31
 24  43
 24  44
 24  48
 25  26
 25  37
 25  48
 26  28
 26  46
 28  38
 28  47
 29  40
 29  42
 30  35
 30  39
 31  37
 31  46
 31  49
 32  33
 32  42
 33  41
 33  42
 33  44
 33  47
 33  48
 36  39
 36  40
 36  43
 36  44
 37  41
 37  44
 37  45
 37  49
 38  48
 39  41
 39  44
 40  48
 41  48
 42  44
 42  49
 43  49
