# n=50 p=0.050 seed=2716
  0  42
  1  16
  1  20
  1  28
  1  44
  2  37
  2  44
  3  22
  3  43
  3  48
  4   9
  4  19
  5   7
  6  15
  6  44
  7  31
  8  13
  8  17
  8  45
  9  18
  9  25
  9  43
 10  14
 10  17
 10  19
 10  24
 10  26
 10  41
 11  28
 11  48
 13  19
 13  32
 13  44
 14  43
 15  21
 15  36
 15  45
 16  28
 17  42
 18  49
 19  29
 20  30
 21  34
 22  40
 23  48
 25  37
 26  38
 27  37
 32  37
 34  40
 34  48
 35  43
 36  41
 37  49
 40  42
 42  45
 44  45
 48  49
