# n=50 p=0.050 seed=2708
  1   6
  1  45
  2  19
  3  18
  3  23
  3  29
  4  10
  4  12
  4  15
  4  25
  5  19
  5  21
  5  30
  5  35
  5  37
  6  15
  6  18
  6  28
  7  41
  8  40
  9  13
  9  42
 10  31
 10  34
 11  12
 11  22
 11  37
 11  45
 11  49
 12  25
 12  36
 13  31
 13  37
 14  22
 15  43
 16  35
 17  19
 17  20
 17  31
 17  38
 19  39
 19  41
 20  24
 20  34
 20  48
 23  32
 24  25
 24  27
 24  28
 24  33
 25  36
 27  48
 28  46
 29  31
 30  46
 31  32
 31  48
 32  35
 32  39
 32  47
 32  49
 34  36
 34  43
 34  45
 35  43
 36  39
 36  42
 40  42
 40  48
 44  49
 45  49
