# n=50 p=0.050 seed=2632
  0   4
  0   9
  0  17
  0  20
  0  41
  0  47
  1  37
  1  43
  1  45
  1  48
  2  16
  2  18
  2  21
  2  38
  2  44
  2  47
  3  14
  3  27
  3  43
  4  12
  5  18
  5  23
  6   9
  6  20
  7  22
  7  30
  8  13
  8  21
  8  27
 10  11
 10  14
 10  27
 10  37
 10  38
 11  15
 11  18
 11  37
 11  39
 11  41
 12  22
 12  23
 12  24
 12  42
 13  23
 14  40
 14  41
 15  19
 16  25
 16  32
 16  43
 16  44
 17  30
 19  34
 19  46
 20  21
 20  29
 22  34
 22  46
 23  38
 25  37
 26  35
 26  41
 27  47
 28  29
 28  30
 29  39
 29  47
 31  37
 31  38
 33  43
 34  37
 34  49
 39  41
 40  42
 41  45
