# n=50 p=0.050 seed=2724
  0   6
  0  12
  0  16
  0  32
  1  21
  1  28
  2  18
  2  27
  2  33
  3   6
  3  10
  3  29
  3  47
  3  48
  4  11
  4  36
  5  12
  5  22
  5  35
  5  41
  6  16
  6  30
  6  41
  8  24
  9  42
 10  42
 12  30
 12  39
 13  23
 14  38
 14  42
 14  45
 15  28
 16  33
 17  31
 18  25
 18  32
 20  23
 22  23
 23  33
 23  41
 25  40
 28  45
 30  36
 30  44
 31  46
 31  49
 32  37
 34  35
 35  41
 35  42
 35  48
 35  49
 36  43
 37  45
 39  48
