# n=50 p=0.050 seed=2643
  0   4
  0  30
  1  46
  3  29
  4   6
  4  16
  4  21
  4  36
  5  31
  5  37
  6  24
  6  33
  7  12
  7  21
  9  29
  9  33
  9  38
 10  32
 10  41
 11  34
 11  46
 11  47
 13  30
 13  39
 15  20
 15  35
 16  42
 16  46
 17  21
 17  23
 17  27
 17  40
 17  48
 18  19
 20  29
 20  39
 20  40
 21  48
 22  37
 23  48
 25  36
 25  41
 25  42
 26  28
 26  41
 28  32
 29  36
 29  37
 30  39
 32  36
 32  41
 34  38
 34  41
 34  49
 38  43
 38  48
 40  41
 40  46
 42  44
