# n=50 p=0.050 seed=2670
  0  19
  1  22
  1  23
  1  27
  1  32
  1  34
  1  43
  1  47
  2  21
  2  34
  3   8
  3  22
  3  45
  3  49
  4  29
  5  13
  5  20
  5  23
  5  31
  5  40
  6  19
  7  25
  7  27
  7  48
  9  14
  9  15
  9  19
 10  37
 10  46
 11  38
 12  29
 12  41
 13  28
 14  47
 16  19
 18  44
 19  40
 20  28
 20  49
 21  37
 21  46
 22  27
 22  32
 24  25
 25  40
 25  45
 26  28
 26  41
 27  36
 27  42
 29  34
 29  43
 31  32
 32  38
 33  44
 34  46
 36  44
 39  48
 46  48
