# n=50 p=0.050 seed=2629
  0   6
  0  13
  0  22
  0  48
  1  43
  2   5
  2  30
  4  40
  5  12
  5  31
  6   7
  6  16
  6  19
  6  21
  7  14
  7  20
  7  33
  7  34
  8  18
  8  28
  8  32
  8  36
  9  14
  9  15
  9  22
 10  11
 11  17
 11  26
 12  22
 12  27
 12  46
 13  20
 13  24
 13  26
 15  25
 15  49
 16  35
 16  48
 17  20
 17  32
 17  41
 19  33
 19  46
 21  39
 21  48
 22  28
 23  29
 23  34
 23  39
 24  39
 25  36
 27  29
 27  42
 30  35
 31  35
 33  39
 33  47
 37  47
 38  44
 42  44
 42  48
