# n=50 p=0.050 seed=2702
  1  17
  1  25
  1  39
  2   3
  2  15
  2  25
  2  42
  3  36
  3  37
  5   6
  6  20
  6  40
  8  22
  8  42
  9  24
  9  35
  9  42
 11  23
 11  24
 11  29
 11  37
 11  42
 11  46
 12  25
 13  40
 14  27
 14  48
 15  37
 17  19
 17  43
 18  32
 19  29
 19  37
 19  42
 20  44
 20  45
 20  46
 21  22
 21  27
 21  45
 22  26
 22  29
 22  43
 23  26
 24  31
 26  37
 26  40
 27  30
 29  44
 30  39
 31  35
 31  40
 32  38
 32  48
 33  37
 36  39
 36  44
 38  42
 43  49
 46  49
 48  49
