# n=50 p=0.050 seed=2697
  0   1
  0   5
  0   6
  0  20
  0  36
  0  46
  1  36
  2   6
  2  21
  2  31
  2  33
  2  41
  3  10
  3  11
  3  14
  4  15
  6  17
  7  16
  7  40
  8  28
  8  33
  9  16
  9  19
  9  37
 10  13
 10  24
 10  30
 12  41
 13  26
 13  42
 14  17
 14  27
 14  28
 14  33
 16  17
 16  26
 16  31
 16  43
 17  37
 17  48
 18  43
 19  24
 19  26
 19  30
 19  33
 19  34
 20  42
 20  49
 22  24
 22  32
 22  33
 23  42
 24  29
 24  33
 24  35
 25  39
 25  46
 27  47
 28  30
 29  39
 29  46
 29  48
 30  45
 30  46
 33  39
 33  47
 33  48
 35  42
 35  43
 38  46
 40  41
