# n=50 p=0.050 seed=2722
  0   8
  0   9
  0  21
  0  27
  0  46
  2  45
  3  11
  3  22
  4  17
  4  44
  5  32
  5  41
  6  13
  6  18
  6  25
  6  32
  6  33
  6  34
  7  10
  7  32
  7  45
  8  23
  9  26
  9  44
  9  45
 10  15
 10  32
 10  35
 10  39
 12  40
 12  47
 13  24
 15  17
 15  20
 16  27
 16  42
 17  21
 17  25
 17  48
 18  30
 19  35
 21  37
 22  31
 22  46
 23  27
 24  28
 24  43
 25  33
 26  33
 26  42
 27  29
 29  41
 29  43
 31  32
 35  45
 36  37
 36  39
 37  41
 37  44
 38  49
 40  46
 42  43
