# n=50 p=0.050 seed=2737
  0  15
  0  20
  0  30
  0  36
  0  43
  1  13
  1  32
  2  29
  2  31
  3  22
  4  32
  4  47
  5  13
  5  21
  5  38
  5  42
  6  13
  6  15
  6  27
  7  46
  9  10
  9  16
  9  41
 10  22
 10  43
 11  17
 11  41
 11  49
 12  38
 12  49
 13  45
 14  19
 14  31
 14  38
 14  40
 14  41
 15  27
 15  29
 15  36
 16  20
 16  29
 16  48
 17  26
 18  21
 18  40
 18  41
 19  41
 19  45
 20  29
 20  33
 20  44
 20  47
 20  48
 21  30
 21  31
 21  35
 21  38
 23  25
 24  25
 24  33
 24  43
 25  34
 25  35
 25  36
 25  40
 26  35
 26  41
 30  32
 30  41
 32  46
 34  44
 39  40
 40  48
 41  42
 43  48
