# n=50 p=0.050 seed=2628
  0   2
  0  18
  1   8
  2  42
  2  49
  3   5
  3  48
  4  14
  4  28
  4  31
  5   9
  5  14
  6  17
  6  22
  6  24
  6  42
  7  13
  7  28
  7  36
  7  37
  8  36
  9  14
  9  21
 11  12
 11  20
 11  41
 11  43
 12  17
 12  22
 13  22
 13  40
 14  20
 15  37
 15  47
 16  30
 16  37
 16  43
 17  39
 17  42
 18  41
 19  29
 19  35
 19  43
 20  21
 20  49
 21  28
 21  40
 22  39
 22  46
 25  47
 26  33
 26  35
 27  29
 28  31
 28  39
 29  39
 29  42
 31  40
 31  45
 31  46
 33  37
 35  48
 36  47
 38  48
 39  44
 39  47
 41  42
