# n=50 p=0.050 seed=2703
  0  27
  0  47
  1  19
  1  21
  2  23
  3   9
  4   9
  4  32
  4  33
  4  45
  5  21
  5  27
  6  30
  6  48
  7  31
  7  37
  8  46
  9  11
  9  13
  9  22
 10  30
 11  15
 11  22
 12  30
 13  14
 13  45
 13  46
 13  47
 14  24
 15  38
 16  29
 16  34
 17  29
 19  26
 19  42
 19  47
 22  26
 22  47
 23  47
 24  30
 24  48
 25  28
 26  33
 26  49
 27  43
 30  32
 30  47
 31  33
 32  45
 32  48
 34  38
 36  47
 38  42
 42  48
 43  44
 43  49
