# n=100 p=0.010 seed=3933
  0  15
  0  96
  1  41
  1  68
  1  95
  2  19
  2  42
  3  85
  4  45
  5  28
  5  91
  7  77
  8  11
  8  32
  8  67
  8  86
 12  37
 13  50
 13  88
 14  25
 14  41
 15  25
 17  61
 17  85
 19  32
 21  67
 22  51
 24  72
 24  77
 26  71
 27  54
 28  46
 28  83
 30  63
 31  48
 32  41
 34  90
 36  43
 36  73
 38  45
 40  83
 42  66
 42  80
 45  47
 45  81
 47  70
 56  62
 62  72
 62  98
 63  82
 65  68
 65  72
 65  98
 66  95
 67  68
 67  79
 71  85
 76  92
 77  93
 82  88
 87  95
 89  90
