# n=100 p=0.010 seed=3982
  0  61
  2  15
  2  30
  2  32
  2  43
  3  63
  5  34
  5  44
  7  66
  7  73
  8  20
 10  67
 10  77
 11  36
 11  86
 12  24
 13  21
 13  67
 15  91
 16  38
 16  51
 17  29
 18  38
 19  96
 20  79
 21  41
 23  68
 25  56
 26  40
 26  64
 26  76
 27  82
 28  81
 32  74
 32  81
 33  44
 36  60
 37  42
 38  42
 39  67
 43  61
 43  87
 45  63
 47  88
 48  91
 49  65
 49  98
 54  56
 54  69
 57  86
 61  68
 62  99
 63  67
 72  87
 78  91
 89  91
