# n=100 p=0.010 seed=3968
  0   7
  0  87
  1  24
  1  68
  2  92
  4  44
  5  76
  5  82
  6  37
  7  17
  8  51
 15  28
 15  35
 15  60
 17  43
 18  81
 19  53
 20  65
 20  72
 21  63
 22  28
 22  39
 25  90
 26  75
 28  99
 29  38
 29  65
 29  86
 31  86
 31  99
 33  57
 33  88
 35  48
 35  54
 35  63
 38  65
 39  74
 42  75
 49  57
 49  71
 52  65
 53  75
 54  99
 57  60
 58  99
 61  99
 69  71
 70  93
 72  85
 73  97
 77  85
 80  93
 88  90
 91  96
 97  98
