# n=100 p=0.010 seed=3882
  0  34
  1  35
  1  55
  2  22
  2  85
  3  48
  4  35
  6  61
  6  63
  8  51
  8  53
  9  18
  9  62
 10  53
 10  63
 10  75
 11  71
 11  73
 12  43
 13  14
 13  29
 13  86
 15  24
 16  43
 17  51
 17  69
 17  85
 18  89
 21  65
 21  78
 22  39
 22  94
 23  31
 23  77
 25  69
 26  56
 28  33
 28  80
 29  30
 29  73
 29  91
 36  38
 37  56
 38  76
 41  89
 45  94
 46  93
 46  98
 51  82
 52  61
 54  95
 58  74
 62  67
 63  65
 64  65
 64  97
 65  92
 65  99
 72  86
 74  79
 75  98
 85  89
