# n=100 p=0.200 seed=4479
  0   1
  0   3
  0   6
  0  12
  0  20
  0  21
  0  31
  0  34
  0  37
  0  43
  0  47
  0  48
  0  51
  0  68
  0  70
  0  74
  0  83
  0  84
  0  93
  0  96
  0  98
  0  99
  1   2
  1   3
  1   4
  1   7
  1   8
  1  11
  1  16
  1  19
  1  21
  1  26
  1  34
  1  39
  1  42
  1  62
  1  63
  1  65
  1  68
  1  73
  1  75
  1  76
  1  79
  1  85
  1  86
  1  92
  1  95
  1  98
  2   5
  2   7
  2  11
  2  15
  2  19
  2  25
  2  26
  2  29
  2  32
  2  35
  2  40
  2  43
  2  46
  2  62
  2  67
  2  69
  2  76
  2  85
  2  86
  3   6
  3   7
  3   8
  3  13
  3  32
  3  33
  3  47
  3  52
  3  65
  3  69
  3  79
  3  80
  3  83
  3  93
  3  94
  3  96
  4  14
  4  17
  4  26
  4  28
  4  31
  4  35
  4  36
  4  37
  4  41
  4  42
  4  61
  4  66
  4  76
  4  82
  4  83
  4  89
  4  92
  4  96
  5  17
  5  23
  5  25
  5  43
  5  45
  5  49
  5  57
  5  59
  5  70
  5  72
  5  74
  5  76
  5  78
  5  86
  5  92
  6   9
  6  26
  6  28
  6  32
  6  36
  6  41
  6  45
  6  47
  6  52
  6  56
  6  57
  6  62
  6  70
  6  85
  6  88
  6  94
  6  96
  6  99
  7  11
  7  12
  7  13
  7  15
  7  21
  7  24
  7  29
  7  31
  7  33
  7  35
  7  38
  7  45
  7  48
  7  56
  7  60
  7  62
  7  66
  7  67
  7  69
  7  78
  7  79
  7  81
  8  12
  8  23
  8  24
  8  34
  8  41
  8  46
  8  69
  8  72
  8  81
  8  84
  8  88
  8  90
  9  12
  9  21
  9  24
  9  25
  9  35
  9  36
  9  42
  9  51
  9  71
  9  72
  9  78
  9  83
  9  87
  9  93
 10  12
 10  16
 10  22
 10  26
 10  32
 10  35
 10  40
 10  41
 10  42
 10  43
 10  46
 10  48
 10  50
 10  54
 10  57
 10  58
 10  67
 10  70
 10  74
 10  75
 10  77
 10  88
 10  89
 10  90
 10  92
 11  13
 11  18
 11  25
 11  27
 11  36
 11  42
 11  43
 11  46
 11  49
 11  56
 11  57
 11  58
 11  66
 11  70
 11  73
 11  75
 11  96
 12  17
 12  18
 12  28
 12  31
 12  42
 12  45
 12  48
 12  49
 12  57
 12  58
 12  61
 12  76
 12  81
 12  88
 12  96
 13  17
 13  23
 13  26
 13  36
 13  38
 13  39
 13  49
 13  57
 13  62
 13  66
 13  76
 13  84
 13  86
 13  92
 13  96
 13  97
 13  98
 14  18
 14  28
 14  29
 14  32
 14  36
 14  44
 14  52
 14  53
 14  70
 14  82
 14  85
 14  86
 14  87
 14  91
 15  21
 15  27
 15  28
 15  35
 15  36
 15  38
 15  43
 15  47
 15  49
 15  52
 15  57
 15  58
 15  64
 15  65
 15  67
 15  69
 15  71
 15  72
 15  74
 15  76
 15  85
 15  87
 15  88
 15  99
 16  18
 16  19
 16  26
 16  31
 16  35
 16  50
 16  58
 16  70
 16  74
 16  79
 16  80
 16  83
 16  94
 16  97
 17  18
 17  19
 17  20
 17  22
 17  27
 17  36
 17  54
 17  55
 17  56
 17  70
 17  71
 17  73
 17  77
 17  88
 17  89
 17  91
 17  96
 17  99
 18  21
 18  33
 18  36
 18  38
 18  39
 18  41
 18  44
 18  52
 18  56
 18  57
 18  61
 18  63
 18  84
 18  87
 18  91
 18  94
 18  95
 19  27
 19  29
 19  38
 19  44
 19  49
 19  56
 19  57
 19  60
 19  71
 19  77
 19  80
 19  81
 19  91
 19  94
 19  99
 20  22
 20  25
 20  39
 20  58
 20  59
 20  60
 20  71
 20  78
 20  87
 20  91
 20  93
 20  94
 20  95
 21  26
 21  28
 21  33
 21  42
 21  50
 21  56
 21  58
 21  61
 21  63
 21  64
 21  65
 21  75
 21  76
 21  99
 22  24
 22  43
 22  54
 22  58
 22  67
 22  74
 22  79
 22  90
 23  27
 23  34
 23  40
 23  52
 23  61
 23  63
 23  73
 23  77
 23  81
 23  82
 23  93
 24  26
 24  29
 24  31
 24  35
 24  41
 24  42
 24  43
 24  48
 24  50
 24  64
 24  68
 24  69
 24  76
 24  78
 24  79
 24  82
 24  83
 24  84
 24  90
 24  92
 24  94
 24  96
 24  97
 24  98
 24  99
 25  28
 25  36
 25  37
 25  50
 25  52
 25  55
 25  66
 25  71
 25  76
 25  77
 25  83
 25  93
 25  94
 26  27
 26  35
 26  36
 26  37
 26  38
 26  40
 26  41
 26  47
 26  53
 26  64
 26  65
 26  66
 26  67
 26  69
 26  76
 26  80
 26  82
 26  84
 26  93
 26  95
 26  98
 27  29
 27  31
 27  36
 27  37
 27  39
 27  40
 27  45
 27  50
 27  63
 27  68
 27  78
 27  79
 27  81
 27  93
 27  96
 28  29
 28  33
 28  34
 28  35
 28  38
 28  41
 28  42
 28  45
 28  51
 28  55
 28  59
 28  61
 28  64
 28  72
 28  75
 28  83
 28  87
 28  88
 29  30
 29  40
 29  50
 29  60
 29  62
 29  64
 29  68
 29  71
 29  76
 29  80
 29  81
 29  83
 29  91
 29  97
 29  98
 30  48
 30  49
 30  71
 30  73
 30  78
 30  83
 30  87
 30  92
 30  93
 30  94
 31  46
 31  51
 31  56
 31  59
 31  61
 31  64
 31  65
 31  67
 31  69
 31  72
 31  78
 31  86
 31  93
 31  96
 32  33
 32  39
 32  40
 32  41
 32  43
 32  46
 32  47
 32  52
 32  53
 32  60
 32  61
 32  68
 32  71
 32  74
 32  77
 32  96
 33  50
 33  55
 33  64
 33  71
 33  75
 33  76
 33  77
 33  80
 33  87
 33  93
 33  97
 34  39
 34  47
 34  49
 34  56
 34  59
 34  62
 34  66
 34  67
 35  39
 35  43
 35  45
 35  49
 35  52
 35  65
 35  66
 35  68
 35  73
 35  79
 35  85
 35  86
 35  93
 36  39
 36  46
 36  48
 36  50
 36  52
 36  54
 36  58
 36  59
 36  61
 36  69
 36  70
 36  78
 36  93
 36  95
 37  38
 37  47
 37  51
 37  65
 37  72
 37  73
 37  75
 37  78
 37  79
 37  94
 37  95
 37  96
 38  53
 38  64
 38  78
 38  80
 38  86
 38  87
 38  98
 39  41
 39  47
 39  57
 39  63
 39  82
 39  83
 39  85
 39  88
 39  96
 39  99
 40  44
 40  45
 40  46
 40  47
 40  51
 40  54
 40  57
 40  63
 40  65
 40  69
 40  75
 40  78
 40  85
 40  90
 40  93
 41  44
 41  57
 41  60
 41  61
 41  62
 41  73
 41  74
 41  78
 41  83
 41  88
 41  91
 41  93
 41  96
 42  49
 42  50
 42  52
 42  60
 42  84
 42  85
 42  87
 42  89
 42  99
 43  52
 43  72
 43  79
 43  81
 43  85
 43  87
 44  51
 44  55
 44  59
 44  64
 44  70
 44  75
 44  79
 44  80
 44  81
 44  82
 44  83
 44  86
 44  98
 44  99
 45  59
 45  69
 45  71
 45  81
 45  83
 45  92
 46  52
 46  53
 46  59
 46  64
 46  70
 46  77
 46  79
 46  81
 46  82
 46  84
 46  87
 46  89
 46  96
 46  97
 47  51
 47  58
 47  59
 47  61
 47  69
 47  71
 47  73
 47  76
 47  93
 47  98
 48  56
 48  62
 48  76
 48  90
 48  91
 48  98
 49  56
 49  61
 49  63
 49  78
 49  81
 49  90
 50  56
 50  66
 50  67
 50  80
 50  85
 50  90
 51  53
 51  54
 51  67
 51  74
 51  78
 51  81
 51  84
 51  87
 51  95
 51  98
 52  63
 52  70
 52  72
 52  81
 52  82
 52  88
 52  89
 52  90
 52  98
 53  54
 53  55
 53  59
 53  60
 53  72
 53  74
 53  76
 53  79
 53  81
 53  89
 54  66
 54  72
 54  75
 54  77
 54  83
 54  84
 54  88
 54  90
 54  95
 55  58
 55  66
 55  71
 55  73
 55  76
 55  77
 55  82
 55  86
 55  87
 55  94
 55  97
 56  63
 56  68
 56  73
 56  75
 56  86
 56  92
 56  98
 57  58
 57  61
 57  64
 57  68
 57  70
 57  73
 57  86
 57  87
 57  89
 57  91
 57  92
 57  94
 57  98
 58  59
 58  61
 58  64
 58  66
 58  68
 58  69
 58  70
 58  75
 58  81
 58  83
 58  85
 58  87
 58  93
 58  94
 59  63
 59  66
 59  69
 59  70
 59  73
 59  77
 59  89
 59  91
 59  94
 60  65
 60  66
 60  69
 60  82
 60  85
 60  89
 60  94
 60  99
 61  64
 61  70
 61  74
 61  75
 61  76
 61  81
 61  89
 61  93
 61  94
 61  96
 61  97
 62  65
 62  67
 62  70
 62  78
 62  80
 62  84
 62  94
 62  98
 62  99
 63  64
 63  66
 63  67
 63  73
 63  77
 63  82
 63  92
 64  65
 64  66
 64  71
 64  77
 64  80
 64  87
 64  89
 64  93
 64  94
 64  96
 65  70
 65  82
 65  87
 65  96
 66  67
 66  69
 66  75
 66  76
 66  82
 66  83
 66  94
 67  71
 67  74
 67  77
 67  85
 68  75
 68  81
 68  82
 68  86
 68  88
 69  71
 69  80
 69  83
 69  90
 69  91
 70  72
 70  79
 70  82
 70  85
 70  86
 70  91
 70  94
 70  97
 70  98
 70  99
 71  75
 71  76
 71  80
 71  81
 71  83
 71  89
 71  91
 71  94
 71  95
 72  76
 72  79
 72  84
 72  85
 72  86
 72  87
 72  88
 72  90
 72  94
 72  95
 72  99
 73  74
 73  83
 73  84
 73  86
 73  89
 73  90
 73  93
 74  81
 74  86
 75  76
 75  77
 75  78
 75  86
 75  87
 75  94
 75  96
 75  97
 76  89
 76  98
 77  91
 78  80
 78  85
 78  88
 78  90
 79  93
 79  97
 80  88
 80  95
 80  99
 81  82
 81  85
 81  90
 82  94
 83  89
 83  90
 83  98
 84  89
 84  90
 85  86
 85  87
 85  91
 85  95
 85  97
 86  95
 87  95
 87  96
 88  91
 88  93
 89  98
 91  92
 91  98
 92  96
 93  95
 93  97
 94  95
 94  97
