# n=100 p=0.200 seed=4404
  0   2
  0  15
  0  19
  0  24
  0  26
  0  32
  0  37
  0  43
  0  46
  0  62
  0  73
  0  78
  0  81
  0  83
  0  91
  0  96
  0  98
  1   4
  1   6
  1  15
  1  18
  1  28
  1  31
  1  34
  1  37
  1  39
  1  40
  1  44
  1  56
  1  59
  1  61
  1  67
  1  70
  1  77
  1  79
  1  83
  1  84
  1  86
  1  87
  1  94
  1  97
  2  13
  2  15
  2  16
  2  18
  2  20
  2  22
  2  26
  2  28
  2  31
  2  35
  2  48
  2  50
  2  61
  2  63
  2  65
  2  66
  2  71
  2  72
  2  78
  2  79
  2  90
  2  97
  3   9
  3  11
  3  12
  3  14
  3  21
  3  22
  3  23
  3  25
  3  26
  3  32
  3  41
  3  46
  3  47
  3  52
  3  55
  3  74
  3  76
  3  80
  3  83
  3  86
  3  88
  3  89
  3  90
  3  95
  4   5
  4  11
  4  15
  4  17
  4  20
  4  26
  4  39
  4  42
  4  43
  4  45
  4  49
  4  50
  4  55
  4  62
  4  66
  4  69
  4  75
  4  77
  4  82
  4  86
  4  98
  5   6
  5  18
  5  26
  5  38
  5  39
  5  41
  5  50
  5  54
  5  55
  5  64
  5  65
  5  79
  5  84
  5  87
  5  89
  6  14
  6  17
  6  18
  6  23
  6  27
  6  28
  6  33
  6  43
  6  49
  6  62
  6  66
  6  68
  6  69
  6  74
  6  77
  6  80
  6  85
  6  93
  6  99
  7   9
  7  12
  7  13
  7  16
  7  17
  7  19
  7  24
  7  28
  7  43
  7  46
  7  51
  7  61
  7  65
  7  66
  7  72
  7  73
  7  78
  7  84
  7  86
  7  93
  8  11
  8  13
  8  14
  8  15
  8  21
  8  24
  8  36
  8  40
  8  49
  8  51
  8  52
  8  63
  8  65
  8  69
  8  75
  8  76
  8  84
  8  86
  8  95
  8  99
  9  19
  9  31
  9  35
  9  37
  9  40
  9  42
  9  43
  9  50
  9  51
  9  57
  9  62
  9  66
  9  70
  9  72
  9  79
  9  82
  9  85
  9  86
  9  90
  9  97
  9  98
 10  27
 10  33
 10  36
 10  39
 10  41
 10  46
 10  57
 10  61
 10  72
 10  73
 10  77
 10  80
 10  90
 10  91
 11  12
 11  13
 11  21
 11  24
 11  25
 11  32
 11  36
 11  37
 11  45
 11  61
 11  62
 11  70
 11  79
 11  83
 11  95
 11  96
 12  13
 12  14
 12  24
 12  39
 12  41
 12  42
 12  45
 12  46
 12  57
 12  64
 12  70
 12  72
 12  73
 12  74
 12  76
 12  77
 12  78
 12  82
 13  14
 13  17
 13  35
 13  36
 13  42
 13  43
 13  53
 13  61
 13  68
 13  80
 13  82
 13  90
 13  99
 14  15
 14  25
 14  33
 14  46
 14  52
 14  55
 14  59
 14  62
 14  71
 14  74
 14  77
 14  79
 14  87
 14  91
 14  92
 14  96
 14  97
 15  29
 15  36
 15  37
 15  44
 15  45
 15  46
 15  50
 15  55
 15  63
 15  65
 15  68
 15  70
 15  76
 15  78
 15  84
 15  92
 16  17
 16  37
 16  40
 16  41
 16  53
 16  57
 16  59
 16  75
 16  84
 16  94
 16  95
 16  98
 16  99
 17  20
 17  26
 17  36
 17  41
 17  43
 17  46
 17  50
 17  75
 17  79
 17  80
 17  84
 17  88
 17  98
 17  99
 18  22
 18  26
 18  32
 18  43
 18  47
 18  54
 18  62
 18  64
 18  66
 18  68
 18  72
 18  78
 18  84
 18  87
 19  32
 19  35
 19  36
 19  43
 19  49
 19  52
 19  58
 19  59
 19  66
 19  75
 19  93
 20  22
 20  28
 20  31
 20  35
 20  40
 20  42
 20  45
 20  49
 20  50
 20  51
 20  53
 20  54
 20  69
 20  71
 20  78
 20  79
 20  81
 20  84
 20  92
 21  29
 21  39
 21  47
 21  69
 21  70
 21  71
 21  76
 21  79
 21  83
 21  85
 21  89
 21  90
 22  26
 22  28
 22  29
 22  32
 22  36
 22  43
 22  46
 22  55
 22  57
 22  60
 22  63
 22  65
 22  69
 22  76
 22  78
 22  80
 22  91
 22  94
 22  96
 22  98
 23  24
 23  35
 23  37
 23  41
 23  45
 23  48
 23  49
 23  50
 23  51
 23  53
 23  62
 23  77
 23  80
 23  83
 23  86
 23  96
 23  98
 24  25
 24  30
 24  40
 24  46
 24  52
 24  62
 24  64
 24  77
 24  80
 24  83
 24  97
 25  28
 25  30
 25  31
 25  34
 25  36
 25  37
 25  38
 25  40
 25  43
 25  53
 25  58
 25  59
 25  62
 25  65
 25  68
 25  72
 25  73
 25  77
 25  82
 25  84
 25  91
 25  92
 25  93
 26  27
 26  32
 26  39
 26  42
 26  45
 26  47
 26  51
 26  58
 26  59
 26  65
 26  69
 26  75
 26  85
 26  86
 27  30
 27  37
 27  38
 27  42
 27  50
 27  51
 27  53
 27  55
 27  60
 27  61
 27  66
 27  69
 27  70
 27  79
 27  83
 27  89
 27  92
 27  99
 28  30
 28  39
 28  48
 28  55
 28  57
 28  58
 28  61
 28  71
 28  74
 28  82
 28  95
 28  99
 29  31
 29  32
 29  33
 29  35
 29  41
 29  48
 29  50
 29  57
 29  60
 29  61
 29  83
 29  88
 29  91
 30  32
 30  34
 30  36
 30  37
 30  43
 30  48
 30  53
 30  54
 30  61
 30  64
 30  72
 30  75
 30  77
 30  79
 30  84
 30  92
 30  99
 31  37
 31  40
 31  50
 31  57
 31  60
 31  64
 31  66
 31  70
 31  80
 31  95
 31  96
 32  35
 32  40
 32  46
 32  54
 32  61
 32  73
 32  80
 32  81
 32  84
 33  34
 33  48
 33  51
 33  55
 33  59
 33  61
 33  63
 33  69
 33  78
 33  83
 33  84
 33  89
 33  92
 33  95
 33  96
 34  36
 34  37
 34  42
 34  51
 34  58
 34  60
 34  61
 34  72
 34  73
 34  87
 34  91
 34  93
 34  97
 35  41
 35  49
 35  57
 35  60
 35  61
 35  63
 35  66
 35  71
 35  74
 35  79
 35  84
 35  87
 35  88
 35  89
 36  40
 36  44
 36  46
 36  59
 36  68
 36  71
 36  82
 36  83
 36  87
 36  89
 36  90
 36  94
 36  98
 37  51
 37  60
 37  62
 37  69
 37  71
 37  76
 37  80
 37  90
 37  94
 37  98
 38  44
 38  49
 38  51
 38  65
 38  71
 38  75
 38  76
 38  79
 38  82
 38  84
 38  85
 38  87
 38  94
 39  40
 39  41
 39  43
 39  46
 39  56
 39  66
 39  73
 39  78
 39  79
 39  83
 39  92
 40  48
 40  51
 40  57
 40  58
 40  59
 40  63
 40  64
 40  67
 40  68
 40  73
 40  75
 40  89
 40  93
 40  95
 40  98
 41  45
 41  52
 41  55
 41  64
 41  72
 41  79
 41  84
 41  97
 41  99
 42  48
 42  51
 42  55
 42  59
 42  64
 42  78
 42  80
 42  85
 42  88
 42  89
 42  94
 43  46
 43  50
 43  53
 43  61
 43  64
 43  72
 43  78
 43  79
 43  81
 43  85
 43  91
 43  99
 44  45
 44  50
 44  56
 44  60
 44  63
 44  65
 44  67
 44  70
 44  77
 44  78
 44  81
 44  85
 44  87
 44  88
 44  91
 44  92
 44  94
 44  95
 44  99
 45  46
 45  50
 45  51
 45  54
 45  59
 45  73
 45  75
 45  76
 45  84
 45  90
 45  91
 45  97
 46  48
 46  52
 46  56
 46  57
 46  71
 46  73
 46  77
 46  80
 46  88
 46  90
 46  99
 47  50
 47  55
 47  56
 47  57
 47  59
 47  61
 47  74
 47  76
 47  85
 47  88
 47  89
 47  92
 47  93
 47  95
 47  97
 47  98
 48  49
 48  52
 48  68
 48  69
 48  71
 48  72
 48  81
 48  86
 48  89
 48  90
 48  93
 48  96
 48  99
 49  52
 49  56
 49  57
 49  74
 49  77
 49  79
 49  80
 49  81
 49  85
 49  92
 49  96
 50  58
 50  63
 50  65
 50  66
 50  67
 50  69
 50  75
 50  78
 50  83
 50  92
 50  94
 50  95
 50  97
 50  98
 51  57
 51  70
 51  72
 51  75
 51  79
 51  84
 51  85
 51  88
 51  89
 51  92
 51  93
 51  94
 51  99
 52  59
 52  66
 52  69
 52  70
 52  72
 52  75
 52  78
 52  79
 52  89
 52  91
 52  99
 53  57
 53  59
 53  60
 53  71
 53  74
 53  75
 53  77
 53  81
 53  90
 53  96
 54  55
 54  59
 54  62
 54  74
 54  76
 54  81
 54  83
 54  84
 54  86
 54  89
 54  91
 54  92
 54  94
 55  58
 55  61
 55  66
 55  68
 55  69
 55  73
 55  75
 55  76
 55  77
 55  78
 55  82
 55  84
 56  57
 56  67
 56  68
 56  70
 56  74
 56  75
 56  87
 56  91
 57  58
 57  62
 57  77
 57  80
 57  81
 57  83
 57  91
 57  94
 57  95
 57  98
 58  67
 58  74
 58  76
 58  79
 58  80
 58  81
 58  84
 58  94
 58  96
 59  60
 59  62
 59  63
 59  67
 59  68
 59  70
 59  71
 59  78
 59  79
 59  80
 59  84
 59  93
 60  66
 60  68
 60  71
 60  72
 60  73
 60  83
 60  88
 60  90
 60  93
 60  94
 61  62
 61  75
 61  85
 61  88
 61  89
 61  96
 61  98
 61  99
 62  69
 62  80
 62  82
 62  83
 62  89
 62  93
 63  67
 63  83
 63  86
 63  95
 63  99
 64  65
 64  70
 64  71
 64  77
 64  81
 64  87
 64  94
 64  96
 65  69
 65  73
 65  77
 65  79
 65  82
 65  86
 65  95
 65  97
 65  99
 66  67
 66  92
 66  93
 66  94
 66  95
 66  97
 67  69
 67  75
 67  80
 67  81
 67  90
 67  93
 67  96
 68  82
 68  83
 68  86
 69  70
 69  80
 69  82
 69  92
 69  94
 69  98
 70  73
 70  75
 70  81
 70  82
 70  84
 70  92
 71  76
 71  91
 71  98
 72  76
 72  78
 72  83
 72  89
 72  91
 72  92
 72  95
 73  76
 73  91
 73  92
 73  93
 74  90
 74  94
 74  97
 75  77
 75  82
 75  84
 75  87
 75  95
 76  77
 76  81
 76  85
 76  87
 76  89
 76  90
 76  97
 77  79
 77  81
 77  82
 77  92
 77  93
 77  96
 78  82
 78  94
 78  96
 79  85
 79  89
 79  94
 80  89
 80  95
 80  96
 81  84
 81  89
 81  90
 81  93
 81  95
 81  97
 82  88
 82  89
 82  90
 82  92
 82  94
 82  95
 82  96
 82  97
 82  98
 83  89
 83  94
 83  96
 83  99
 84  86
 84  89
 84  97
 85  87
 85  95
 86  97
 87  91
 87  93
 87  95
 87  98
 88  89
 88  90
 88  91
 88  92
 89  99
 90  98
 91  93
 91  96
 91  97
 96  98
 97  98
