# n=100 p=0.200 seed=4441
  0   3
  0   4
  0   8
  0  10
  0  11
  0  18
  0  31
  0  34
  0  42
  0  53
  0  55
  0  57
  0  61
  0  64
  0  69
  0  77
  0  91
  0  99
  1  15
  1  16
  1  19
  1  33
  1  34
  1  38
  1  43
  1  44
  1  47
  1  50
  1  54
  1  60
  1  61
  1  64
  1  66
  1  68
  1  69
  1  73
  1  75
  1  77
  1  78
  1  82
  1  84
  1  88
  2   3
  2   5
  2   8
  2  12
  2  14
  2  23
  2  30
  2  35
  2  41
  2  51
  2  52
  2  54
  2  65
  2  75
  2  76
  2  82
  2  86
  3   4
  3  13
  3  32
  3  41
  3  44
  3  66
  3  68
  3  70
  3  73
  3  75
  3  79
  3  85
  3  89
  4   6
  4   8
  4   9
  4  11
  4  13
  4  14
  4  28
  4  33
  4  47
  4  48
  4  50
  4  52
  4  54
  4  55
  4  56
  4  59
  4  61
  4  64
  4  68
  4  69
  4  75
  4  78
  4  88
  4  90
  4  91
  5  11
  5  16
  5  20
  5  23
  5  31
  5  48
  5  61
  5  66
  5  73
  5  78
  5  80
  5  89
  6  10
  6  19
  6  25
  6  26
  6  30
  6  31
  6  33
  6  41
  6  43
  6  47
  6  50
  6  55
  6  61
  6  63
  6  64
  6  75
  6  76
  6  78
  6  93
  6  96
  7  13
  7  27
  7  39
  7  44
  7  62
  7  67
  7  68
  7  77
  7  85
  7  90
  8  10
  8  11
  8  12
  8  19
  8  26
  8  27
  8  28
  8  36
  8  50
  8  69
  8  83
  8  84
  8  88
  8  99
  9  13
  9  14
  9  20
  9  29
  9  33
  9  35
  9  36
  9  44
  9  49
  9  54
  9  57
  9  58
  9  60
  9  62
  9  69
  9  75
  9  76
  9  77
  9  80
  9  81
  9  83
  9  85
  9  87
  9  98
 10  16
 10  18
 10  19
 10  20
 10  23
 10  26
 10  28
 10  31
 10  36
 10  38
 10  41
 10  52
 10  60
 10  68
 10  73
 10  88
 10  89
 10  91
 10  94
 10  98
 11  12
 11  17
 11  27
 11  34
 11  37
 11  38
 11  47
 11  50
 11  51
 11  55
 11  58
 11  59
 11  62
 11  63
 11  65
 11  69
 11  70
 11  78
 11  79
 11  82
 11  83
 11  88
 11  96
 11  98
 12  14
 12  16
 12  22
 12  33
 12  34
 12  37
 12  38
 12  52
 12  58
 12  73
 12  95
 12  96
 12  97
 12  98
 13  22
 13  33
 13  42
 13  50
 13  53
 13  71
 13  81
 13  84
 14  20
 14  29
 14  31
 14  45
 14  53
 14  58
 14  66
 14  70
 14  72
 14  74
 14  80
 14  90
 14  91
 15  16
 15  19
 15  26
 15  31
 15  35
 15  44
 15  47
 15  49
 15  51
 15  58
 15  64
 15  68
 15  74
 15  79
 15  80
 15  85
 15  96
 15  99
 16  17
 16  24
 16  29
 16  35
 16  37
 16  39
 16  42
 16  51
 16  54
 16  55
 16  64
 16  66
 16  73
 16  74
 16  79
 16  84
 16  86
 16  91
 16  92
 16  95
 16  97
 17  21
 17  26
 17  29
 17  30
 17  32
 17  34
 17  44
 17  48
 17  54
 17  62
 17  64
 17  68
 17  84
 17  87
 17  94
 18  20
 18  32
 18  41
 18  44
 18  57
 18  64
 18  67
 18  72
 18  76
 18  80
 18  82
 18  86
 18  87
 18  93
 18  96
 19  26
 19  27
 19  32
 19  36
 19  43
 19  44
 19  45
 19  47
 19  56
 19  66
 19  81
 19  82
 19  89
 19  92
 20  21
 20  23
 20  26
 20  30
 20  34
 20  42
 20  47
 20  52
 20  54
 20  58
 20  59
 20  62
 20  67
 20  71
 20  74
 20  75
 20  76
 20  80
 20  83
 20  89
 20  91
 20  93
 20  97
 20  99
 21  24
 21  27
 21  40
 21  46
 21  48
 21  53
 21  54
 21  61
 21  65
 21  78
 21  83
 21  87
 21  89
 21  90
 21  94
 21  95
 21  97
 22  29
 22  35
 22  48
 22  50
 22  53
 22  55
 22  58
 22  82
 22  83
 22  87
 22  93
 22  99
 23  24
 23  25
 23  35
 23  38
 23  45
 23  46
 23  47
 23  63
 23  66
 23  70
 23  77
 23  79
 23  97
 24  27
 24  28
 24  30
 24  32
 24  36
 24  38
 24  40
 24  41
 24  45
 24  46
 24  54
 24  56
 24  64
 24  66
 24  67
 24  70
 24  71
 24  75
 24  84
 24  86
 24  91
 24  94
 24  97
 25  33
 25  40
 25  42
 25  43
 25  49
 25  57
 25  67
 25  68
 25  71
 25  72
 25  77
 25  80
 25  87
 25  91
 25  95
 25  98
 26  47
 26  51
 26  61
 26  62
 26  77
 26  80
 26  97
 27  40
 27  42
 27  47
 27  50
 27  55
 27  63
 27  69
 27  76
 27  79
 27  84
 27  88
 27  89
 27  95
 27  98
 28  34
 28  38
 28  40
 28  59
 28  63
 28  68
 28  69
 28  70
 28  71
 28  76
 28  79
 28  80
 28  91
 28  94
 28  97
 29  30
 29  31
 29  42
 29  43
 29  45
 29  49
 29  53
 29  64
 29  65
 29  71
 29  74
 29  78
 29  90
 30  32
 30  39
 30  41
 30  44
 30  52
 30  53
 30  57
 30  61
 30  62
 30  67
 30  71
 30  73
 30  77
 30  82
 30  87
 30  96
 31  35
 31  37
 31  43
 31  46
 31  55
 31  66
 31  79
 31  89
 31  98
 32  35
 32  40
 32  46
 32  54
 32  60
 32  65
 32  72
 32  75
 32  81
 32  93
 33  43
 33  46
 33  48
 33  49
 33  50
 33  51
 33  53
 33  56
 33  60
 33  69
 33  70
 33  72
 33  79
 33  92
 33  93
 33  97
 33  98
 34  35
 34  38
 34  43
 34  45
 34  47
 34  49
 34  51
 34  55
 34  56
 34  59
 34  64
 34  65
 34  71
 34  77
 34  78
 34  81
 34  83
 34  90
 34  91
 34  93
 34  98
 34  99
 35  49
 35  52
 35  54
 35  70
 35  88
 35  92
 35  95
 35  99
 36  37
 36  38
 36  54
 36  67
 36  72
 36  80
 36  86
 36  89
 36  90
 37  41
 37  45
 37  49
 37  50
 37  53
 37  62
 37  72
 37  75
 37  81
 37  84
 37  89
 37  90
 38  56
 38  67
 38  68
 38  72
 38  73
 38  78
 38  79
 38  84
 38  91
 38  95
 39  40
 39  51
 39  57
 39  68
 39  73
 39  76
 39  84
 39  86
 39  87
 39  95
 39  99
 40  42
 40  45
 40  49
 40  51
 40  53
 40  55
 40  58
 40  60
 40  64
 40  67
 40  69
 40  85
 40  90
 40  93
 41  44
 41  50
 41  55
 41  64
 41  69
 41  87
 41  89
 41  93
 42  47
 42  54
 42  62
 42  68
 42  81
 42  84
 42  93
 42  97
 43  46
 43  53
 43  54
 43  56
 43  59
 43  63
 43  77
 43  80
 43  86
 43  91
 44  47
 44  50
 44  53
 44  56
 44  57
 44  58
 44  66
 44  71
 44  79
 44  85
 44  86
 44  92
 44  94
 44  98
 45  51
 45  52
 45  60
 45  74
 45  78
 45  80
 45  83
 45  84
 45  89
 45  98
 46  47
 46  48
 46  60
 46  63
 46  64
 46  68
 46  69
 46  71
 46  82
 46  97
 46  98
 47  48
 47  50
 47  51
 47  57
 47  66
 47  69
 47  73
 47  74
 47  76
 47  77
 47  83
 47  85
 47  88
 47  89
 47  92
 47  94
 48  50
 48  53
 48  57
 48  61
 48  62
 48  65
 48  68
 48  74
 48  78
 48  82
 48  85
 49  56
 49  64
 49  65
 49  66
 49  67
 49  72
 49  73
 49  74
 49  79
 49  81
 49  88
 49  92
 49  97
 50  59
 50  60
 50  63
 50  67
 50  68
 50  72
 50  74
 50  76
 50  89
 51  53
 51  71
 51  73
 51  80
 51  86
 51  87
 51  88
 51  99
 52  55
 52  63
 52  67
 52  77
 52  81
 52  82
 52  90
 52  91
 52  92
 53  55
 53  58
 53  78
 53  80
 53  86
 53  87
 53  89
 53  97
 54  55
 54  61
 54  62
 54  64
 54  65
 54  79
 54  81
 54  91
 54  95
 55  57
 55  59
 55  66
 55  71
 55  77
 55  91
 55  93
 55  97
 55  99
 56  59
 56  70
 56  76
 56  77
 56  79
 56  82
 56  85
 57  69
 57  70
 57  75
 57  90
 57  96
 58  60
 58  66
 58  69
 58  71
 58  75
 58  78
 58  93
 58  94
 58  97
 58  99
 59  62
 59  64
 59  68
 59  70
 59  71
 59  75
 59  76
 59  77
 59  78
 59  86
 59  87
 59  88
 60  72
 60  73
 60  82
 60  86
 60  96
 60  98
 61  66
 61  76
 61  79
 61  87
 61  90
 61  91
 61  92
 61  94
 61  96
 61  97
 62  69
 62  72
 62  77
 62  79
 62  88
 62  89
 62  90
 62  91
 62  92
 62  94
 62  99
 63  68
 63  81
 63  89
 63  96
 63  99
 64  65
 64  72
 64  77
 64  90
 64  91
 64  99
 65  66
 65  73
 65  76
 65  79
 65  82
 65  90
 65  91
 65  99
 66  70
 66  78
 66  79
 66  83
 66  89
 66  95
 66  97
 67  83
 67  84
 67  90
 67  91
 67  93
 67  94
 68  83
 69  71
 69  74
 69  75
 69  79
 69  80
 69  83
 69  87
 69  89
 69  95
 69  96
 70  72
 70  73
 70  75
 70  76
 70  82
 70  88
 70  91
 70  95
 70  96
 71  73
 71  87
 71  89
 71  93
 71  98
 72  73
 72  79
 72  83
 72  84
 72  94
 72  97
 73  86
 73  93
 74  79
 74  83
 74  89
 74  96
 74  98
 74  99
 75  85
 75  87
 75  90
 75  92
 75  93
 76  79
 76  89
 76  91
 76  97
 77  78
 77  80
 77  82
 77  86
 77  91
 78  83
 78  84
 78  88
 79  84
 79  85
 79  92
 79  95
 79  97
 80  94
 80  98
 81  88
 81  90
 81  91
 81  94
 81  96
 81  99
 82  83
 83  89
 83  92
 83  96
 83  98
 83  99
 84  91
 84  97
 85  86
 85  95
 85  98
 86  97
 86  98
 87  90
 87  94
 87  96
 88  89
 88  91
 88  95
 89  99
 92  93
 92  94
 92  95
 92  98
 93  94
 93  97
 93  99
 94  95
