# n=100 p=0.200 seed=4424
  0   5
  0   8
  0  10
  0  18
  0  27
  0  30
  0  31
  0  34
  0  36
  0  38
  0  41
  0  42
  0  46
  0  57
  0  58
  0  61
  0  64
  0  67
  0  76
  0  82
  0  83
  0  86
  0  87
  0  89
  0  91
  0  92
  0  95
  0  99
  1   6
  1  12
  1  15
  1  17
  1  20
  1  35
  1  37
  1  44
  1  48
  1  53
  1  65
  1  67
  1  68
  1  78
  1  89
  1  94
  1  95
  2   4
  2   8
  2   9
  2  10
  2  12
  2  18
  2  24
  2  25
  2  28
  2  32
  2  34
  2  35
  2  43
  2  45
  2  53
  2  56
  2  62
  2  65
  2  81
  2  84
  2  85
  2  95
  2  97
  3  19
  3  29
  3  32
  3  38
  3  44
  3  47
  3  48
  3  59
  3  61
  3  63
  3  67
  3  69
  3  73
  3  79
  3  81
  3  88
  3  96
  4   8
  4  18
  4  19
  4  20
  4  30
  4  31
  4  37
  4  41
  4  45
  4  50
  4  54
  4  55
  4  57
  4  59
  4  65
  4  68
  4  80
  4  82
  4  86
  4  92
  4  93
  4  94
  4  96
  5   6
  5   9
  5  10
  5  13
  5  21
  5  29
  5  33
  5  34
  5  37
  5  41
  5  44
  5  45
  5  50
  5  51
  5  52
  5  53
  5  59
  5  68
  5  70
  5  74
  5  76
  5  85
  5  87
  5  91
  5  93
  5  96
  5  98
  6  13
  6  19
  6  21
  6  27
  6  28
  6  33
  6  36
  6  43
  6  49
  6  55
  6  57
  6  58
  6  67
  6  68
  6  69
  6  73
  6  76
  6  97
  7   8
  7  10
  7  21
  7  22
  7  26
  7  30
  7  34
  7  40
  7  49
  7  51
  7  58
  7  60
  7  63
  7  70
  7  79
  7  80
  7  84
  7  92
  7  96
  7  97
  8  15
  8  22
  8  23
  8  28
  8  34
  8  37
  8  38
  8  40
  8  45
  8  60
  8  62
  8  63
  8  69
  8  70
  8  74
  8  75
  8  90
  8  91
  8  97
  9  18
  9  22
  9  29
  9  42
  9  43
  9  50
  9  53
  9  54
  9  61
  9  67
  9  82
  9  83
  9  85
  9  91
  9  95
  9  97
  9  99
 10  11
 10  13
 10  18
 10  26
 10  28
 10  56
 10  58
 10  59
 10  72
 10  75
 10  76
 10  83
 10  97
 11  13
 11  17
 11  20
 11  22
 11  24
 11  26
 11  28
 11  31
 11  32
 11  37
 11  42
 11  47
 11  48
 11  54
 11  57
 11  64
 11  65
 11  70
 11  81
 11  83
 11  91
 11  92
 11  95
 12  14
 12  21
 12  23
 12  34
 12  35
 12  48
 12  50
 12  52
 12  58
 12  62
 12  65
 12  67
 12  72
 12  86
 12  97
 12  99
 13  15
 13  26
 13  28
 13  33
 13  38
 13  46
 13  55
 13  58
 13  75
 13  80
 13  84
 13  88
 14  30
 14  46
 14  47
 14  51
 14  62
 14  63
 14  65
 14  71
 14  72
 14  83
 14  87
 14  88
 15  18
 15  19
 15  23
 15  27
 15  30
 15  32
 15  33
 15  37
 15  48
 15  56
 15  58
 15  60
 15  62
 15  74
 15  87
 15  92
 16  21
 16  29
 16  30
 16  32
 16  35
 16  37
 16  40
 16  45
 16  53
 16  57
 16  59
 16  68
 16  71
 16  73
 16  76
 16  77
 16  85
 16  92
 16  93
 17  19
 17  20
 17  24
 17  28
 17  30
 17  37
 17  38
 17  49
 17  50
 17  55
 17  72
 17  76
 17  78
 17  81
 17  87
 17  89
 17  90
 17  99
 18  19
 18  20
 18  22
 18  24
 18  32
 18  34
 18  43
 18  47
 18  57
 18  62
 18  69
 18  72
 18  76
 18  81
 18  94
 19  20
 19  23
 19  25
 19  31
 19  33
 19  35
 19  49
 19  72
 19  73
 19  77
 19  80
 19  82
 19  84
 19  89
 19  96
 20  26
 20  31
 20  34
 20  36
 20  39
 20  59
 20  62
 20  65
 20  66
 20  72
 20  79
 20  80
 20  84
 20  86
 20  89
 20  96
 20  97
 20  99
 21  36
 21  39
 21  42
 21  46
 21  53
 21  59
 21  60
 21  69
 21  70
 21  74
 21  78
 21  88
 21  94
 21  99
 22  25
 22  28
 22  39
 22  47
 22  53
 22  56
 22  63
 22  67
 22  76
 22  82
 22  85
 22  89
 22  93
 23  26
 23  32
 23  34
 23  36
 23  37
 23  39
 23  47
 23  51
 23  60
 23  62
 23  63
 23  69
 23  75
 23  78
 23  83
 23  86
 23  91
 23  94
 23  96
 24  26
 24  35
 24  36
 24  39
 24  40
 24  41
 24  42
 24  50
 24  55
 24  61
 24  65
 24  69
 24  72
 24  75
 24  78
 24  81
 24  82
 24  87
 25  28
 25  39
 25  42
 25  52
 25  53
 25  58
 25  60
 25  71
 25  80
 25  82
 25  87
 25  89
 25  94
 25  96
 25  98
 26  42
 26  46
 26  48
 26  60
 26  61
 26  64
 26  66
 26  72
 26  82
 26  88
 26  98
 27  44
 27  45
 27  54
 27  59
 27  65
 27  67
 27  69
 27  86
 27  87
 27  88
 27  96
 27  97
 27  98
 28  29
 28  33
 28  52
 28  54
 28  57
 28  58
 28  62
 28  64
 28  68
 28  75
 28  77
 28  80
 28  83
 28  86
 28  89
 28  93
 29  39
 29  45
 29  47
 29  50
 29  53
 29  55
 29  56
 29  67
 29  69
 29  70
 29  74
 29  84
 29  87
 29  88
 29  95
 29  97
 29  98
 30  31
 30  32
 30  36
 30  44
 30  53
 30  59
 30  62
 30  65
 30  69
 30  70
 30  80
 30  85
 30  94
 30  95
 31  37
 31  41
 31  50
 31  60
 31  66
 31  86
 31  88
 31  89
 31  98
 32  35
 32  36
 32  37
 32  42
 32  44
 32  46
 32  55
 32  58
 32  60
 32  61
 32  77
 32  87
 33  40
 33  43
 33  45
 33  50
 33  66
 33  79
 34  38
 34  43
 34  51
 34  52
 34  54
 34  58
 34  59
 34  62
 34  63
 34  64
 34  68
 34  72
 34  75
 34  84
 35  44
 35  53
 35  60
 35  73
 35  84
 35  86
 35  89
 35  90
 35  96
 35  97
 36  44
 36  46
 36  48
 36  49
 36  52
 36  60
 36  61
 36  64
 36  66
 36  70
 36  72
 36  77
 36  80
 36  83
 36  93
 36  94
 36  97
 37  44
 37  45
 37  49
 37  52
 37  54
 37  55
 37  60
 37  61
 37  63
 37  75
 37  84
 37  89
 37  99
 38  40
 38  46
 38  50
 38  51
 38  65
 38  75
 38  76
 38  80
 38  85
 38  93
 38  94
 38  96
 39  45
 39  54
 39  63
 39  65
 39  68
 39  71
 39  81
 39  90
 39  93
 39  94
 40  48
 40  51
 40  58
 40  60
 40  63
 40  64
 40  66
 40  68
 40  74
 40  80
 40  84
 40  88
 40  91
 40  96
 41  42
 41  43
 41  46
 41  47
 41  51
 41  67
 41  72
 41  74
 41  80
 41  82
 41  94
 41  95
 42  59
 42  63
 42  67
 42  77
 42  90
 42  91
 42  94
 43  46
 43  57
 43  61
 43  65
 43  75
 43  76
 43  79
 43  80
 43  94
 44  48
 44  51
 44  52
 44  55
 44  61
 44  74
 45  47
 45  49
 45  52
 45  56
 45  57
 45  58
 45  71
 45  77
 45  80
 45  81
 45  82
 45  86
 45  87
 45  88
 45  89
 46  67
 46  78
 46  79
 46  88
 46  99
 47  55
 47  66
 47  70
 47  71
 47  80
 47  82
 47  83
 47  88
 47  96
 47  98
 48  53
 48  54
 48  70
 48  75
 48  77
 48  78
 48  83
 48  87
 48  92
 48  99
 49  51
 49  55
 49  58
 49  59
 49  60
 49  64
 49  65
 49  68
 49  75
 49  76
 49  79
 49  82
 49  85
 49  87
 49  90
 50  56
 50  58
 50  62
 50  71
 50  72
 50  81
 50  83
 50  85
 50  86
 50  89
 50  97
 50  98
 51  63
 51  64
 51  66
 51  69
 51  71
 51  73
 51  84
 51  93
 51  98
 52  57
 52  62
 52  63
 52  66
 52  78
 52  79
 52  82
 52  84
 52  86
 52  89
 52  98
 52  99
 53  59
 53  68
 53  79
 53  83
 53  85
 53  91
 54  55
 54  56
 54  63
 54  64
 54  66
 54  69
 54  87
 54  98
 55  59
 55  60
 55  64
 55  66
 55  67
 55  68
 55  82
 55  85
 55  91
 56  60
 56  72
 56  84
 56  93
 57  62
 57  68
 57  79
 57  80
 57  84
 57  96
 57  97
 57  99
 58  63
 58  73
 58  75
 58  80
 58  90
 58  93
 59  62
 59  66
 59  72
 59  82
 59  90
 59  93
 60  62
 60  69
 60  72
 60  77
 60  84
 60  86
 60  87
 61  63
 61  69
 61  73
 61  81
 61  86
 61  97
 61  99
 62  63
 62  65
 62  72
 62  74
 62  81
 62  86
 62  93
 62  96
 62  98
 63  65
 63  66
 63  69
 63  70
 63  85
 63  88
 63  96
 64  65
 64  77
 64  85
 64  87
 64  95
 64  97
 65  69
 65  70
 65  81
 65  83
 65  84
 65  87
 65  96
 65  97
 66  72
 66  73
 66  74
 66  95
 67  70
 67  73
 67  76
 67  77
 67  84
 67  91
 67  94
 68  73
 68  75
 68  76
 68  80
 68  96
 69  71
 69  85
 69  90
 69  96
 70  78
 70  83
 70  88
 70  96
 71  80
 71  84
 71  85
 72  73
 72  74
 72  81
 72  85
 72  86
 72  96
 72  98
 73  79
 73  85
 74  78
 74  84
 74  88
 74  90
 75  78
 75  79
 75  80
 75  86
 75  97
 76  78
 76  80
 76  90
 76  93
 76  99
 77  78
 77  80
 77  81
 77  83
 77  88
 77  89
 77  94
 78  81
 78  82
 79  81
 79  82
 79  84
 79  86
 79  89
 79  92
 80  81
 80  82
 80  84
 80  90
 80  93
 81  86
 81  87
 82  88
 82  95
 83  89
 83  93
 83  94
 83  98
 84  88
 84  92
 85  86
 85  88
 85  90
 85  92
 85  94
 85  99
 86  87
 86  89
 86  92
 86  96
 86  98
 87  90
 88  89
 88  92
 88  95
 88  99
 89  94
 89  95
 89  98
 89  99
 90  95
 90  97
 90  98
 91  93
 91  95
 91  96
 92  93
 92  94
 92  95
 92  96
 92  98
 93  94
 93  95
 94  99
 97  99
