# n=100 p=0.200 seed=4415
  0   8
  0  14
  0  20
  0  21
  0  23
  0  24
  0  31
  0  32
  0  41
  0  47
  0  52
  0  54
  0  55
  0  64
  0  65
  0  66
  0  71
  0  77
  0  79
  0  80
  0  82
  0  83
  0  84
  0  85
  0  97
  0  98
  1  18
  1  24
  1  26
  1  27
  1  28
  1  29
  1  30
  1  31
  1  37
  1  38
  1  44
  1  53
  1  59
  1  60
  1  61
  1  67
  1  69
  1  73
  1  81
  1  82
  1  83
  1  84
  1  87
  1  90
  1  91
  1  92
  1  94
  1  96
  2  10
  2  17
  2  20
  2  21
  2  26
  2  46
  2  49
  2  52
  2  53
  2  56
  2  59
  2  60
  2  76
  2  86
  2  89
  2  97
  3   6
  3   7
  3  14
  3  18
  3  25
  3  26
  3  32
  3  33
  3  43
  3  47
  3  48
  3  53
  3  56
  3  61
  3  64
  3  67
  3  72
  3  80
  3  87
  3  88
  3  94
  3  95
  3  98
  4   8
  4  15
  4  18
  4  27
  4  32
  4  35
  4  40
  4  41
  4  42
  4  45
  4  46
  4  47
  4  49
  4  53
  4  55
  4  65
  4  70
  4  78
  4  79
  4  92
  4  93
  4  94
  4  96
  4  97
  5  10
  5  11
  5  18
  5  19
  5  22
  5  23
  5  24
  5  31
  5  34
  5  42
  5  43
  5  48
  5  49
  5  50
  5  53
  5  86
  5  90
  6   8
  6   9
  6  13
  6  20
  6  21
  6  24
  6  26
  6  33
  6  35
  6  41
  6  44
  6  45
  6  65
  6  70
  6  71
  6  78
  6  93
  6  96
  7  12
  7  13
  7  16
  7  21
  7  23
  7  24
  7  25
  7  29
  7  33
  7  37
  7  49
  7  54
  7  60
  7  68
  7  70
  7  80
  7  91
  7  93
  7  95
  8  10
  8  12
  8  21
  8  22
  8  25
  8  26
  8  27
  8  28
  8  31
  8  40
  8  43
  8  44
  8  48
  8  52
  8  57
  8  62
  8  63
  8  70
  8  80
  8  90
  9  10
  9  14
  9  24
  9  27
  9  33
  9  39
  9  40
  9  46
  9  47
  9  55
  9  57
  9  58
  9  62
  9  63
  9  70
  9  76
  9  79
  9  87
  9  91
  9  94
  9  99
 10  21
 10  23
 10  24
 10  38
 10  43
 10  44
 10  46
 10  49
 10  52
 10  55
 10  56
 10  59
 10  60
 10  61
 10  70
 10  75
 10  85
 10  86
 10  93
 10  95
 11  14
 11  22
 11  24
 11  28
 11  32
 11  49
 11  60
 11  68
 11  72
 11  80
 11  82
 11  86
 11  96
 11  97
 12  15
 12  29
 12  39
 12  43
 12  47
 12  55
 12  56
 12  57
 12  81
 12  83
 12  86
 12  87
 12  93
 12  99
 13  17
 13  24
 13  45
 13  47
 13  54
 13  63
 13  71
 13  79
 13  86
 13  87
 13  99
 14  17
 14  22
 14  26
 14  30
 14  33
 14  36
 14  38
 14  48
 14  53
 14  58
 14  59
 14  63
 14  69
 14  74
 14  77
 14  84
 14  85
 14  91
 14  92
 14  97
 15  16
 15  18
 15  19
 15  23
 15  27
 15  33
 15  35
 15  36
 15  37
 15  50
 15  59
 15  69
 15  70
 15  76
 15  77
 15  84
 15  89
 15  96
 15  98
 15  99
 16  24
 16  25
 16  30
 16  33
 16  40
 16  50
 16  53
 16  54
 16  56
 16  59
 16  66
 16  86
 17  18
 17  21
 17  23
 17  29
 17  30
 17  34
 17  38
 17  40
 17  42
 17  47
 17  51
 17  64
 17  70
 17  71
 17  79
 17  89
 17  95
 17  97
 17  98
 17  99
 18  24
 18  25
 18  27
 18  38
 18  40
 18  46
 18  53
 18  56
 18  59
 18  67
 18  68
 18  71
 18  74
 18  77
 18  81
 18  82
 18  83
 18  88
 18  93
 18  94
 19  26
 19  38
 19  47
 19  49
 19  52
 19  59
 19  60
 19  61
 19  64
 19  74
 19  76
 19  78
 19  79
 19  80
 19  83
 19  86
 20  21
 20  23
 20  29
 20  37
 20  40
 20  43
 20  44
 20  47
 20  48
 20  49
 20  52
 20  59
 20  62
 20  68
 20  71
 20  74
 20  82
 20  83
 21  27
 21  30
 21  32
 21  34
 21  35
 21  36
 21  41
 21  42
 21  43
 21  46
 21  47
 21  59
 21  71
 21  75
 21  76
 21  78
 21  80
 21  84
 21  91
 21  95
 22  23
 22  24
 22  28
 22  33
 22  36
 22  46
 22  49
 22  53
 22  63
 22  67
 22  68
 22  73
 22  76
 22  78
 22  86
 22  93
 22  94
 22  95
 23  29
 23  38
 23  39
 23  41
 23  46
 23  53
 23  57
 23  58
 23  65
 23  67
 23  70
 23  74
 23  75
 23  91
 23  95
 23  98
 24  29
 24  37
 24  43
 24  51
 24  54
 24  64
 24  68
 24  75
 24  76
 24  79
 24  81
 24  82
 25  26
 25  30
 25  33
 25  34
 25  40
 25  44
 25  45
 25  54
 25  55
 25  57
 25  69
 25  70
 25  79
 25  88
 26  27
 26  31
 26  53
 26  54
 26  61
 26  66
 26  71
 26  75
 26  78
 26  87
 27  32
 27  38
 27  46
 27  49
 27  58
 27  66
 27  75
 27  90
 27  99
 28  29
 28  32
 28  35
 28  37
 28  38
 28  39
 28  48
 28  49
 28  53
 28  54
 28  58
 28  60
 28  63
 28  67
 28  72
 28  77
 28  80
 28  83
 28  87
 29  34
 29  43
 29  47
 29  49
 29  57
 29  60
 29  66
 29  73
 29  81
 29  82
 29  88
 29  91
 30  32
 30  35
 30  41
 30  44
 30  47
 30  48
 30  50
 30  53
 30  64
 30  69
 30  70
 30  72
 30  73
 31  53
 31  59
 31  74
 31  78
 31  80
 31  85
 31  97
 32  41
 32  44
 32  47
 32  52
 32  55
 32  56
 32  66
 32  74
 32  76
 32  88
 32  95
 33  38
 33  40
 33  41
 33  49
 33  51
 33  52
 33  56
 33  66
 33  68
 33  69
 33  73
 33  74
 33  76
 33  98
 34  41
 34  46
 34  50
 34  60
 34  64
 34  68
 34  69
 34  75
 34  87
 34  89
 34  92
 34  93
 34  98
 35  40
 35  43
 35  44
 35  52
 35  58
 35  62
 35  66
 35  71
 35  74
 35  75
 35  79
 35  81
 35  93
 35  99
 36  43
 36  60
 36  69
 36  70
 36  76
 36  77
 36  81
 36  86
 36  96
 37  42
 37  45
 37  57
 37  67
 37  68
 37  71
 37  82
 37  84
 37  85
 37  87
 37  93
 37  94
 37  95
 37  98
 38  52
 38  62
 38  65
 38  69
 38  78
 38  86
 38  92
 39  44
 39  45
 39  47
 39  53
 39  54
 39  58
 39  62
 39  68
 39  70
 39  72
 39  81
 39  84
 39  88
 39  91
 39  94
 39  99
 40  44
 40  45
 40  52
 40  54
 40  60
 40  68
 40  70
 40  71
 40  74
 40  80
 40  87
 40  95
 40  96
 41  42
 41  45
 41  48
 41  52
 41  54
 41  58
 41  62
 41  64
 41  67
 41  74
 41  80
 41  83
 41  84
 41  92
 42  43
 42  45
 42  48
 42  52
 42  77
 42  81
 42  86
 42  88
 42  91
 42  93
 43  50
 43  58
 43  60
 43  61
 43  67
 43  71
 43  72
 43  76
 43  77
 43  82
 43  86
 43  89
 43  90
 43  92
 43  93
 43  94
 43  99
 44  45
 44  47
 44  56
 44  57
 44  62
 44  65
 44  71
 44  74
 44  78
 44  79
 44  88
 44  94
 45  50
 45  51
 45  56
 45  64
 45  69
 45  70
 45  74
 45  91
 45  96
 46  51
 46  66
 46  70
 46  72
 46  78
 46  82
 46  84
 46  86
 46  88
 46  91
 46  93
 46  95
 46  99
 47  48
 47  53
 47  57
 47  62
 47  64
 47  73
 47  74
 47  75
 47  79
 47  80
 47  85
 47  90
 47  93
 47  98
 48  55
 48  61
 48  64
 48  65
 48  71
 48  81
 48  91
 48  92
 48  98
 49  56
 49  64
 49  66
 49  74
 49  76
 49  79
 49  81
 49  93
 49  94
 50  51
 50  54
 50  60
 50  62
 50  68
 50  69
 50  74
 50  77
 50  78
 50  81
 50  88
 50  92
 50  93
 50  97
 51  54
 51  58
 51  63
 51  77
 51  80
 51  86
 51  90
 51  98
 52  54
 52  64
 52  73
 52  77
 52  78
 52  81
 52  86
 52  89
 52  91
 52  92
 53  60
 53  62
 53  69
 53  70
 53  77
 53  88
 53  91
 53  92
 54  64
 54  71
 54  74
 54  86
 54  87
 54  90
 55  61
 55  76
 55  78
 55  81
 55  83
 55  86
 55  89
 55  92
 55  94
 56  57
 56  61
 56  63
 56  64
 56  66
 56  68
 56  75
 56  79
 56  83
 56  87
 56  93
 56  97
 57  67
 57  75
 57  98
 57  99
 58  59
 58  63
 58  65
 58  71
 58  75
 58  77
 58  87
 58  89
 58  93
 58  96
 59  61
 59  65
 59  67
 59  83
 59  90
 59  95
 59  96
 59  97
 60  68
 60  76
 60  83
 60  87
 61  65
 61  78
 61  83
 61  87
 61  88
 62  63
 62  65
 62  71
 62  75
 62  79
 62  83
 62  87
 62  95
 62  99
 63  64
 63  66
 63  76
 63  90
 63  97
 64  69
 64  75
 64  78
 64  79
 64  82
 64  89
 65  72
 65  75
 65  77
 65  81
 65  89
 65  90
 65  98
 66  71
 66  72
 66  76
 66  77
 66  82
 66  84
 66  87
 66  96
 66  98
 67  68
 67  71
 67  81
 67  90
 68  80
 68  87
 68  92
 69  84
 69  94
 69  98
 69  99
 70  73
 70  76
 70  81
 70  87
 70  98
 71  78
 71  82
 71  88
 71  89
 71  91
 71  97
 71  98
 72  73
 72  76
 72  80
 72  90
 72  97
 72  98
 73  75
 73  90
 73  95
 74  77
 74  80
 74  85
 74  86
 74  95
 74  98
 75  78
 75  81
 75  82
 75  84
 75  95
 75  96
 76  78
 76  82
 76  93
 76  94
 76  95
 76  96
 77  96
 78  80
 78  83
 78  89
 78  91
 78  97
 79  81
 79  83
 79  86
 79  87
 79  90
 79  93
 79  95
 80  84
 81  84
 81  87
 81  90
 82  84
 82  88
 83  90
 83  91
 83  94
 84  98
 85  95
 86  88
 86  89
 86  91
 86  96
 87  92
 88  89
 88  90
 88  91
 89  93
 89  96
 90  92
 90  97
 90  98
 91  93
 91  96
 92  97
 92  99
 93  98
 94  96
 94  97
 94  98
 96  99
