# n=100 p=0.200 seed=4403
  0   3
  0   9
  0  11
  0  15
  0  17
  0  18
  0  24
  0  25
  0  28
  0  35
  0  39
  0  41
  0  53
  0  57
  0  67
  0  69
  0  72
  0  75
  0  85
  0  87
  0  95
  0  99
  1   2
  1  16
  1  21
  1  23
  1  36
  1  43
  1  51
  1  53
  1  61
  1  62
  1  71
  1  73
  1  74
  1  80
  1  81
  1  84
  1  90
  1  93
  1  99
  2   5
  2  11
  2  12
  2  15
  2  20
  2  21
  2  24
  2  28
  2  33
  2  36
  2  37
  2  38
  2  49
  2  56
  2  60
  2  70
  2  81
  2  84
  2  86
  2  88
  2  95
  2  99
  3   5
  3   6
  3   7
  3  11
  3  15
  3  17
  3  23
  3  27
  3  32
  3  33
  3  39
  3  41
  3  42
  3  43
  3  47
  3  49
  3  54
  3  59
  3  72
  3  74
  3  76
  3  91
  3  94
  4   5
  4   9
  4  15
  4  18
  4  25
  4  32
  4  39
  4  42
  4  47
  4  51
  4  55
  4  69
  4  78
  4  82
  4  83
  4  84
  4  86
  4  94
  4  95
  4  99
  5  11
  5  30
  5  44
  5  45
  5  46
  5  54
  5  58
  5  60
  5  61
  5  62
  5  70
  5  74
  5  77
  5  84
  5  88
  5  91
  6   8
  6  17
  6  24
  6  28
  6  33
  6  35
  6  37
  6  39
  6  43
  6  47
  6  49
  6  50
  6  53
  6  59
  6  61
  6  69
  6  73
  6  75
  6  79
  6  85
  7  10
  7  16
  7  21
  7  24
  7  29
  7  32
  7  37
  7  49
  7  52
  7  56
  7  62
  7  70
  7  79
  7  88
  7  89
  7  90
  7  95
  7  97
  7  98
  8   9
  8  10
  8  18
  8  22
  8  24
  8  33
  8  36
  8  37
  8  40
  8  42
  8  47
  8  52
  8  58
  8  59
  8  60
  8  64
  8  70
  8  72
  8  73
  8  74
  8  79
  8  88
  8  95
  9  10
  9  16
  9  26
  9  29
  9  35
  9  42
  9  44
  9  47
  9  50
  9  60
  9  72
  9  76
  9  79
  9  83
  9  90
  9  98
 10  15
 10  16
 10  18
 10  22
 10  25
 10  28
 10  32
 10  41
 10  45
 10  46
 10  53
 10  54
 10  56
 10  58
 10  61
 10  68
 10  73
 10  76
 10  78
 10  79
 10  84
 10  88
 10  96
 11  13
 11  15
 11  16
 11  34
 11  38
 11  39
 11  45
 11  50
 11  51
 11  55
 11  59
 11  68
 11  71
 11  73
 11  76
 11  83
 11  85
 11  90
 11  97
 12  17
 12  18
 12  19
 12  20
 12  36
 12  38
 12  43
 12  57
 12  60
 12  62
 12  66
 12  73
 12  90
 12  92
 13  16
 13  26
 13  35
 13  36
 13  37
 13  45
 13  49
 13  53
 13  58
 13  64
 13  72
 13  73
 13  74
 13  82
 13  94
 13  99
 14  15
 14  18
 14  19
 14  31
 14  32
 14  33
 14  49
 14  54
 14  56
 14  58
 14  63
 14  66
 14  67
 14  75
 14  79
 14  90
 14  92
 14  99
 15  24
 15  30
 15  36
 15  40
 15  41
 15  47
 15  49
 15  54
 15  55
 15  59
 15  64
 15  65
 15  76
 15  77
 15  83
 15  91
 15  92
 15  95
 16  17
 16  29
 16  30
 16  34
 16  36
 16  38
 16  49
 16  59
 16  62
 16  68
 16  70
 16  76
 16  77
 16  81
 16  87
 16  89
 16  94
 17  31
 17  51
 17  58
 17  59
 17  62
 17  65
 17  72
 17  77
 17  83
 17  85
 17  88
 18  24
 18  26
 18  34
 18  46
 18  47
 18  48
 18  69
 18  70
 18  77
 18  81
 18  83
 18  92
 18  93
 19  23
 19  27
 19  38
 19  40
 19  47
 19  52
 19  54
 19  58
 19  60
 19  68
 19  76
 19  84
 19  95
 19  96
 19  97
 19  99
 20  24
 20  28
 20  29
 20  36
 20  40
 20  41
 20  43
 20  51
 20  53
 20  58
 20  65
 20  66
 20  78
 20  92
 20  93
 20  94
 20  97
 20  98
 21  26
 21  27
 21  40
 21  42
 21  45
 21  50
 21  54
 21  55
 21  56
 21  57
 21  58
 21  60
 21  64
 21  70
 21  73
 21  75
 21  78
 21  81
 21  87
 21  89
 21  95
 21  96
 22  26
 22  30
 22  33
 22  34
 22  45
 22  49
 22  56
 22  58
 22  63
 22  65
 22  67
 22  76
 22  78
 22  83
 22  87
 22  91
 22  95
 23  27
 23  30
 23  33
 23  38
 23  43
 23  46
 23  52
 23  58
 23  61
 23  62
 23  68
 23  76
 23  78
 23  79
 23  85
 23  90
 23  94
 23  95
 24  26
 24  32
 24  38
 24  39
 24  41
 24  43
 24  47
 24  48
 24  51
 24  52
 24  56
 24  57
 24  60
 24  65
 24  70
 24  76
 24  79
 24  80
 24  81
 24  82
 24  85
 24  93
 24  97
 25  32
 25  43
 25  53
 25  56
 25  57
 25  61
 25  69
 25  75
 25  85
 25  88
 25  90
 25  94
 25  96
 25  98
 26  32
 26  34
 26  40
 26  43
 26  47
 26  59
 26  60
 26  63
 26  74
 26  76
 26  81
 26  83
 26  88
 26  89
 26  93
 26  99
 27  29
 27  45
 27  46
 27  48
 27  52
 27  54
 27  66
 27  72
 27  76
 27  82
 27  86
 28  38
 28  42
 28  47
 28  48
 28  50
 28  53
 28  59
 28  62
 28  64
 28  66
 28  68
 28  77
 28  86
 28  87
 28  88
 28  91
 28  97
 29  31
 29  46
 29  54
 29  59
 29  63
 29  65
 29  74
 29  75
 29  78
 29  86
 29  90
 29  91
 29  92
 29  94
 30  31
 30  42
 30  44
 30  45
 30  48
 30  55
 30  60
 30  72
 30  75
 30  78
 30  91
 30  98
 31  39
 31  54
 31  61
 31  62
 31  63
 31  67
 31  70
 31  73
 31  77
 31  81
 31  84
 31  88
 32  36
 32  39
 32  41
 32  45
 32  46
 32  48
 32  58
 32  59
 32  68
 32  69
 32  74
 32  84
 32  89
 32  92
 32  93
 32  94
 32  98
 33  36
 33  38
 33  43
 33  44
 33  48
 33  52
 33  54
 33  56
 33  57
 33  65
 33  66
 33  67
 33  69
 33  77
 33  89
 33  91
 34  49
 34  57
 34  62
 34  69
 34  70
 34  71
 34  73
 34  77
 34  78
 34  80
 34  86
 34  87
 34  89
 34  94
 34  96
 35  40
 35  46
 35  57
 35  61
 35  68
 35  78
 35  83
 35  85
 35  87
 35  91
 35  96
 36  38
 36  40
 36  44
 36  45
 36  57
 36  67
 36  68
 36  76
 36  78
 36  80
 36  98
 37  40
 37  41
 37  56
 37  62
 37  68
 37  71
 37  72
 37  74
 37  85
 37  89
 38  39
 38  40
 38  42
 38  43
 38  49
 38  59
 38  60
 38  66
 38  68
 38  73
 38  75
 38  77
 39  53
 39  58
 39  60
 39  65
 39  71
 39  81
 39  93
 39  96
 39  98
 40  43
 40  48
 40  62
 40  66
 40  75
 40  78
 40  82
 40  88
 40  96
 41  46
 41  47
 41  53
 41  64
 41  65
 41  67
 41  68
 41  84
 41  93
 41  94
 41  98
 42  48
 42  50
 42  55
 42  61
 42  66
 42  72
 42  75
 42  76
 42  82
 42  87
 42  89
 42  90
 42  94
 42  97
 43  44
 43  46
 43  47
 43  50
 43  51
 43  60
 43  65
 43  73
 43  77
 43  93
 43  96
 44  54
 44  59
 44  63
 44  70
 44  77
 44  78
 44  88
 44  93
 44  95
 44  97
 45  49
 45  50
 45  67
 45  69
 45  72
 45  73
 45  82
 45  84
 45  85
 45  90
 46  50
 46  52
 46  57
 46  62
 46  66
 46  76
 46  77
 46  83
 46  92
 46  96
 46  98
 47  52
 47  55
 47  58
 47  66
 47  93
 48  50
 48  59
 48  60
 48  64
 48  74
 48  82
 48  86
 48  89
 48  94
 48  98
 49  60
 49  63
 49  67
 49  70
 49  71
 49  77
 49  83
 49  85
 49  89
 49  93
 49  94
 49  97
 50  64
 50  66
 50  69
 50  70
 50  73
 50  76
 50  86
 50  88
 50  93
 51  56
 51  59
 51  69
 51  74
 51  78
 51  89
 51  90
 51  97
 51  98
 52  56
 52  71
 52  74
 52  79
 52  80
 52  85
 52  89
 52  90
 52  94
 53  60
 53  61
 53  62
 53  66
 53  68
 53  88
 53  91
 53  99
 54  59
 54  61
 54  63
 54  68
 54  75
 54  78
 54  87
 54  90
 54  91
 54  94
 55  60
 55  65
 55  69
 55  76
 55  78
 55  79
 55  81
 55  87
 55  98
 55  99
 56  61
 56  71
 56  91
 56  95
 56  96
 57  63
 57  68
 57  70
 57  74
 57  79
 57  83
 57  88
 58  59
 58  60
 58  65
 58  67
 58  68
 58  72
 58  84
 58  85
 58  86
 58  88
 58  91
 59  70
 59  71
 59  72
 59  88
 59  90
 60  72
 60  89
 60  94
 60  96
 60  98
 61  66
 61  67
 61  73
 61  79
 61  80
 61  81
 61  88
 61  92
 62  64
 62  68
 62  70
 62  78
 62  79
 62  82
 62  87
 62  88
 62  89
 62  93
 62  94
 63  77
 63  84
 64  71
 64  72
 64  77
 64  83
 64  84
 64  87
 64  88
 64  92
 65  68
 65  69
 65  75
 65  76
 65  81
 65  84
 65  91
 65  93
 65  94
 65  95
 65  96
 65  97
 65  99
 66  67
 66  70
 66  72
 66  76
 66  79
 66  98
 67  69
 67  70
 67  82
 67  83
 67  87
 67  88
 67  89
 68  84
 68  86
 68  89
 68  90
 68  94
 68  95
 69  85
 70  83
 70  85
 70  88
 70  94
 70  95
 71  82
 71  89
 71  92
 71  94
 72  73
 72  83
 72  84
 72  86
 72  91
 72  93
 72  94
 72  96
 73  86
 73  87
 73  90
 73  94
 73  96
 73  99
 74  78
 74  80
 74  86
 74  92
 75  79
 75  83
 75  98
 76  81
 76  84
 76  92
 76  93
 76  96
 77  79
 77  83
 77  85
 77  94
 77  97
 78  85
 78  86
 78  89
 79  83
 79  88
 79  93
 79  98
 80  86
 80  87
 80  89
 80  91
 80  96
 81  85
 81  89
 81  95
 81  98
 82  90
 82  95
 83  84
 83  85
 84  88
 84  97
 85  93
 85  98
 86  88
 86  89
 86  92
 86  93
 87  95
 89  94
 89  97
 89  99
 90  91
 90  95
 92  93
 92  95
 92  96
 93  95
 93  98
 93  99
 94  98
 94  99
