# n=100 p=0.200 seed=4483
  0   1
  0   4
  0   8
  0  14
  0  17
  0  31
  0  40
  0  42
  0  45
  0  49
  0  51
  0  58
  0  63
  0  65
  0  70
  0  72
  0  75
  0  83
  0  84
  0  90
  0  95
  1   4
  1   6
  1  11
  1  15
  1  22
  1  26
  1  31
  1  34
  1  35
  1  37
  1  39
  1  43
  1  54
  1  58
  1  62
  1  65
  1  71
  1  73
  1  76
  1  84
  1  86
  1  89
  1  99
  2   5
  2  26
  2  28
  2  29
  2  30
  2  33
  2  34
  2  36
  2  43
  2  44
  2  45
  2  50
  2  54
  2  56
  2  62
  2  65
  2  68
  2  69
  2  77
  2  82
  2  83
  2  85
  2  98
  3   6
  3  11
  3  13
  3  19
  3  35
  3  38
  3  39
  3  40
  3  55
  3  56
  3  59
  3  61
  3  68
  3  71
  3  72
  3  77
  3  81
  3  84
  3  89
  3  91
  3  93
  4   5
  4   8
  4  19
  4  30
  4  34
  4  41
  4  43
  4  49
  4  51
  4  58
  4  61
  4  65
  4  67
  4  68
  4  78
  4  82
  4  85
  4  90
  4  93
  4  96
  4  99
  5  10
  5  14
  5  25
  5  34
  5  36
  5  57
  5  59
  5  73
  5  75
  5  79
  5  85
  5  86
  5  92
  5  94
  5  99
  6  20
  6  24
  6  28
  6  29
  6  34
  6  35
  6  36
  6  37
  6  43
  6  47
  6  49
  6  52
  6  54
  6  58
  6  66
  6  72
  6  76
  6  86
  6  89
  6  91
  6  92
  6  97
  6  99
  7  19
  7  20
  7  24
  7  28
  7  31
  7  37
  7  39
  7  41
  7  47
  7  48
  7  50
  7  53
  7  56
  7  58
  7  59
  7  60
  7  64
  7  66
  7  76
  7  79
  7  83
  7  98
  8   9
  8  18
  8  22
  8  33
  8  36
  8  44
  8  45
  8  51
  8  52
  8  65
  8  69
  8  77
  8  81
  8  88
  9  16
  9  21
  9  27
  9  28
  9  36
  9  37
  9  38
  9  48
  9  49
  9  52
  9  53
  9  54
  9  57
  9  65
  9  68
  9  70
  9  82
  9  87
  9  92
  9  94
 10  19
 10  25
 10  32
 10  41
 10  44
 10  51
 10  61
 10  68
 10  78
 10  90
 10  97
 10  99
 11  36
 11  39
 11  40
 11  51
 11  53
 11  70
 11  71
 11  75
 11  79
 11  81
 11  84
 11  85
 11  87
 12  17
 12  18
 12  22
 12  34
 12  42
 12  43
 12  55
 12  66
 12  72
 12  81
 12  82
 12  83
 12  86
 12  91
 12  99
 13  14
 13  15
 13  17
 13  25
 13  33
 13  36
 13  40
 13  41
 13  44
 13  47
 13  48
 13  49
 13  52
 13  57
 13  58
 13  62
 13  68
 13  69
 13  70
 13  71
 13  72
 13  73
 13  75
 13  76
 13  77
 13  78
 13  79
 13  81
 13  87
 13  92
 13  96
 14  20
 14  36
 14  37
 14  39
 14  41
 14  42
 14  46
 14  47
 14  48
 14  51
 14  52
 14  57
 14  59
 14  64
 14  68
 14  82
 14  86
 14  94
 15  16
 15  18
 15  28
 15  30
 15  32
 15  33
 15  34
 15  37
 15  42
 15  59
 15  70
 15  79
 15  84
 15  87
 15  90
 15  94
 15  95
 16  24
 16  29
 16  51
 16  57
 16  59
 16  73
 16  75
 16  80
 16  81
 16  84
 16  85
 16  86
 16  88
 16  89
 16  96
 17  20
 17  28
 17  32
 17  36
 17  46
 17  48
 17  52
 17  54
 17  60
 17  71
 17  75
 17  76
 17  88
 17  91
 17  99
 18  22
 18  29
 18  31
 18  37
 18  39
 18  57
 18  60
 18  61
 18  71
 18  73
 18  74
 18  78
 18  89
 18  94
 18  95
 18  96
 18  97
 19  23
 19  25
 19  32
 19  36
 19  40
 19  48
 19  49
 19  59
 19  61
 19  64
 19  69
 19  75
 19  83
 19  84
 19  89
 20  24
 20  26
 20  27
 20  28
 20  30
 20  32
 20  37
 20  38
 20  46
 20  48
 20  60
 20  63
 20  64
 20  70
 20  74
 20  77
 20  85
 20  94
 20  99
 21  22
 21  37
 21  41
 21  43
 21  44
 21  47
 21  49
 21  51
 21  52
 21  57
 21  63
 21  73
 21  75
 21  78
 21  82
 21  87
 21  91
 21  94
 21  95
 22  26
 22  30
 22  31
 22  33
 22  36
 22  45
 22  46
 22  47
 22  50
 22  56
 22  57
 22  66
 22  89
 23  27
 23  34
 23  39
 23  41
 23  45
 23  46
 23  50
 23  51
 23  52
 23  56
 23  57
 23  72
 23  73
 23  74
 23  76
 23  77
 23  98
 23  99
 24  37
 24  38
 24  39
 24  42
 24  44
 24  46
 24  47
 24  49
 24  51
 24  80
 24  81
 24  82
 24  84
 24  89
 24  96
 24  97
 24  99
 25  26
 25  35
 25  53
 25  56
 25  57
 25  58
 25  62
 25  63
 25  64
 25  68
 25  73
 25  77
 25  80
 25  82
 25  85
 25  91
 25  92
 25  98
 26  28
 26  31
 26  32
 26  41
 26  51
 26  57
 26  61
 26  62
 26  65
 26  75
 26  96
 27  56
 27  59
 27  60
 27  63
 27  67
 27  69
 27  74
 27  79
 27  83
 27  85
 27  88
 27  93
 27  95
 27  97
 27  98
 28  29
 28  30
 28  38
 28  40
 28  43
 28  50
 28  53
 28  56
 28  67
 28  68
 28  69
 28  77
 28  78
 28  90
 28  93
 29  39
 29  40
 29  48
 29  53
 29  64
 29  67
 29  70
 29  76
 29  79
 29  86
 29  93
 30  33
 30  35
 30  38
 30  40
 30  49
 30  53
 30  62
 30  71
 30  72
 30  84
 30  86
 30  93
 30  98
 31  32
 31  35
 31  37
 31  39
 31  43
 31  54
 31  57
 31  72
 31  73
 31  74
 31  84
 31  85
 31  86
 31  88
 31  96
 31  97
 32  39
 32  51
 32  62
 32  71
 32  72
 32  92
 33  35
 33  43
 33  56
 33  57
 33  62
 33  63
 33  64
 33  70
 33  79
 33  84
 33  87
 34  39
 34  40
 34  43
 34  44
 34  49
 34  57
 34  61
 34  62
 34  77
 34  78
 34  80
 34  87
 34  97
 34  98
 35  37
 35  41
 35  43
 35  46
 35  48
 35  49
 35  51
 35  59
 35  72
 35  79
 35  82
 35  88
 35  94
 36  50
 36  51
 36  55
 36  61
 36  63
 36  67
 36  71
 36  88
 36  93
 36  94
 36  95
 37  46
 37  47
 37  51
 37  52
 37  61
 37  65
 37  81
 37  86
 37  90
 37  97
 38  50
 38  54
 38  59
 38  60
 38  71
 38  78
 38  84
 38  90
 38  94
 39  40
 39  41
 39  44
 39  45
 39  53
 39  55
 39  60
 39  61
 39  68
 39  70
 39  72
 39  75
 39  88
 39  91
 39  96
 39  99
 40  53
 40  57
 40  66
 40  77
 40  79
 40  86
 40  92
 40  99
 41  43
 41  44
 41  49
 41  52
 41  53
 41  54
 41  55
 41  62
 41  65
 41  70
 41  78
 41  83
 41  86
 41  95
 42  66
 42  69
 42  78
 42  82
 42  88
 42  90
 42  99
 43  44
 43  47
 43  48
 43  52
 43  53
 43  64
 43  66
 43  77
 43  78
 43  84
 43  86
 44  45
 44  47
 44  49
 44  61
 44  68
 44  69
 44  70
 44  80
 44  85
 44  88
 44  97
 44  98
 44  99
 45  58
 45  66
 45  72
 45  79
 45  82
 45  83
 45  87
 45  91
 45  93
 45  99
 46  47
 46  48
 46  56
 46  59
 46  65
 46  66
 46  69
 46  70
 46  75
 46  76
 46  79
 46  85
 46  92
 46  94
 46  95
 46  97
 46  99
 47  48
 47  49
 47  53
 47  63
 47  69
 47  74
 47  75
 47  77
 47  79
 47  80
 47  81
 47  84
 47  89
 47  90
 47  95
 47  98
 47  99
 48  51
 48  62
 48  67
 48  70
 48  82
 48  87
 48  91
 48  92
 49  54
 49  59
 49  61
 49  65
 49  72
 49  94
 49  98
 49  99
 50  60
 50  61
 50  63
 50  66
 50  68
 50  70
 50  78
 50  79
 50  89
 50  96
 51  56
 51  57
 51  65
 51  66
 51  75
 51  77
 51  84
 51  86
 51  87
 51  91
 52  53
 52  58
 52  59
 52  61
 52  63
 52  64
 52  65
 52  68
 52  74
 52  79
 52  80
 52  91
 52  94
 53  58
 53  66
 53  71
 53  72
 53  77
 53  82
 53  99
 54  59
 54  67
 54  76
 54  81
 54  84
 54  89
 54  94
 55  61
 55  67
 55  76
 55  78
 55  79
 55  81
 55  86
 55  87
 56  76
 56  81
 56  86
 56  87
 56  89
 56  90
 56  96
 57  60
 57  67
 57  68
 57  69
 57  73
 57  74
 57  87
 57  93
 57  95
 57  97
 58  59
 58  66
 58  72
 58  74
 58  75
 58  76
 58  84
 58  96
 59  63
 59  68
 59  69
 59  74
 59  76
 59  78
 59  79
 59  80
 59  85
 59  92
 59  97
 60  61
 60  62
 60  66
 60  78
 60  79
 60  82
 60  83
 60  89
 60  95
 60  99
 61  62
 61  64
 61  82
 61  89
 61  90
 61  92
 61  98
 62  66
 62  71
 62  72
 62  78
 62  80
 62  83
 62  87
 62  88
 62  93
 63  64
 63  74
 63  83
 63  86
 63  88
 63  97
 63  98
 64  67
 64  68
 64  70
 64  72
 64  78
 64  81
 64  84
 64  91
 64  97
 65  70
 65  72
 65  75
 65  78
 65  81
 65  86
 65  90
 65  91
 65  94
 65  99
 66  67
 66  69
 66  70
 66  74
 66  82
 66  88
 66  96
 67  69
 67  71
 67  73
 67  78
 67  83
 67  84
 67  85
 67  98
 68  70
 68  74
 68  80
 68  83
 68  84
 68  89
 68  96
 68  97
 69  73
 69  74
 69  77
 69  79
 69  85
 69  86
 69  92
 70  74
 70  81
 70  82
 70  83
 70  84
 70  86
 70  87
 70  99
 71  77
 71  85
 71  90
 71  92
 72  74
 72  77
 72  84
 72  85
 73  83
 73  90
 73  94
 74  76
 74  82
 74  83
 74  84
 74  94
 75  78
 75  79
 75  80
 75  83
 75  85
 75  90
 75  92
 75  97
 75  99
 76  81
 76  96
 77  82
 77  86
 77  96
 78  79
 78  84
 78  85
 79  83
 79  90
 80  81
 80  83
 80  87
 80  91
 80  92
 80  95
 81  86
 81  88
 81  90
 81  94
 82  86
 82  99
 83  97
 84  89
 84  90
 84  91
 84  93
 85  86
 85  91
 85  96
 85  98
 85  99
 86  95
 86  99
 87  90
 88  90
 88  93
 88  95
 90  94
 91  93
 91  98
 93  94
 93  96
 93  98
 95  96
 97  99
