# n=100 p=0.200 seed=4444
  0   2
  0   4
  0  16
  0  21
  0  23
  0  28
  0  29
  0  33
  0  38
  0  55
  0  65
  0  69
  0  71
  0  72
  0  80
  0  81
  0  87
  0  88
  0  99
  1  11
  1  12
  1  14
  1  19
  1  27
  1  38
  1  39
  1  42
  1  50
  1  52
  1  67
  1  68
  1  75
  1  77
  1  78
  1  84
  1  95
  1  98
  2  12
  2  24
  2  28
  2  33
  2  35
  2  44
  2  50
  2  51
  2  79
  2  82
  2  88
  2  90
  2  95
  2  96
  2  97
  2  98
  3   6
  3   7
  3  16
  3  17
  3  18
  3  23
  3  26
  3  27
  3  30
  3  33
  3  35
  3  38
  3  40
  3  50
  3  55
  3  56
  3  58
  3  63
  3  66
  3  67
  3  68
  3  72
  3  76
  3  81
  3  82
  3  91
  3  94
  3  95
  3  98
  4  11
  4  13
  4  14
  4  17
  4  18
  4  30
  4  32
  4  43
  4  46
  4  49
  4  52
  4  54
  4  64
  4  68
  4  78
  4  80
  5   9
  5  19
  5  21
  5  31
  5  32
  5  34
  5  36
  5  40
  5  44
  5  50
  5  51
  5  52
  5  59
  5  62
  5  66
  5  68
  5  70
  5  71
  5  79
  5  80
  5  82
  5  84
  5  85
  5  91
  5  99
  6   7
  6   9
  6  13
  6  15
  6  19
  6  31
  6  33
  6  34
  6  37
  6  38
  6  40
  6  47
  6  49
  6  51
  6  58
  6  60
  6  76
  6  86
  6  89
  6  92
  6  93
  6  94
  7  14
  7  15
  7  19
  7  26
  7  28
  7  31
  7  34
  7  47
  7  54
  7  56
  7  57
  7  59
  7  67
  7  68
  7  80
  7  87
  7  94
  7  97
  8  14
  8  31
  8  34
  8  40
  8  53
  8  56
  8  57
  8  59
  8  61
  8  62
  8  74
  8  77
  8  86
  8  87
  8  90
  8  93
  8  95
  8  97
  8  99
  9  19
  9  24
  9  26
  9  34
  9  42
  9  51
  9  52
  9  55
  9  56
  9  63
  9  71
  9  78
  9  79
  9  82
  9  84
  9  86
  9  93
 10  17
 10  21
 10  24
 10  25
 10  26
 10  44
 10  50
 10  55
 10  60
 10  67
 10  84
 10  85
 10  96
 10  97
 10  98
 11  12
 11  17
 11  24
 11  28
 11  32
 11  49
 11  56
 11  59
 11  63
 11  70
 11  75
 11  80
 11  81
 11  86
 11  89
 12  13
 12  17
 12  25
 12  31
 12  46
 12  54
 12  56
 12  61
 12  67
 12  73
 12  83
 12  95
 12  99
 13  14
 13  15
 13  19
 13  20
 13  23
 13  24
 13  37
 13  40
 13  52
 13  55
 13  56
 13  61
 13  63
 13  65
 13  67
 13  68
 13  69
 13  77
 13  81
 13  86
 13  88
 13  94
 14  17
 14  21
 14  30
 14  46
 14  47
 14  58
 14  76
 14  77
 14  81
 14  85
 14  86
 14  91
 14  98
 15  19
 15  32
 15  33
 15  34
 15  37
 15  38
 15  40
 15  46
 15  56
 15  57
 15  58
 15  59
 15  60
 15  61
 15  66
 15  85
 16  17
 16  18
 16  21
 16  26
 16  32
 16  39
 16  40
 16  41
 16  43
 16  44
 16  50
 16  53
 16  59
 16  61
 16  63
 16  65
 16  67
 16  73
 16  75
 16  80
 16  81
 16  84
 16  86
 16  92
 17  18
 17  19
 17  25
 17  39
 17  48
 17  49
 17  54
 17  63
 17  67
 17  70
 17  71
 17  72
 17  73
 17  84
 17  91
 17  94
 17  95
 17  99
 18  19
 18  22
 18  24
 18  29
 18  34
 18  37
 18  38
 18  41
 18  42
 18  45
 18  52
 18  55
 18  56
 18  58
 18  63
 18  64
 18  78
 18  79
 18  80
 18  83
 18  85
 18  87
 18  92
 18  99
 19  27
 19  30
 19  37
 19  47
 19  53
 19  70
 19  71
 19  77
 19  82
 19  89
 19  94
 19  99
 20  23
 20  37
 20  38
 20  39
 20  40
 20  41
 20  42
 20  44
 20  62
 20  65
 20  68
 20  70
 20  71
 20  72
 20  73
 20  77
 20  89
 20  94
 20  95
 20  97
 21  22
 21  23
 21  25
 21  26
 21  29
 21  49
 21  62
 21  63
 21  68
 21  71
 21  75
 21  82
 21  89
 21  95
 22  24
 22  28
 22  29
 22  30
 22  31
 22  46
 22  49
 22  63
 22  95
 22  97
 23  35
 23  50
 23  52
 23  54
 23  60
 23  61
 23  65
 23  70
 23  72
 23  77
 23  80
 23  83
 23  89
 24  29
 24  32
 24  38
 24  39
 24  45
 24  47
 24  61
 24  72
 24  86
 24  88
 25  30
 25  33
 25  35
 25  37
 25  44
 25  46
 25  48
 25  52
 25  56
 25  57
 25  63
 25  66
 25  67
 25  70
 25  72
 25  74
 25  83
 25  85
 25  91
 25  95
 25  96
 26  36
 26  40
 26  42
 26  55
 26  56
 26  63
 26  64
 26  69
 26  70
 26  75
 26  76
 26  77
 26  88
 26  90
 26  94
 26  96
 27  29
 27  38
 27  49
 27  54
 27  57
 27  60
 27  66
 27  69
 27  70
 27  76
 27  77
 27  80
 27  87
 28  46
 28  50
 28  51
 28  56
 28  64
 28  73
 28  76
 28  85
 28  88
 28  96
 28  99
 29  35
 29  45
 29  50
 29  58
 29  65
 29  71
 29  72
 29  85
 29  90
 29  92
 29  97
 30  39
 30  42
 30  70
 30  72
 30  73
 30  77
 30  81
 30  84
 30  86
 30  96
 31  41
 31  57
 31  61
 31  70
 31  75
 31  82
 31  83
 31  94
 31  98
 31  99
 32  33
 32  34
 32  37
 32  55
 32  57
 32  64
 32  73
 32  77
 32  93
 32  95
 32  98
 33  36
 33  40
 33  45
 33  53
 33  57
 33  62
 33  66
 33  69
 33  77
 33  79
 33  83
 33  87
 33  94
 34  43
 34  48
 34  52
 34  55
 34  57
 34  65
 34  69
 34  76
 34  92
 34  94
 34  95
 34  96
 34  97
 34  98
 35  39
 35  45
 35  46
 35  47
 35  49
 35  56
 35  69
 35  70
 35  74
 35  85
 35  93
 35  95
 36  38
 36  40
 36  43
 36  44
 36  45
 36  46
 36  60
 36  61
 36  63
 36  66
 36  69
 36  79
 36  81
 36  85
 36  95
 36  96
 37  38
 37  40
 37  42
 37  47
 37  53
 37  57
 37  75
 37  80
 37  94
 38  44
 38  57
 38  58
 38  60
 38  78
 38  97
 39  41
 39  45
 39  46
 39  48
 39  49
 39  52
 39  60
 39  66
 39  67
 39  68
 39  81
 39  86
 40  49
 40  54
 40  61
 40  63
 40  67
 40  68
 40  72
 40  73
 40  86
 40  88
 40  98
 41  45
 41  53
 41  65
 41  68
 41  71
 41  74
 41  75
 41  77
 41  81
 41  82
 41  84
 41  86
 41  99
 42  44
 42  45
 42  47
 42  49
 42  59
 42  74
 42  75
 42  77
 42  78
 42  80
 42  81
 42  82
 42  87
 42  97
 43  64
 43  71
 43  72
 43  77
 43  81
 43  90
 43  95
 44  46
 44  47
 44  67
 44  69
 44  73
 44  79
 44  81
 44  85
 44  86
 44  97
 44  99
 45  46
 45  51
 45  58
 45  66
 45  68
 45  76
 45  83
 45  84
 45  89
 45  91
 45  98
 46  48
 46  54
 46  68
 46  75
 46  77
 46  80
 46  89
 46  95
 47  54
 47  65
 47  68
 47  79
 47  80
 47  82
 47  86
 47  88
 47  90
 47  92
 48  55
 48  64
 48  65
 48  68
 48  73
 48  75
 48  81
 48  83
 48  89
 48  90
 48  99
 49  57
 49  59
 49  61
 49  62
 49  63
 49  69
 49  72
 49  78
 49  79
 49  86
 50  56
 50  65
 50  68
 50  69
 50  74
 50  77
 50  94
 50  99
 51  53
 51  56
 51  67
 51  97
 52  53
 52  54
 52  58
 52  64
 52  68
 52  77
 52  78
 52  79
 52  87
 52  92
 52  95
 52  97
 52  98
 53  54
 53  63
 53  68
 53  78
 53  80
 53  82
 53  83
 53  90
 53  95
 53  96
 54  62
 54  68
 54  74
 54  75
 54  87
 54  89
 54  94
 54  99
 55  64
 55  90
 55  93
 55  97
 56  60
 56  65
 56  66
 56  71
 56  80
 56  82
 56  85
 56  89
 57  66
 57  67
 57  69
 57  75
 57  78
 57  79
 57  88
 57  94
 57  97
 58  64
 58  81
 58  84
 58  89
 58  97
 59  67
 59  69
 59  71
 59  72
 59  76
 59  81
 59  86
 59  96
 60  63
 60  74
 60  81
 60  83
 60  85
 60  88
 60  91
 60  92
 61  64
 61  70
 61  72
 61  84
 61  89
 61  93
 62  68
 62  89
 62  97
 63  64
 63  72
 63  77
 63  96
 64  65
 64  68
 64  78
 64  84
 64  91
 64  93
 64  96
 64  99
 65  70
 65  72
 65  75
 65  77
 65  81
 65  83
 65  85
 65  91
 65  92
 65  98
 65  99
 66  68
 66  78
 66  89
 66  91
 66  93
 66  96
 67  71
 67  73
 67  75
 67  82
 67  85
 67  88
 67  89
 67  96
 68  76
 68  77
 68  88
 68  95
 69  71
 69  72
 69  73
 69  87
 69  97
 69  98
 70  80
 70  81
 70  92
 70  97
 71  75
 71  77
 71  79
 71  88
 71  89
 71  90
 71  98
 71  99
 72  83
 72  84
 72  87
 72  91
 72  95
 72  97
 73  78
 73  79
 73  86
 73  95
 73  99
 74  77
 74  82
 74  85
 74  87
 74  93
 74  97
 75  76
 75  77
 75  78
 75  80
 75  87
 75  94
 75  95
 76  80
 76  88
 76  92
 76  97
 77  82
 77  90
 77  91
 77  94
 77  97
 78  81
 78  83
 78  86
 78  88
 78  94
 79  86
 79  98
 80  81
 80  95
 80  97
 80  98
 81  85
 81  90
 81  97
 82  88
 82  89
 82  90
 82  91
 82  99
 83  93
 83  99
 84  87
 84  90
 84  91
 85  87
 85  96
 85  97
 86  97
 86  98
 87  91
 87  92
 87  97
 87  98
 88  95
 89  90
 90  94
 90  95
 91  97
 92  96
 92  98
 93  95
 94  95
 94  97
 95  97
 96  99
 97  99
