# n=100 p=0.200 seed=4493
  0   5
  0   6
  0   8
  0  11
  0  17
  0  24
  0  27
  0  35
  0  37
  0  44
  0  50
  0  51
  0  72
  0  73
  0  74
  0  75
  0  83
  0  98
  1  14
  1  17
  1  21
  1  23
  1  25
  1  29
  1  35
  1  38
  1  50
  1  69
  1  75
  1  79
  1  80
  1  85
  1  89
  1  93
  1  95
  2   4
  2  11
  2  12
  2  37
  2  45
  2  50
  2  51
  2  62
  2  64
  2  68
  2  74
  2  83
  2  84
  2  86
  2  87
  2  93
  2  96
  2  97
  2  99
  3  10
  3  15
  3  16
  3  20
  3  24
  3  33
  3  46
  3  51
  3  61
  3  64
  3  69
  3  72
  3  73
  3  74
  3  78
  3  81
  3  88
  4   9
  4  10
  4  16
  4  18
  4  20
  4  27
  4  31
  4  33
  4  42
  4  46
  4  48
  4  49
  4  51
  4  67
  4  68
  4  71
  4  75
  4  78
  4  87
  4  91
  4  96
  4  98
  4  99
  5   8
  5  13
  5  40
  5  55
  5  56
  5  61
  5  65
  5  73
  5  84
  5  91
  6   8
  6  17
  6  20
  6  25
  6  26
  6  29
  6  42
  6  43
  6  48
  6  51
  6  53
  6  55
  6  56
  6  57
  6  64
  6  65
  6  66
  6  69
  6  75
  6  80
  6  84
  6  86
  6  89
  6  90
  6  98
  7  12
  7  13
  7  24
  7  31
  7  33
  7  35
  7  36
  7  40
  7  43
  7  48
  7  50
  7  52
  7  55
  7  57
  7  60
  7  65
  7  72
  7  86
  7  92
  8  10
  8  11
  8  13
  8  17
  8  20
  8  23
  8  26
  8  28
  8  29
  8  31
  8  32
  8  37
  8  46
  8  47
  8  49
  8  55
  8  56
  8  63
  8  65
  8  67
  8  82
  8  87
  8  95
  8  98
  9  14
  9  19
  9  22
  9  24
  9  25
  9  28
  9  44
  9  58
  9  59
  9  63
  9  69
  9  70
  9  76
  9  78
  9  89
  9  91
  9  93
  9  94
 10  13
 10  16
 10  30
 10  41
 10  52
 10  55
 10  62
 10  63
 10  71
 10  72
 10  73
 10  78
 10  81
 10  85
 10  87
 10  97
 11  12
 11  17
 11  19
 11  25
 11  26
 11  27
 11  28
 11  30
 11  41
 11  47
 11  64
 11  74
 11  81
 11  83
 11  98
 12  13
 12  19
 12  22
 12  24
 12  25
 12  27
 12  34
 12  40
 12  43
 12  51
 12  53
 12  57
 12  61
 12  80
 12  91
 12  99
 13  18
 13  24
 13  27
 13  28
 13  34
 13  35
 13  36
 13  41
 13  43
 13  44
 13  52
 13  53
 13  59
 13  71
 13  74
 13  79
 13  86
 13  91
 13  95
 14  15
 14  17
 14  23
 14  34
 14  36
 14  37
 14  40
 14  53
 14  61
 14  74
 14  77
 14  85
 14  90
 14  98
 14  99
 15  16
 15  40
 15  52
 15  53
 15  62
 15  66
 15  69
 15  70
 15  71
 15  75
 15  88
 15  89
 16  20
 16  24
 16  25
 16  38
 16  40
 16  41
 16  42
 16  43
 16  44
 16  51
 16  59
 16  62
 16  73
 16  88
 16  90
 16  93
 16  94
 17  20
 17  25
 17  26
 17  30
 17  42
 17  52
 17  63
 17  79
 17  80
 17  85
 17  87
 17  91
 17  94
 18  26
 18  28
 18  34
 18  37
 18  40
 18  42
 18  46
 18  47
 18  51
 18  61
 18  69
 18  71
 18  74
 18  75
 18  79
 18  82
 18  86
 18  87
 18  88
 18  96
 18  99
 19  20
 19  22
 19  27
 19  29
 19  30
 19  34
 19  40
 19  45
 19  48
 19  51
 19  59
 19  63
 19  70
 19  75
 19  76
 19  77
 19  84
 19  85
 19  91
 19  94
 19  96
 19  98
 20  24
 20  25
 20  27
 20  32
 20  33
 20  36
 20  41
 20  45
 20  51
 20  52
 20  59
 20  68
 20  77
 20  83
 20  84
 20  88
 20  90
 20  91
 20  95
 20  98
 20  99
 21  25
 21  26
 21  27
 21  30
 21  33
 21  50
 21  58
 21  62
 21  84
 21  95
 21  99
 22  24
 22  26
 22  40
 22  44
 22  46
 22  49
 22  52
 22  53
 22  54
 22  55
 22  58
 22  62
 22  64
 22  66
 22  68
 22  73
 22  86
 22  96
 22  97
 23  30
 23  32
 23  41
 23  46
 23  49
 23  51
 23  52
 23  53
 23  57
 23  59
 23  62
 23  68
 23  70
 23  76
 23  82
 23  83
 23  90
 23  91
 23  93
 24  33
 24  43
 24  45
 24  46
 24  49
 24  54
 24  60
 24  64
 24  76
 24  80
 24  86
 25  29
 25  46
 25  47
 25  54
 25  67
 25  70
 25  74
 25  80
 25  96
 26  29
 26  33
 26  36
 26  44
 26  58
 26  66
 26  73
 26  75
 26  78
 26  82
 26  85
 26  86
 26  89
 26  98
 26  99
 27  28
 27  31
 27  36
 27  41
 27  44
 27  46
 27  48
 27  50
 27  54
 27  59
 27  60
 27  64
 27  67
 27  71
 27  78
 27  85
 27  92
 27  93
 27  95
 28  29
 28  33
 28  37
 28  43
 28  47
 28  49
 28  52
 28  77
 28  80
 28  87
 28  88
 28  99
 29  35
 29  38
 29  47
 29  50
 29  56
 29  58
 29  60
 29  62
 29  71
 29  72
 29  76
 29  81
 29  83
 29  90
 29  94
 30  33
 30  51
 30  59
 30  72
 30  87
 30  90
 30  91
 30  95
 30  97
 30  99
 31  36
 31  38
 31  39
 31  46
 31  51
 31  61
 31  63
 31  64
 31  68
 31  83
 31  84
 32  45
 32  46
 32  49
 32  60
 32  65
 32  66
 32  71
 32  81
 32  85
 32  92
 33  36
 33  49
 33  51
 33  57
 33  58
 33  71
 33  73
 33  78
 33  83
 33  87
 33  95
 33  98
 34  35
 34  41
 34  43
 34  44
 34  63
 34  66
 34  67
 34  78
 34  81
 34  90
 34  95
 34  98
 35  37
 35  44
 35  60
 35  66
 35  70
 35  72
 35  75
 35  76
 35  90
 35  97
 35  99
 36  41
 36  50
 36  64
 36  66
 36  67
 36  75
 36  78
 36  84
 36  93
 36  98
 37  43
 37  53
 37  57
 37  63
 37  66
 37  68
 37  87
 37  96
 37  99
 38  40
 38  41
 38  44
 38  46
 38  48
 38  59
 38  60
 38  61
 38  67
 38  73
 38  81
 38  92
 39  45
 39  48
 39  50
 39  57
 39  58
 39  60
 39  61
 39  62
 39  63
 39  64
 39  69
 39  72
 39  74
 39  75
 39  83
 39  90
 39  98
 40  51
 40  52
 40  53
 40  55
 40  64
 40  65
 40  71
 40  78
 40  80
 40  90
 40  96
 41  44
 41  46
 41  58
 41  59
 41  67
 41  71
 41  73
 41  77
 41  79
 41  82
 41  84
 41  86
 42  49
 42  50
 42  64
 42  65
 42  73
 42  74
 42  75
 42  76
 42  81
 42  88
 42  95
 42  96
 43  46
 43  55
 43  57
 43  58
 43  64
 43  65
 43  67
 43  68
 43  71
 43  82
 43  89
 43  91
 44  48
 44  50
 44  52
 44  60
 44  61
 44  72
 44  76
 44  81
 44  82
 44  86
 44  89
 44  92
 44  98
 45  51
 45  52
 45  55
 45  58
 45  61
 45  63
 45  64
 45  66
 45  71
 45  74
 45  75
 45  80
 45  81
 45  87
 46  49
 46  51
 46  52
 46  60
 46  61
 46  63
 46  65
 46  68
 46  75
 46  78
 46  79
 46  95
 46  98
 46  99
 47  53
 47  54
 47  58
 47  60
 47  65
 47  69
 47  70
 47  73
 47  83
 47  88
 47  89
 47  90
 47  91
 47  94
 47  95
 48  51
 48  56
 48  59
 48  67
 48  70
 48  75
 48  76
 48  81
 48  87
 48  88
 48  90
 48  99
 49  51
 49  79
 49  82
 49  83
 49  87
 49  91
 49  97
 50  56
 50  67
 50  75
 50  76
 50  79
 50  82
 50  89
 50  98
 51  54
 51  62
 51  63
 51  64
 51  65
 51  76
 51  89
 52  57
 52  60
 52  61
 52  62
 52  77
 52  79
 52  81
 52  87
 52  98
 53  58
 53  59
 53  64
 53  65
 53  85
 54  56
 54  82
 54  93
 54  95
 54  99
 55  62
 55  72
 55  75
 55  78
 55  79
 55  83
 55  85
 55  90
 56  68
 56  78
 56  86
 56  90
 56  96
 56  97
 56  98
 56  99
 57  61
 57  64
 57  67
 57  71
 57  73
 57  77
 57  93
 57  96
 57  99
 58  62
 58  63
 58  68
 58  72
 58  77
 58  78
 58  81
 58  84
 58  87
 58  92
 58  93
 59  61
 59  65
 59  89
 59  92
 59  97
 60  62
 60  66
 60  79
 60  85
 60  86
 60  89
 60  94
 60  95
 61  62
 61  66
 61  68
 61  73
 61  78
 61  80
 61  91
 61  95
 62  63
 62  67
 62  77
 62  84
 62  85
 62  87
 62  92
 62  95
 62  97
 62  98
 63  70
 63  76
 63  83
 63  88
 63  95
 63  96
 63  98
 63  99
 64  66
 64  67
 64  69
 64  80
 64  86
 64  88
 64  91
 64  94
 64  99
 65  72
 65  80
 65  83
 65  84
 65  93
 65  95
 66  68
 66  69
 66  75
 66  78
 66  85
 66  88
 66  97
 66  98
 67  68
 67  72
 67  84
 67  92
 67  93
 67  96
 68  70
 68  71
 68  86
 68  87
 68  94
 68  95
 68  96
 69  71
 69  73
 69  74
 69  79
 69  80
 69  84
 69  91
 69  94
 69  97
 69  98
 70  75
 70  82
 70  84
 70  90
 71  78
 71  79
 71  80
 71  83
 71  84
 71  85
 71  96
 71  97
 72  74
 72  78
 72  84
 72  87
 72  92
 72  93
 73  79
 73  81
 73  90
 73  94
 73  97
 74  78
 74  79
 74  82
 74  85
 74  88
 74  95
 74  99
 75  77
 75  81
 75  88
 75  95
 75  96
 76  79
 76  81
 76  91
 76  93
 77  83
 77  87
 77  89
 77  93
 77  97
 78  79
 78  80
 78  86
 78  87
 78  91
 78  93
 78  96
 78  99
 79  90
 79  95
 79  98
 80  82
 80  85
 80  92
 80  96
 81  89
 81  90
 81  93
 81  94
 81  96
 82  87
 82  90
 82  91
 82  94
 82  96
 82  98
 83  88
 83  90
 83  91
 83  94
 83  95
 84  88
 84  89
 84  93
 84  97
 84  98
 84  99
 85  87
 85  90
 85  91
 86  87
 86  89
 86  91
 86  98
 87  88
 87  89
 87  92
 87  94
 87  99
 88  93
 88  94
 88  97
 89  99
 90  93
 90  97
 90  99
 91  92
 91  99
 92  97
 92  98
 93  95
