# n=100 p=0.200 seed=4463
  0   3
  0  13
  0  14
  0  15
  0  17
  0  21
  0  38
  0  39
  0  62
  0  69
  0  75
  0  78
  0  90
  0  96
  1   4
  1   9
  1  18
  1  21
  1  26
  1  27
  1  29
  1  31
  1  40
  1  41
  1  47
  1  54
  1  55
  1  58
  1  63
  1  65
  1  68
  1  71
  1  72
  1  80
  1  98
  2   3
  2  10
  2  15
  2  17
  2  18
  2  23
  2  30
  2  37
  2  42
  2  44
  2  53
  2  56
  2  62
  2  65
  2  68
  2  71
  2  79
  2  81
  2  89
  2  97
  2  98
  2  99
  3   6
  3   8
  3   9
  3  19
  3  25
  3  28
  3  31
  3  34
  3  42
  3  43
  3  44
  3  54
  3  55
  3  57
  3  75
  3  76
  3  78
  3  81
  3  97
  4   6
  4  10
  4  13
  4  18
  4  19
  4  20
  4  29
  4  35
  4  36
  4  41
  4  42
  4  44
  4  52
  4  57
  4  58
  4  64
  4  66
  4  67
  4  68
  4  69
  4  86
  4  87
  4  89
  4  93
  5   9
  5  10
  5  11
  5  17
  5  18
  5  25
  5  29
  5  33
  5  36
  5  37
  5  42
  5  47
  5  48
  5  61
  5  65
  5  70
  5  73
  5  76
  5  79
  5  80
  5  81
  5  88
  5  93
  5  95
  6   7
  6  22
  6  25
  6  32
  6  45
  6  50
  6  52
  6  54
  6  57
  6  65
  6  69
  6  75
  6  80
  6  83
  6  87
  6  93
  7  12
  7  14
  7  16
  7  21
  7  23
  7  31
  7  39
  7  42
  7  45
  7  47
  7  51
  7  61
  7  63
  7  91
  7  93
  7  94
  7  99
  8  15
  8  19
  8  21
  8  27
  8  31
  8  35
  8  36
  8  38
  8  39
  8  42
  8  49
  8  60
  8  61
  8  74
  8  79
  8  81
  8  83
  8  90
  8  95
  8  96
  9  18
  9  29
  9  34
  9  37
  9  38
  9  48
  9  49
  9  52
  9  55
  9  61
  9  63
  9  81
  9  82
  9  88
  9  90
  9  97
  9  99
 10  16
 10  17
 10  18
 10  29
 10  31
 10  57
 10  74
 10  78
 10  80
 10  83
 10  91
 10  92
 10  97
 11  13
 11  22
 11  27
 11  43
 11  47
 11  58
 11  68
 11  75
 11  76
 11  90
 11  91
 11  94
 11  96
 11  99
 12  13
 12  20
 12  21
 12  27
 12  37
 12  38
 12  40
 12  43
 12  45
 12  47
 12  48
 12  51
 12  61
 12  76
 12  79
 12  94
 12  98
 13  29
 13  35
 13  41
 13  44
 13  48
 13  49
 13  50
 13  58
 13  60
 13  61
 13  66
 13  67
 13  74
 13  80
 13  81
 13  89
 13  92
 13  96
 14  15
 14  19
 14  29
 14  30
 14  31
 14  32
 14  35
 14  37
 14  43
 14  51
 14  62
 14  64
 14  66
 14  78
 14  86
 14  92
 14  95
 15  16
 15  19
 15  20
 15  26
 15  27
 15  28
 15  35
 15  36
 15  39
 15  42
 15  43
 15  44
 15  47
 15  49
 15  50
 15  58
 15  63
 15  64
 15  66
 15  72
 15  75
 15  92
 15  95
 16  19
 16  25
 16  26
 16  32
 16  37
 16  40
 16  48
 16  50
 16  60
 16  65
 16  67
 16  68
 16  71
 16  76
 16  79
 16  93
 16  95
 16  96
 16  99
 17  19
 17  20
 17  28
 17  31
 17  32
 17  44
 17  46
 17  52
 17  56
 17  57
 17  90
 17  95
 17  99
 18  31
 18  42
 18  43
 18  47
 18  50
 18  51
 18  52
 18  57
 18  61
 18  62
 18  63
 18  66
 18  67
 18  68
 18  72
 18  75
 18  77
 18  89
 18  92
 19  24
 19  25
 19  27
 19  31
 19  32
 19  39
 19  44
 19  59
 19  62
 19  65
 19  69
 19  77
 19  80
 19  84
 19  92
 19  93
 20  23
 20  29
 20  52
 20  55
 20  64
 20  65
 20  70
 20  71
 20  75
 20  76
 20  85
 20  87
 20  92
 20  95
 21  23
 21  25
 21  28
 21  33
 21  48
 21  63
 21  70
 21  73
 21  74
 21  76
 21  77
 21  78
 21  79
 21  82
 21  84
 21  94
 21  98
 22  23
 22  26
 22  32
 22  35
 22  37
 22  38
 22  52
 22  53
 22  57
 22  60
 22  71
 22  75
 22  77
 22  78
 22  82
 22  85
 22  88
 22  92
 22  95
 22  99
 23  24
 23  25
 23  26
 23  30
 23  33
 23  39
 23  45
 23  47
 23  48
 23  50
 23  62
 23  67
 23  83
 23  85
 23  89
 23  94
 23  95
 24  25
 24  27
 24  29
 24  36
 24  39
 24  43
 24  55
 24  68
 24  71
 24  73
 24  79
 24  80
 24  85
 24  89
 24  92
 24  93
 24  94
 24  99
 25  28
 25  33
 25  36
 25  45
 25  50
 25  55
 25  59
 25  66
 25  67
 25  69
 25  80
 25  84
 25  85
 25  87
 25  89
 25  97
 26  27
 26  30
 26  32
 26  34
 26  41
 26  42
 26  49
 26  54
 26  55
 26  56
 26  58
 26  60
 26  61
 26  62
 26  63
 26  69
 26  72
 26  82
 26  83
 26  90
 26  91
 26  94
 26  95
 27  30
 27  35
 27  37
 27  39
 27  57
 27  58
 27  61
 27  62
 27  63
 27  80
 27  81
 27  83
 27  84
 27  90
 27  97
 27  98
 28  36
 28  43
 28  54
 28  57
 28  64
 28  66
 28  67
 28  68
 28  71
 28  73
 28  87
 28  88
 28  89
 29  35
 29  38
 29  43
 29  49
 29  51
 29  52
 29  56
 29  64
 29  65
 29  70
 29  81
 29  93
 29  94
 29  98
 29  99
 30  41
 30  48
 30  53
 30  58
 30  59
 30  61
 30  72
 30  81
 30  84
 30  86
 30  89
 30  91
 30  95
 30  98
 31  37
 31  44
 31  49
 31  51
 31  54
 31  63
 31  65
 31  68
 31  73
 31  76
 31  81
 31  87
 31  88
 31  89
 31  93
 31  96
 31  98
 31  99
 32  34
 32  37
 32  39
 32  44
 32  46
 32  48
 32  51
 32  55
 32  56
 32  62
 32  65
 32  69
 32  74
 32  81
 32  89
 32  92
 32  94
 32  97
 32  98
 33  34
 33  53
 33  66
 33  67
 33  73
 33  83
 33  84
 33  92
 33  98
 33  99
 34  35
 34  40
 34  51
 34  53
 34  56
 34  57
 34  78
 34  79
 34  82
 34  84
 34  87
 34  91
 35  36
 35  37
 35  43
 35  46
 35  50
 35  62
 35  64
 35  65
 35  66
 35  69
 35  77
 35  83
 35  91
 35  92
 36  37
 36  49
 36  50
 36  56
 36  58
 36  59
 36  76
 36  77
 36  80
 36  81
 36  95
 36  97
 37  42
 37  56
 37  61
 37  64
 37  66
 37  71
 37  76
 37  77
 37  82
 37  86
 38  40
 38  46
 38  52
 38  56
 38  67
 38  68
 38  71
 38  73
 38  74
 38  77
 38  80
 38  81
 38  83
 38  94
 38  95
 38  97
 39  45
 39  56
 39  69
 39  71
 39  78
 39  80
 39  85
 39  90
 39  99
 40  43
 40  46
 40  48
 40  55
 40  56
 40  63
 40  65
 40  66
 40  76
 40  80
 40  84
 40  87
 40  89
 40  94
 40  95
 41  42
 41  48
 41  50
 41  52
 41  54
 41  55
 41  57
 41  59
 41  62
 41  81
 41  88
 41  89
 41  90
 41  93
 41  95
 42  50
 42  54
 42  58
 42  60
 42  63
 42  65
 42  67
 42  68
 42  78
 42  81
 42  84
 42  86
 42  88
 42  89
 42  92
 42  97
 42  98
 43  47
 43  55
 43  56
 43  65
 43  75
 43  79
 43  81
 43  84
 43  85
 43  96
 43  98
 44  47
 44  52
 44  53
 44  58
 44  59
 44  60
 44  61
 44  66
 44  68
 44  69
 44  70
 44  72
 44  77
 44  79
 44  81
 44  87
 44  90
 44  92
 44  95
 44  97
 45  46
 45  49
 45  51
 45  53
 45  61
 45  64
 45  70
 45  86
 45  87
 45  90
 45  92
 45  94
 46  52
 46  77
 46  78
 46  94
 46  95
 46  97
 47  49
 47  55
 47  68
 47  72
 47  83
 47  84
 47  89
 47  94
 47  95
 47  98
 48  49
 48  53
 48  54
 48  55
 48  61
 48  64
 48  66
 48  71
 48  74
 48  75
 48  76
 48  77
 48  80
 48  89
 49  50
 49  52
 49  53
 49  55
 49  56
 49  58
 49  62
 49  65
 49  71
 49  75
 49  79
 49  86
 49  87
 49  89
 49  95
 50  51
 50  58
 50  61
 50  72
 50  78
 50  84
 50  87
 50  88
 50  96
 51  60
 51  61
 51  65
 51  66
 51  82
 51  86
 51  89
 51  92
 51  96
 52  63
 52  67
 52  68
 52  69
 52  75
 52  79
 52  81
 52  87
 52  89
 52  90
 52  97
 53  60
 53  67
 53  76
 53  79
 53  81
 54  56
 54  63
 54  68
 54  70
 54  72
 54  79
 54  81
 54  92
 54  96
 54  97
 55  59
 55  60
 55  64
 55  65
 55  68
 55  77
 55  78
 55  85
 55  93
 55  96
 56  59
 56  60
 56  61
 56  82
 56  84
 56  85
 56  99
 57  58
 57  60
 57  61
 57  83
 57  89
 57  90
 57  92
 58  60
 58  75
 58  77
 58  93
 58  96
 59  61
 59  62
 59  64
 59  68
 59  72
 59  80
 59  81
 59  90
 59  92
 59  95
 59  96
 59  99
 60  61
 60  65
 60  69
 60  74
 60  75
 60  82
 60  86
 60  94
 61  69
 61  72
 61  75
 61  83
 61  85
 61  95
 62  63
 62  66
 62  69
 62  70
 62  78
 62  89
 62  92
 62  98
 63  65
 63  66
 63  67
 63  68
 63  69
 63  72
 63  76
 63  78
 63  79
 63  81
 63  83
 63  84
 63  85
 63  87
 63  92
 63  93
 63  96
 64  70
 64  71
 64  72
 64  73
 64  82
 64  84
 64  90
 64  94
 64  96
 64  98
 65  73
 65  75
 65  83
 65  85
 65  96
 65  97
 66  68
 66  71
 66  72
 66  73
 66  83
 66  85
 66  92
 66  94
 66  96
 66  97
 66  99
 67  68
 67  73
 67  87
 67  90
 67  91
 67  97
 67  98
 68  79
 68  80
 68  82
 68  92
 68  95
 68  98
 69  83
 69  98
 70  71
 70  80
 70  81
 70  83
 70  87
 70  95
 71  74
 71  77
 71  82
 71  84
 71  87
 71  90
 71  93
 71  98
 72  78
 72  79
 72  81
 72  86
 72  92
 72  93
 73  77
 73  78
 73  80
 73  82
 73  83
 73  86
 73  90
 73  94
 73  95
 73  98
 74  75
 74  82
 74  92
 74  93
 74  96
 74  98
 75  79
 75  83
 75  84
 75  92
 75  93
 75  94
 75  98
 75  99
 76  81
 76  86
 76  87
 77  79
 77  82
 77  85
 77  86
 78  82
 78  83
 78  86
 78  89
 78  93
 78  96
 78  97
 78  98
 78  99
 79  85
 79  86
 79  92
 79  93
 80  81
 80  83
 80  94
 80  95
 80  97
 80  98
 80  99
 81  87
 81  96
 81  98
 82  88
 82  89
 82  96
 83  84
 83  86
 83  92
 83  93
 83  95
 83  96
 84  86
 84  87
 84  88
 85  89
 85  99
 86  87
 86  89
 86  90
 86  94
 86  99
 87  94
 88  93
 88  94
 90  91
 90  97
 91  92
 91  93
 91  95
 91  98
 92  93
 92  97
 92  99
 93  98
 94  95
 94  96
 95  98
 95  99
 96  98
 96  99
 97  99
