# n=100 p=0.200 seed=4434
  0   1
  0   2
  0   6
  0  16
  0  24
  0  25
  0  28
  0  46
  0  48
  0  53
  0  57
  0  66
  0  80
  0  85
  0  86
  0  88
  0  89
  0  90
  0  99
  1   5
  1   7
  1   9
  1  20
  1  23
  1  28
  1  33
  1  46
  1  63
  1  64
  1  69
  1  74
  1  80
  1  84
  1  89
  1  91
  1  92
  1  94
  1  99
  2   6
  2   7
  2  13
  2  14
  2  16
  2  24
  2  29
  2  34
  2  35
  2  37
  2  56
  2  63
  2  65
  2  71
  2  75
  2  77
  2  78
  2  83
  2  84
  2  86
  2  88
  2  89
  2  90
  2  93
  2  96
  2  97
  3   9
  3  12
  3  35
  3  46
  3  48
  3  55
  3  56
  3  58
  3  61
  3  69
  3  70
  3  76
  3  79
  3  85
  3  97
  4   8
  4  21
  4  23
  4  26
  4  27
  4  33
  4  37
  4  38
  4  42
  4  46
  4  48
  4  59
  4  67
  4  81
  4  92
  5   8
  5  10
  5  15
  5  16
  5  19
  5  20
  5  21
  5  33
  5  52
  5  54
  5  66
  5  74
  5  78
  5  79
  5  88
  5  94
  5  96
  6  12
  6  32
  6  33
  6  39
  6  44
  6  51
  6  52
  6  53
  6  63
  6  70
  6  73
  6  81
  6  82
  6  84
  6  89
  7  20
  7  22
  7  23
  7  26
  7  30
  7  32
  7  34
  7  36
  7  49
  7  50
  7  54
  7  55
  7  56
  7  57
  7  59
  7  66
  7  72
  7  81
  7  82
  7  99
  8  14
  8  20
  8  22
  8  24
  8  30
  8  33
  8  34
  8  45
  8  47
  8  50
  8  53
  8  55
  8  62
  8  69
  8  72
  8  97
  9  15
  9  27
  9  32
  9  44
  9  48
  9  49
  9  50
  9  65
  9  70
  9  74
  9  75
  9  81
  9  89
  9  91
  9  98
  9  99
 10  12
 10  14
 10  17
 10  20
 10  22
 10  23
 10  33
 10  34
 10  35
 10  52
 10  58
 10  72
 10  79
 10  84
 10  93
 10  94
 10  98
 11  16
 11  17
 11  20
 11  24
 11  26
 11  27
 11  36
 11  38
 11  39
 11  46
 11  56
 11  65
 11  72
 11  74
 11  76
 11  77
 11  80
 11  81
 11  82
 11  84
 11  87
 11  99
 12  29
 12  42
 12  43
 12  45
 12  54
 12  55
 12  65
 12  82
 12  84
 12  88
 12  91
 12  93
 12  96
 12  98
 13  14
 13  20
 13  26
 13  29
 13  34
 13  49
 13  55
 13  58
 13  62
 13  65
 13  75
 13  80
 13  84
 13  90
 13  91
 13  93
 13  97
 13  98
 14  29
 14  35
 14  42
 14  45
 14  51
 14  58
 14  63
 14  66
 14  69
 14  74
 14  79
 14  80
 14  85
 15  17
 15  21
 15  31
 15  44
 15  48
 15  53
 15  64
 15  80
 15  84
 15  86
 15  91
 16  21
 16  26
 16  29
 16  33
 16  35
 16  42
 16  43
 16  46
 16  51
 16  54
 16  59
 16  61
 16  64
 16  76
 16  78
 16  81
 16  82
 16  85
 16  89
 17  23
 17  26
 17  42
 17  46
 17  51
 17  58
 17  63
 17  67
 17  68
 17  69
 17  72
 17  78
 17  88
 18  24
 18  30
 18  36
 18  37
 18  41
 18  44
 18  62
 18  72
 18  75
 18  83
 18  84
 19  24
 19  29
 19  31
 19  34
 19  47
 19  52
 19  55
 19  70
 19  73
 19  74
 19  75
 19  83
 19  86
 19  89
 19  91
 19  96
 19  97
 20  21
 20  31
 20  33
 20  34
 20  47
 20  60
 20  68
 20  72
 20  73
 20  74
 20  82
 20  87
 20  94
 21  24
 21  27
 21  28
 21  32
 21  35
 21  38
 21  40
 21  52
 21  53
 21  55
 21  65
 21  71
 21  94
 21  95
 22  23
 22  32
 22  34
 22  40
 22  51
 22  57
 22  62
 22  65
 22  66
 22  67
 22  72
 22  76
 22  78
 22  83
 22  98
 23  26
 23  34
 23  38
 23  39
 23  42
 23  49
 23  53
 23  54
 23  58
 23  59
 23  60
 23  61
 23  82
 23  97
 23  98
 24  31
 24  32
 24  42
 24  43
 24  56
 24  60
 24  68
 24  77
 24  79
 24  84
 24  88
 25  31
 25  39
 25  46
 25  48
 25  54
 25  57
 25  62
 25  69
 25  77
 25  92
 25  95
 25  99
 26  30
 26  37
 26  39
 26  52
 26  58
 26  61
 26  65
 26  74
 26  78
 26  83
 26  85
 26  87
 26  97
 26  98
 27  28
 27  29
 27  48
 27  52
 27  53
 27  58
 27  62
 27  85
 27  96
 27  98
 28  31
 28  32
 28  34
 28  46
 28  47
 28  49
 28  54
 28  59
 28  68
 28  82
 28  87
 28  96
 28  99
 29  32
 29  40
 29  47
 29  58
 29  67
 29  72
 29  81
 29  86
 29  88
 29  89
 29  92
 29  93
 29  97
 29  99
 30  32
 30  36
 30  37
 30  38
 30  43
 30  53
 30  57
 30  66
 30  69
 30  70
 30  73
 30  75
 30  80
 30  91
 30  92
 31  32
 31  36
 31  45
 31  61
 31  64
 31  78
 31  79
 31  82
 31  83
 31  87
 31  92
 31  93
 31  94
 31  95
 32  36
 32  44
 32  47
 32  57
 32  62
 32  63
 32  66
 32  75
 32  79
 32  91
 32  94
 32  96
 33  35
 33  41
 33  43
 33  52
 33  57
 33  58
 33  59
 33  61
 33  65
 33  79
 33  80
 33  81
 33  83
 33  84
 33  87
 33  91
 33  95
 34  35
 34  40
 34  51
 34  60
 34  61
 34  64
 34  74
 34  84
 34  85
 34  87
 34  93
 34  96
 35  40
 35  50
 35  54
 35  58
 35  65
 35  66
 35  73
 35  82
 35  85
 35  87
 35  88
 35  97
 36  38
 36  40
 36  41
 36  45
 36  53
 36  56
 36  59
 36  63
 36  70
 36  82
 36  83
 36  85
 36  91
 36  97
 36  98
 36  99
 37  42
 37  45
 37  49
 37  51
 37  52
 37  53
 37  57
 37  59
 37  65
 37  71
 37  72
 37  83
 37  85
 37  94
 38  42
 38  46
 38  51
 38  56
 38  60
 38  67
 38  70
 38  73
 38  89
 38  98
 38  99
 39  41
 39  44
 39  48
 39  56
 39  63
 39  66
 39  69
 39  72
 39  76
 39  79
 39  86
 39  87
 39  91
 39  94
 39  96
 40  43
 40  61
 40  65
 40  67
 40  68
 40  69
 40  76
 40  78
 40  80
 40  81
 40  83
 40  85
 41  45
 41  53
 41  55
 41  57
 41  58
 41  62
 41  71
 41  92
 42  50
 42  57
 42  59
 42  62
 42  63
 42  66
 42  67
 42  71
 42  80
 42  82
 42  87
 42  88
 42  90
 42  96
 43  44
 43  47
 43  49
 43  56
 43  58
 43  60
 43  65
 43  75
 43  76
 43  78
 43  80
 43  84
 43  87
 43  90
 43  91
 43  99
 44  48
 44  51
 44  57
 44  60
 44  65
 44  68
 44  70
 44  72
 44  73
 44  80
 44  83
 44  86
 44  98
 45  52
 45  65
 45  68
 45  81
 45  95
 45  96
 45  99
 46  50
 46  55
 46  62
 46  67
 46  69
 46  75
 46  81
 46  87
 46  91
 46  92
 46  94
 46  95
 46  96
 46  98
 47  54
 47  55
 47  57
 47  58
 47  60
 47  66
 47  68
 47  70
 47  73
 47  82
 47  83
 47  86
 47  87
 48  49
 48  54
 48  65
 48  66
 48  67
 48  71
 48  77
 48  79
 48  80
 48  81
 48  84
 48  85
 48  93
 49  56
 49  68
 49  84
 49  92
 49  96
 50  55
 50  56
 50  71
 50  74
 50  76
 50  85
 50  88
 51  60
 51  61
 51  63
 51  64
 51  71
 51  72
 51  75
 51  77
 51  79
 51  93
 51  95
 52  54
 52  56
 52  59
 52  61
 52  65
 52  72
 52  76
 52  81
 52  84
 52  87
 52  90
 52  91
 53  56
 53  61
 53  69
 53  73
 53  76
 53  77
 53  93
 53  97
 53  99
 54  55
 54  57
 54  67
 54  69
 54  74
 54  79
 54  80
 54  83
 54  85
 54  88
 54  99
 55  73
 55  74
 55  78
 55  87
 55  92
 55  94
 55  96
 55  98
 56  60
 56  67
 56  76
 56  78
 56  87
 56  88
 56  95
 56  98
 57  58
 57  62
 57  64
 57  65
 57  73
 57  79
 57  89
 57  98
 58  64
 58  66
 58  68
 58  69
 58  70
 58  72
 58  80
 58  85
 58  88
 59  60
 59  61
 59  63
 59  65
 59  73
 59  76
 59  80
 59  81
 59  82
 59  84
 59  86
 59  92
 59  97
 60  70
 60  71
 60  74
 60  75
 60  77
 60  78
 60  79
 60  81
 60  84
 60  97
 61  65
 61  69
 61  72
 61  79
 61  86
 61  87
 61  91
 61  96
 62  69
 62  74
 62  78
 62  81
 62  87
 62  90
 63  65
 63  72
 63  74
 63  85
 63  96
 64  73
 64  75
 64  78
 64  81
 64  99
 65  67
 65  70
 65  71
 65  74
 65  76
 65  87
 65  91
 65  96
 65  99
 66  69
 66  70
 66  75
 66  77
 66  79
 66  86
 66  99
 67  73
 67  87
 67  94
 67  95
 68  75
 68  76
 68  80
 68  85
 68  86
 68  88
 68  89
 69  70
 69  71
 69  74
 69  80
 70  71
 70  77
 70  79
 70  81
 70  87
 70  90
 70  91
 70  96
 71  77
 71  78
 71  85
 71  86
 71  87
 71  95
 71  96
 71  98
 72  77
 72  78
 72  88
 72  92
 72  99
 73  74
 73  76
 73  83
 73  90
 73  91
 73  93
 73  98
 73  99
 74  76
 74  79
 74  80
 74  86
 74  88
 74  90
 75  86
 75  95
 76  79
 76  81
 76  95
 76  96
 77  81
 77  93
 77  99
 78  92
 78  94
 79  80
 79  88
 79  89
 79  93
 79  98
 80  88
 80  96
 81  88
 81  90
 81  96
 81  99
 82  88
 82  89
 82  95
 82  97
 83  89
 83  94
 83  95
 83  98
 84  87
 84  96
 84  98
 85  95
 86  90
 87  92
 87  94
 88  92
 88  96
 88  97
 88  99
 89  96
 89  97
 90  95
 90  99
 91  92
 91  95
 91  99
 93  95
 93  97
 94  99
 96  98
 97  99
