# n=100 p=0.200 seed=4406
  0   1
  0   7
  0  13
  0  15
  0  20
  0  26
  0  29
  0  32
  0  41
  0  48
  0  52
  0  54
  0  71
  0  75
  0  78
  0  84
  0  88
  1   3
  1   5
  1   9
  1  18
  1  21
  1  25
  1  26
  1  28
  1  29
  1  39
  1  47
  1  48
  1  50
  1  54
  1  57
  1  60
  1  66
  1  76
  1  78
  1  79
  1  84
  1  91
  1  96
  2   6
  2   9
  2  11
  2  13
  2  17
  2  23
  2  30
  2  34
  2  36
  2  47
  2  49
  2  51
  2  54
  2  55
  2  56
  2  58
  2  60
  2  61
  2  62
  2  64
  2  69
  2  74
  2  83
  2  86
  2  87
  3   4
  3  23
  3  30
  3  37
  3  40
  3  44
  3  46
  3  62
  3  70
  3  81
  3  84
  3  87
  3  88
  3  91
  4  11
  4  18
  4  20
  4  22
  4  23
  4  25
  4  29
  4  32
  4  34
  4  46
  4  49
  4  59
  4  66
  4  70
  4  74
  4  82
  4  84
  4  85
  4  92
  4  94
  5   8
  5  10
  5  19
  5  24
  5  28
  5  32
  5  37
  5  42
  5  46
  5  52
  5  57
  5  58
  5  67
  5  69
  5  70
  5  73
  5  85
  5  88
  5  89
  5  96
  5  97
  6   7
  6  16
  6  18
  6  22
  6  25
  6  33
  6  38
  6  39
  6  55
  6  58
  6  59
  6  73
  6  75
  6  82
  6  85
  6  90
  6  99
  7   9
  7  12
  7  16
  7  17
  7  18
  7  20
  7  27
  7  28
  7  35
  7  46
  7  50
  7  53
  7  55
  7  57
  7  65
  7  72
  7  83
  7  90
  8   9
  8  10
  8  19
  8  21
  8  33
  8  42
  8  44
  8  45
  8  46
  8  58
  8  65
  8  74
  8  76
  8  92
  8  97
  9  28
  9  35
  9  36
  9  37
  9  39
  9  41
  9  53
  9  57
  9  62
  9  64
  9  66
  9  67
  9  70
  9  75
  9  79
  9  80
  9  82
  9  87
  9  93
 10  13
 10  19
 10  22
 10  24
 10  34
 10  43
 10  65
 10  71
 10  77
 10  85
 10  90
 10  91
 11  17
 11  18
 11  21
 11  23
 11  28
 11  30
 11  33
 11  34
 11  35
 11  38
 11  63
 11  78
 11  82
 11  83
 11  84
 11  94
 11  95
 11  96
 11  98
 12  15
 12  21
 12  23
 12  26
 12  28
 12  29
 12  30
 12  41
 12  42
 12  48
 12  51
 12  54
 12  56
 12  58
 12  59
 12  61
 12  62
 12  63
 12  68
 12  74
 12  77
 12  90
 12  93
 12  96
 12  99
 13  15
 13  17
 13  23
 13  28
 13  37
 13  45
 13  49
 13  50
 13  53
 13  60
 13  62
 13  67
 13  76
 13  78
 13  82
 13  90
 13  93
 13  98
 13  99
 14  18
 14  20
 14  24
 14  29
 14  32
 14  35
 14  40
 14  42
 14  49
 14  53
 14  54
 14  56
 14  57
 14  65
 14  70
 14  72
 14  73
 14  78
 14  88
 15  30
 15  37
 15  38
 15  51
 15  53
 15  54
 15  57
 15  64
 15  66
 15  69
 15  71
 15  83
 15  91
 15  95
 15  99
 16  25
 16  31
 16  33
 16  37
 16  38
 16  43
 16  49
 16  66
 16  73
 16  75
 16  79
 16  83
 16  86
 16  94
 16  97
 17  21
 17  22
 17  26
 17  30
 17  34
 17  40
 17  42
 17  43
 17  45
 17  55
 17  62
 17  65
 17  67
 17  76
 17  77
 17  78
 17  85
 17  89
 17  96
 18  30
 18  36
 18  41
 18  42
 18  44
 18  51
 18  60
 18  61
 18  62
 18  70
 18  73
 18  77
 18  83
 18  87
 18  97
 18  98
 19  21
 19  25
 19  28
 19  43
 19  44
 19  63
 19  70
 19  71
 19  74
 19  81
 19  83
 19  88
 19  92
 19  95
 19  99
 20  21
 20  30
 20  31
 20  34
 20  36
 20  37
 20  38
 20  40
 20  43
 20  46
 20  47
 20  48
 20  58
 20  77
 20  79
 20  85
 20  88
 20  92
 20  99
 21  24
 21  27
 21  30
 21  38
 21  39
 21  41
 21  43
 21  45
 21  47
 21  51
 21  53
 21  54
 21  59
 21  62
 21  63
 21  66
 21  75
 21  76
 21  78
 21  81
 21  84
 21  85
 21  91
 21  95
 22  26
 22  29
 22  31
 22  41
 22  43
 22  51
 22  53
 22  58
 22  60
 22  61
 22  68
 22  74
 22  80
 22  87
 22  89
 22  95
 23  36
 23  50
 23  53
 23  61
 23  73
 23  74
 23  92
 24  26
 24  29
 24  42
 24  45
 24  48
 24  58
 24  62
 24  73
 24  76
 24  79
 24  81
 24  90
 24  92
 24  93
 25  40
 25  45
 25  59
 25  61
 25  69
 25  71
 25  76
 25  78
 25  96
 25  97
 25  99
 26  28
 26  29
 26  31
 26  33
 26  34
 26  36
 26  39
 26  45
 26  47
 26  48
 26  49
 26  52
 26  56
 26  77
 26  82
 26  84
 26  89
 26  94
 26  95
 26  97
 27  32
 27  33
 27  38
 27  42
 27  64
 27  66
 27  69
 27  82
 27  86
 27  88
 27  90
 28  29
 28  34
 28  40
 28  44
 28  51
 28  52
 28  53
 28  60
 28  64
 28  69
 28  74
 28  75
 28  77
 28  81
 28  84
 28  90
 28  94
 28  99
 29  48
 29  49
 29  53
 29  58
 29  62
 29  66
 29  76
 29  79
 29  80
 29  81
 29  84
 29  85
 29  86
 29  87
 29  89
 29  95
 29  98
 30  41
 30  45
 30  46
 30  48
 30  52
 30  54
 30  55
 30  57
 30  60
 30  62
 30  67
 30  68
 30  69
 30  71
 30  77
 30  79
 31  35
 31  43
 31  44
 31  45
 31  56
 31  60
 31  70
 31  72
 31  75
 31  77
 31  82
 31  84
 31  87
 32  42
 32  43
 32  46
 32  47
 32  48
 32  50
 32  51
 32  54
 32  55
 32  58
 32  62
 32  74
 32  75
 32  84
 32  86
 32  89
 32  93
 32  96
 33  40
 33  46
 33  49
 33  60
 33  64
 33  65
 33  66
 33  68
 33  71
 33  78
 33  81
 33  85
 33  90
 33  91
 33  92
 34  46
 34  48
 34  51
 34  54
 34  55
 34  57
 34  69
 34  78
 34  81
 34  83
 34  86
 34  91
 34  92
 35  40
 35  44
 35  45
 35  62
 35  66
 35  67
 35  69
 35  71
 35  77
 35  80
 35  86
 35  87
 35  91
 35  96
 36  38
 36  39
 36  42
 36  45
 36  48
 36  49
 36  55
 36  66
 36  68
 36  91
 36  96
 36  99
 37  38
 37  47
 37  49
 37  51
 37  53
 37  57
 37  59
 37  60
 37  61
 37  65
 37  67
 37  75
 37  79
 37  80
 37  85
 37  88
 37  99
 38  43
 38  51
 38  62
 38  67
 38  72
 38  73
 38  78
 38  79
 38  85
 38  86
 38  93
 38  94
 38  99
 39  47
 39  48
 39  50
 39  52
 39  55
 39  59
 39  67
 39  69
 39  73
 39  75
 39  77
 39  78
 39  85
 39  92
 39  96
 39  97
 40  41
 40  53
 40  59
 40  68
 40  70
 40  74
 40  97
 40  98
 41  56
 41  58
 41  63
 41  64
 41  75
 41  78
 41  82
 41  84
 41  86
 41  87
 41  88
 41  97
 41  99
 42  46
 42  57
 42  60
 42  66
 42  67
 42  69
 42  70
 42  75
 42  79
 42  84
 42  87
 42  91
 42  92
 42  96
 43  47
 43  56
 43  65
 43  80
 43  84
 43  91
 44  46
 44  60
 44  65
 44  68
 44  83
 44  87
 44  93
 44  96
 44  99
 45  47
 45  66
 45  67
 45  77
 45  84
 45  88
 45  92
 45  98
 46  49
 46  50
 46  52
 46  58
 46  63
 46  75
 46  91
 46  92
 46  94
 46  99
 47  58
 47  64
 47  74
 47  76
 47  77
 47  82
 47  89
 47  90
 47  93
 48  49
 48  51
 48  54
 48  58
 48  67
 48  70
 48  72
 48  73
 48  74
 48  78
 48  81
 48  90
 48  92
 48  94
 48  96
 49  60
 49  62
 49  64
 49  72
 49  74
 50  62
 50  63
 50  69
 50  73
 50  75
 50  84
 50  88
 50  98
 51  58
 51  63
 51  64
 51  67
 51  71
 51  72
 51  83
 51  85
 51  86
 51  89
 51  91
 51  94
 52  63
 52  79
 52  88
 52  90
 52  92
 52  93
 53  59
 53  70
 53  73
 53  81
 53  84
 53  88
 53  93
 53  95
 53  96
 54  63
 54  70
 54  75
 54  78
 54  79
 54  81
 54  82
 54  88
 54  92
 55  58
 55  62
 55  64
 55  65
 55  73
 55  83
 55  96
 56  57
 56  59
 56  69
 56  70
 56  71
 56  78
 56  81
 56  84
 56  86
 56  92
 56  97
 57  63
 57  67
 57  69
 57  70
 57  73
 57  84
 57  85
 57  98
 58  60
 58  65
 58  67
 58  80
 58  94
 59  64
 59  65
 59  78
 59  82
 59  85
 59  88
 59  90
 59  94
 59  97
 59  98
 59  99
 60  66
 60  70
 60  71
 60  74
 60  77
 60  79
 60  81
 60  82
 60  93
 60  99
 61  62
 61  64
 61  66
 61  67
 61  71
 61  74
 61  76
 61  78
 61  80
 61  89
 61  90
 61  92
 61  94
 61  96
 62  66
 62  67
 62  71
 62  73
 62  77
 62  86
 62  87
 62  88
 62  96
 62  97
 63  69
 63  72
 63  73
 63  75
 63  77
 63  78
 63  80
 63  81
 63  83
 63  87
 64  67
 64  79
 64  81
 64  85
 64  91
 65  69
 65  70
 65  73
 65  79
 65  82
 65  83
 65  87
 65  96
 66  71
 66  73
 66  79
 66  93
 67  75
 67  76
 67  78
 67  82
 67  93
 67  95
 68  82
 68  87
 69  74
 69  81
 69  82
 69  89
 69  94
 70  71
 70  73
 70  74
 70  82
 71  89
 71  94
 71  96
 71  97
 71  99
 72  78
 73  95
 74  82
 74  85
 74  87
 74  91
 75  79
 75  80
 75  83
 75  87
 75  96
 76  84
 76  90
 76  97
 77  94
 78  84
 78  89
 78  95
 78  96
 78  98
 79  82
 79  86
 79  89
 79  90
 79  97
 80  81
 80  97
 80  99
 81  89
 81  96
 82  85
 82  92
 82  96
 83  91
 84  89
 84  90
 84  99
 85  95
 87  88
 87  91
 87  94
 87  96
 88  97
 89  96
 89  99
 90  91
 91  94
 91  98
 92  94
 92  97
 93  96
 93  97
 96  99
