# n=100 p=0.200 seed=4496
  0   4
  0   7
  0  11
  0  31
  0  38
  0  40
  0  44
  0  48
  0  55
  0  59
  0  62
  0  73
  0  80
  0  90
  0  93
  1   5
  1  11
  1  16
  1  18
  1  24
  1  27
  1  32
  1  33
  1  34
  1  36
  1  40
  1  45
  1  49
  1  53
  1  66
  1  68
  1  70
  1  72
  1  91
  1  95
  1  99
  2  12
  2  13
  2  17
  2  19
  2  24
  2  25
  2  39
  2  40
  2  47
  2  50
  2  58
  2  72
  2  74
  2  79
  2  94
  2  97
  2  99
  3   7
  3  13
  3  19
  3  20
  3  27
  3  30
  3  31
  3  37
  3  40
  3  44
  3  48
  3  49
  3  51
  3  54
  3  55
  3  56
  3  65
  3  68
  3  70
  3  71
  3  77
  3  78
  3  80
  3  89
  3  95
  4   6
  4   8
  4  18
  4  19
  4  21
  4  25
  4  32
  4  41
  4  42
  4  57
  4  78
  4  79
  4  83
  4  88
  4  89
  4  90
  4  99
  5   6
  5  10
  5  14
  5  18
  5  19
  5  20
  5  22
  5  25
  5  26
  5  43
  5  50
  5  53
  5  56
  5  59
  5  65
  5  68
  5  69
  5  72
  5  74
  5  88
  5  93
  6   8
  6  13
  6  14
  6  21
  6  25
  6  26
  6  30
  6  41
  6  43
  6  45
  6  53
  6  59
  6  62
  6  66
  6  68
  6  74
  6  79
  6  81
  6  91
  7  14
  7  23
  7  30
  7  36
  7  49
  7  62
  7  74
  8  20
  8  22
  8  24
  8  25
  8  30
  8  58
  8  59
  8  60
  8  61
  8  62
  8  64
  8  69
  8  73
  8  75
  8  77
  8  81
  8  86
  8  87
  8  89
  8  96
  9  15
  9  18
  9  19
  9  21
  9  22
  9  31
  9  35
  9  43
  9  44
  9  45
  9  46
  9  51
  9  57
  9  61
  9  63
  9  64
  9  66
  9  70
  9  84
  9  86
  9  88
  9  90
  9  97
  9  98
 10  13
 10  14
 10  19
 10  22
 10  24
 10  27
 10  30
 10  31
 10  35
 10  41
 10  44
 10  48
 10  52
 10  54
 10  59
 10  62
 10  63
 10  66
 10  70
 10  77
 10  89
 10  98
 11  15
 11  16
 11  27
 11  37
 11  39
 11  50
 11  53
 11  55
 11  57
 11  60
 11  65
 11  68
 11  72
 11  79
 11  82
 11  86
 11  93
 11  98
 12  18
 12  25
 12  29
 12  35
 12  37
 12  39
 12  42
 12  43
 12  44
 12  58
 12  62
 12  64
 12  65
 12  68
 12  77
 12  83
 12  94
 13  19
 13  26
 13  28
 13  35
 13  41
 13  42
 13  46
 13  61
 13  70
 13  73
 13  74
 13  79
 13  81
 13  89
 13  92
 13  93
 14  44
 14  60
 14  67
 14  76
 14  79
 14  83
 14  84
 14  85
 14  90
 15  19
 15  21
 15  34
 15  35
 15  37
 15  38
 15  45
 15  48
 15  49
 15  50
 15  52
 15  58
 15  70
 15  72
 15  75
 15  81
 15  90
 15  92
 15  96
 15  98
 16  23
 16  24
 16  25
 16  26
 16  29
 16  34
 16  35
 16  36
 16  38
 16  43
 16  50
 16  59
 16  73
 16  75
 16  82
 16  84
 16  86
 16  89
 16  96
 17  20
 17  22
 17  37
 17  39
 17  46
 17  60
 17  62
 17  67
 17  80
 17  81
 17  83
 17  84
 17  87
 17  88
 17  94
 17  96
 18  19
 18  21
 18  26
 18  41
 18  42
 18  44
 18  49
 18  50
 18  52
 18  59
 18  64
 18  80
 18  83
 18  86
 18  87
 18  95
 18  97
 19  21
 19  26
 19  27
 19  32
 19  33
 19  37
 19  53
 19  61
 19  72
 19  74
 19  85
 19  86
 19  90
 20  24
 20  30
 20  31
 20  35
 20  36
 20  38
 20  44
 20  45
 20  48
 20  53
 20  56
 20  63
 20  65
 20  83
 20  96
 21  24
 21  29
 21  40
 21  45
 21  55
 21  70
 21  72
 21  73
 21  75
 21  76
 21  80
 21  81
 21  82
 21  95
 21  96
 21  99
 22  24
 22  27
 22  39
 22  45
 22  51
 22  63
 22  71
 22  78
 22  84
 22  93
 22  95
 23  27
 23  28
 23  43
 23  44
 23  55
 23  58
 23  59
 23  60
 23  62
 23  68
 23  69
 23  70
 23  76
 23  81
 24  36
 24  38
 24  43
 24  45
 24  47
 24  51
 24  53
 24  57
 24  58
 24  62
 24  72
 24  77
 24  78
 24  91
 24  95
 24  99
 25  31
 25  33
 25  46
 25  53
 25  62
 25  66
 25  68
 25  69
 25  73
 25  75
 25  95
 25  96
 26  28
 26  30
 26  31
 26  33
 26  43
 26  69
 26  76
 26  77
 26  78
 26  85
 26  90
 26  93
 26  97
 27  28
 27  31
 27  33
 27  36
 27  41
 27  44
 27  45
 27  47
 27  69
 27  80
 27  82
 27  86
 27  88
 27  90
 27  99
 28  30
 28  32
 28  37
 28  38
 28  40
 28  46
 28  49
 28  55
 28  56
 28  59
 28  70
 28  75
 28  76
 28  83
 28  86
 28  99
 29  31
 29  33
 29  36
 29  38
 29  39
 29  46
 29  47
 29  55
 29  58
 29  81
 29  85
 29  90
 29  99
 30  36
 30  49
 30  52
 30  53
 30  59
 30  68
 30  73
 30  74
 30  80
 30  83
 30  86
 30  91
 30  92
 30  98
 31  35
 31  36
 31  38
 31  47
 31  53
 31  54
 31  58
 31  61
 31  67
 31  69
 31  70
 31  72
 31  79
 31  82
 31  85
 31  90
 32  37
 32  44
 32  45
 32  46
 32  47
 32  49
 32  53
 32  57
 32  58
 32  59
 32  66
 32  67
 32  70
 32  72
 32  86
 32  89
 32  95
 32  99
 33  38
 33  43
 33  50
 33  57
 33  59
 33  64
 33  71
 33  74
 33  75
 33  77
 33  79
 33  81
 33  96
 33  98
 34  48
 34  53
 34  55
 34  61
 34  62
 34  64
 34  70
 34  71
 34  72
 34  80
 34  87
 34  88
 35  51
 35  54
 35  58
 35  62
 35  67
 35  81
 35  85
 35  88
 35  92
 35  93
 35  94
 35  97
 36  40
 36  43
 36  66
 36  85
 36  96
 37  39
 37  40
 37  42
 37  61
 37  63
 37  72
 37  77
 37  82
 37  84
 37  88
 37  89
 37  98
 38  39
 38  42
 38  46
 38  60
 38  61
 38  64
 38  65
 38  68
 38  71
 38  77
 38  87
 38  88
 39  40
 39  43
 39  44
 39  46
 39  49
 39  54
 39  56
 39  59
 39  65
 39  69
 39  74
 39  76
 39  77
 39  80
 39  83
 39  84
 39  87
 40  53
 40  56
 40  65
 40  66
 40  70
 40  77
 40  79
 40  81
 40  86
 40  93
 40  94
 40  96
 40  97
 40  98
 41  44
 41  55
 41  60
 41  73
 41  85
 41  87
 41  89
 41  98
 42  43
 42  45
 42  49
 42  63
 42  67
 42  76
 42  78
 42  79
 42  85
 42  99
 43  50
 43  53
 43  65
 43  66
 43  71
 43  72
 43  74
 43  75
 43  82
 43  90
 43  94
 43  97
 43  98
 43  99
 44  48
 44  54
 44  55
 44  57
 44  58
 44  60
 44  67
 44  85
 44  87
 44  88
 44  91
 44  98
 45  49
 45  50
 45  51
 45  56
 45  59
 45  62
 45  64
 45  69
 45  71
 45  72
 45  77
 45  85
 45  91
 45  96
 46  53
 46  55
 46  57
 46  61
 46  63
 46  69
 46  72
 46  73
 46  76
 46  79
 46  81
 46  84
 46  87
 47  49
 47  50
 47  52
 47  62
 47  66
 47  69
 47  85
 47  96
 48  51
 48  61
 48  64
 48  69
 48  72
 48  73
 48  82
 48  83
 48  89
 48  90
 48  97
 48  98
 49  55
 49  57
 49  60
 49  63
 49  69
 49  70
 49  71
 49  77
 49  84
 49  92
 50  51
 50  56
 50  57
 50  65
 50  83
 50  87
 50  91
 50  92
 50  98
 51  67
 51  70
 51  75
 51  76
 51  80
 51  90
 51  98
 52  54
 52  65
 52  70
 52  74
 52  78
 52  81
 52  86
 52  90
 52  91
 53  64
 53  72
 53  75
 53  76
 53  83
 53  91
 53  92
 53  98
 54  58
 54  64
 54  65
 54  70
 54  90
 55  59
 55  63
 55  73
 55  74
 55  75
 55  77
 55  82
 55  91
 55  94
 55  95
 55  99
 56  58
 56  60
 56  70
 56  84
 56  85
 56  92
 57  58
 57  63
 57  65
 57  66
 57  76
 57  85
 57  87
 57  90
 57  92
 57  96
 58  59
 58  60
 58  66
 59  64
 59  68
 59  79
 59  81
 59  90
 59  91
 59  95
 59  98
 60  61
 60  69
 60  70
 60  91
 60  92
 60  95
 60  96
 61  66
 61  68
 61  69
 61  79
 61  82
 61  87
 61  91
 61  97
 62  63
 62  69
 62  78
 62  79
 62  87
 62  90
 63  66
 63  68
 63  70
 63  78
 63  82
 63  84
 63  85
 63  88
 64  71
 64  72
 64  74
 64  75
 64  94
 64  98
 65  73
 65  76
 65  83
 65  91
 65  93
 66  68
 66  81
 66  83
 66  86
 66  92
 66  99
 67  76
 67  82
 67  86
 67  94
 68  75
 68  78
 68  80
 68  84
 68  85
 68  89
 68  97
 68  99
 69  77
 69  96
 69  99
 70  72
 70  77
 70  81
 71  86
 72  74
 72  76
 72  77
 72  82
 72  86
 72  90
 72  96
 73  75
 73  79
 73  82
 73  84
 73  85
 73  91
 73  96
 73  97
 74  76
 74  78
 74  81
 74  86
 74  88
 74  91
 75  92
 75  93
 75  95
 75  98
 76  78
 76  79
 76  83
 76  86
 76  93
 76  94
 77  92
 77  95
 77  96
 77  97
 78  89
 79  89
 80  84
 80  89
 80  95
 81  85
 81  86
 81  88
 81  96
 82  83
 82  89
 82  96
 83  92
 83  94
 84  86
 84  89
 84  94
 85  88
 85  89
 85  90
 85  93
 85  94
 85  96
 86  87
 86  90
 86  95
 86  97
 87  90
 87  99
 88  92
 89  92
 89  93
 89  95
 90  92
 90  94
 91  92
 91  96
 91  97
 91  98
 93  97
 94  95
 95  97
 96  97
 96  99
 98  99
