# n=100 p=0.200 seed=4486
  0   5
  0   7
  0  25
  0  26
  0  30
  0  37
  0  58
  0  61
  0  75
  0  97
  1   6
  1  10
  1  12
  1  14
  1  16
  1  20
  1  28
  1  31
  1  36
  1  50
  1  52
  1  55
  1  68
  1  69
  1  78
  1  79
  1  84
  1  91
  1  98
  2   5
  2   7
  2  17
  2  19
  2  23
  2  26
  2  27
  2  34
  2  35
  2  42
  2  70
  2  71
  2  73
  2  75
  2  79
  2  85
  2  89
  2  96
  2  97
  3   7
  3   8
  3  10
  3  12
  3  15
  3  17
  3  34
  3  38
  3  40
  3  41
  3  43
  3  45
  3  48
  3  49
  3  50
  3  61
  3  63
  3  66
  3  68
  3  69
  3  75
  3  85
  3  87
  3  92
  3  95
  4   7
  4  11
  4  12
  4  13
  4  22
  4  25
  4  26
  4  27
  4  28
  4  32
  4  33
  4  40
  4  43
  4  45
  4  61
  4  62
  4  64
  4  72
  4  79
  4  84
  4  99
  5   6
  5   9
  5  20
  5  27
  5  28
  5  34
  5  35
  5  37
  5  38
  5  39
  5  46
  5  48
  5  53
  5  60
  5  66
  5  69
  5  78
  5  85
  5  86
  5  87
  5  92
  5  95
  6   9
  6  47
  6  51
  6  52
  6  57
  6  59
  6  60
  6  66
  6  73
  6  75
  6  84
  6  95
  7  24
  7  31
  7  36
  7  43
  7  52
  7  55
  7  61
  7  67
  7  68
  7  73
  7  78
  7  84
  7  86
  7  92
  7  93
  7  96
  7  98
  7  99
  8  11
  8  12
  8  13
  8  14
  8  16
  8  24
  8  37
  8  54
  8  59
  8  60
  8  64
  8  71
  8  75
  8  77
  8  80
  8  92
  8  94
  8  95
  8  97
  8  99
  9  12
  9  13
  9  29
  9  35
  9  36
  9  37
  9  38
  9  46
  9  47
  9  48
  9  55
  9  56
  9  57
  9  63
  9  65
  9  66
  9  76
  9  77
  9  83
  9  84
  9  93
  9  97
 10  12
 10  13
 10  16
 10  19
 10  23
 10  28
 10  31
 10  32
 10  44
 10  47
 10  49
 10  50
 10  54
 10  63
 10  98
 11  12
 11  14
 11  22
 11  40
 11  42
 11  46
 11  49
 11  58
 11  64
 11  72
 11  73
 11  79
 11  85
 11  86
 11  88
 11  89
 11  90
 12  19
 12  23
 12  31
 12  35
 12  36
 12  37
 12  42
 12  50
 12  57
 12  58
 12  62
 12  79
 12  80
 12  83
 12  91
 12  95
 12  98
 13  17
 13  25
 13  28
 13  38
 13  40
 13  43
 13  44
 13  45
 13  48
 13  62
 13  66
 13  81
 13  92
 13  96
 14  16
 14  20
 14  21
 14  30
 14  31
 14  43
 14  45
 14  53
 14  60
 14  64
 14  67
 14  72
 14  75
 14  76
 14  78
 14  80
 14  85
 14  97
 14  99
 15  18
 15  29
 15  35
 15  36
 15  37
 15  38
 15  42
 15  43
 15  44
 15  48
 15  52
 15  68
 15  80
 15  84
 15  86
 15  95
 15  97
 16  18
 16  20
 16  35
 16  38
 16  47
 16  48
 16  51
 16  52
 16  53
 16  56
 16  58
 16  59
 16  66
 16  69
 16  75
 16  81
 16  82
 16  84
 16  86
 16  99
 17  26
 17  35
 17  36
 17  37
 17  42
 17  49
 17  53
 17  59
 17  60
 17  61
 17  63
 17  64
 17  65
 17  66
 17  67
 17  71
 17  76
 17  77
 17  78
 17  82
 17  90
 17  98
 17  99
 18  19
 18  21
 18  30
 18  36
 18  41
 18  60
 18  76
 18  77
 18  83
 18  87
 18  88
 18  91
 18  93
 18  99
 19  21
 19  23
 19  31
 19  34
 19  41
 19  44
 19  45
 19  51
 19  53
 19  59
 19  62
 19  71
 19  74
 19  77
 19  78
 19  87
 19  91
 20  24
 20  38
 20  39
 20  46
 20  53
 20  55
 20  60
 20  62
 20  66
 20  75
 20  78
 20  79
 20  82
 20  91
 20  96
 20  98
 21  22
 21  24
 21  33
 21  37
 21  46
 21  49
 21  50
 21  53
 21  60
 21  81
 21  87
 21  89
 21  95
 21  99
 22  24
 22  25
 22  26
 22  30
 22  33
 22  37
 22  41
 22  42
 22  54
 22  58
 22  59
 22  76
 22  80
 22  81
 22  92
 23  35
 23  39
 23  54
 23  56
 23  58
 23  69
 23  78
 23  81
 23  86
 23  89
 23  93
 23  94
 23  98
 24  32
 24  39
 24  40
 24  41
 24  42
 24  45
 24  47
 24  49
 24  50
 24  56
 24  57
 24  58
 24  59
 24  61
 24  68
 24  72
 24  83
 24  84
 24  89
 24  92
 24  93
 25  33
 25  42
 25  46
 25  48
 25  52
 25  58
 25  62
 25  67
 25  68
 25  69
 25  71
 25  77
 25  81
 25  84
 25  90
 25  93
 25  97
 25  98
 26  27
 26  37
 26  39
 26  42
 26  44
 26  74
 26  77
 26  82
 26  88
 26  94
 26  95
 27  30
 27  37
 27  41
 27  48
 27  52
 27  53
 27  55
 27  62
 27  63
 27  74
 27  77
 27  85
 27  87
 27  95
 27  97
 28  33
 28  44
 28  46
 28  47
 28  52
 28  55
 28  58
 28  66
 28  68
 28  84
 28  90
 28  91
 28  92
 29  46
 29  67
 29  68
 29  69
 29  83
 29  91
 29  93
 29  95
 30  35
 30  38
 30  42
 30  47
 30  48
 30  49
 30  56
 30  58
 30  69
 30  71
 30  76
 30  77
 30  79
 30  80
 30  84
 30  93
 30  99
 31  34
 31  38
 31  45
 31  48
 31  49
 31  58
 31  70
 31  71
 31  77
 31  80
 31  83
 31  85
 31  93
 31  98
 32  34
 32  39
 32  44
 32  50
 32  53
 32  64
 32  76
 32  82
 32  83
 32  84
 32  87
 32  96
 33  34
 33  36
 33  38
 33  39
 33  53
 33  56
 33  63
 33  67
 33  70
 33  81
 33  90
 33  96
 34  35
 34  37
 34  38
 34  39
 34  43
 34  47
 34  55
 34  60
 34  72
 34  75
 34  76
 34  78
 34  83
 34  85
 34  86
 34  87
 34  90
 34  93
 35  49
 35  52
 35  59
 35  62
 35  65
 35  72
 35  87
 35  95
 36  37
 36  40
 36  41
 36  44
 36  45
 36  46
 36  56
 36  58
 36  65
 36  67
 36  68
 36  69
 36  71
 36  72
 36  74
 36  80
 36  85
 36  91
 37  38
 37  41
 37  46
 37  52
 37  58
 37  62
 37  63
 37  66
 37  83
 37  85
 37  93
 37  94
 37  98
 38  51
 38  55
 38  59
 38  65
 38  89
 38  90
 38  96
 38  97
 39  43
 39  52
 39  54
 39  66
 39  80
 39  87
 39  99
 40  46
 40  47
 40  51
 40  55
 40  56
 40  58
 40  59
 40  83
 40  84
 40  86
 40  87
 40  93
 40  95
 40  99
 41  53
 41  56
 41  58
 41  63
 41  76
 41  90
 41  92
 42  52
 42  53
 42  57
 42  59
 42  71
 42  76
 42  78
 42  86
 43  45
 43  46
 43  61
 43  66
 43  68
 43  70
 43  76
 43  88
 43  91
 43  96
 43  98
 44  46
 44  50
 44  52
 44  57
 44  59
 44  71
 44  72
 44  73
 44  74
 44  78
 44  86
 44  87
 44  88
 44  93
 44  95
 44  96
 44  97
 45  46
 45  47
 45  49
 45  50
 45  54
 45  70
 45  73
 45  74
 45  77
 45  89
 45  93
 45  94
 45  97
 45  98
 46  53
 46  58
 46  64
 46  67
 46  68
 46  71
 46  76
 46  85
 46  87
 47  50
 47  57
 47  58
 47  59
 47  64
 47  74
 47  82
 47  87
 48  58
 48  81
 48  82
 48  94
 49  58
 49  60
 49  63
 49  67
 49  69
 49  74
 49  81
 49  86
 49  87
 49  89
 49  91
 49  92
 49  97
 50  57
 50  61
 50  80
 50  97
 50  98
 51  54
 51  59
 51  60
 51  67
 51  77
 51  78
 51  79
 51  80
 51  81
 51  85
 51  86
 51  89
 51  94
 51  96
 51  99
 52  56
 52  57
 52  68
 52  71
 52  74
 52  75
 52  79
 52  81
 52  91
 53  64
 53  65
 53  75
 53  77
 53  79
 53  80
 53  86
 53  90
 53  94
 53  97
 53  98
 54  66
 54  79
 54  81
 54  84
 54  87
 55  57
 55  61
 55  82
 55  87
 55  88
 55  89
 55  92
 55  94
 56  69
 56  71
 56  84
 56  85
 56  88
 56  89
 56  90
 56  94
 56  99
 57  60
 57  61
 57  64
 57  65
 57  70
 57  76
 57  78
 57  80
 57  81
 57  89
 57  91
 58  60
 58  64
 58  72
 58  89
 58  97
 58  99
 59  63
 59  65
 59  66
 59  70
 59  71
 59  73
 59  77
 59  81
 59  84
 59  89
 59  99
 60  63
 60  82
 60  83
 60  92
 60  96
 61  63
 61  64
 61  70
 61  74
 61  78
 61  82
 61  85
 61  91
 61  94
 61  96
 61  97
 61  99
 62  66
 62  71
 62  74
 62  79
 62  81
 62  99
 63  65
 63  79
 63  81
 63  83
 63  84
 63  86
 64  65
 64  66
 64  68
 64  71
 64  76
 64  83
 64  85
 64  86
 64  93
 65  66
 65  67
 65  73
 65  81
 65  84
 65  92
 65  93
 65  94
 65  97
 65  98
 66  68
 66  71
 66  79
 66  80
 66  82
 66  86
 66  96
 66  99
 67  68
 67  72
 67  75
 67  76
 67  78
 67  80
 67  84
 67  86
 67  89
 67  90
 67  92
 67  93
 67  95
 68  74
 68  75
 68  78
 68  83
 68  87
 68  96
 69  81
 69  89
 69  90
 69  98
 70  85
 70  92
 70  98
 70  99
 71  72
 71  89
 71  95
 71  97
 72  74
 72  78
 72  89
 72  94
 73  76
 73  80
 73  87
 73  95
 74  82
 74  88
 74  94
 74  97
 74  99
 75  85
 75  90
 75  92
 75  98
 76  80
 76  83
 76  86
 76  90
 77  81
 77  84
 77  85
 77  91
 78  80
 78  81
 78  90
 78  95
 78  99
 79  81
 79  86
 79  92
 79  93
 79  95
 79  97
 80  83
 80  88
 80  91
 80  94
 81  88
 81  98
 82  83
 82  84
 82  93
 82  94
 82  99
 83  88
 83  93
 83  96
 83  98
 84  88
 84  89
 84  94
 84  96
 85  89
 85  95
 85  99
 86  94
 86  96
 86  97
 87  90
 87  94
 87  97
 88  95
 88  99
 89  96
 90  93
 90  96
 91  95
 92  95
 92  99
 93  97
 93  98
 95  99
 97  98
