# n=100 p=0.200 seed=4495
  0   6
  0   8
  0   9
  0  11
  0  28
  0  35
  0  36
  0  39
  0  40
  0  42
  0  46
  0  49
  0  53
  0  55
  0  64
  0  67
  0  72
  0  79
  0  81
  0  87
  0  89
  1   4
  1   8
  1  17
  1  25
  1  33
  1  34
  1  35
  1  43
  1  44
  1  50
  1  55
  1  58
  1  60
  1  62
  1  63
  1  66
  1  68
  1  76
  1  83
  1  84
  1  93
  1  98
  2   6
  2   7
  2  13
  2  18
  2  30
  2  31
  2  45
  2  54
  2  63
  2  68
  2  78
  2  84
  2  89
  2  91
  3   5
  3  28
  3  29
  3  30
  3  38
  3  58
  3  66
  3  69
  3  73
  3  81
  3  92
  3  93
  3  96
  3  98
  4   5
  4  11
  4  16
  4  24
  4  29
  4  32
  4  35
  4  37
  4  56
  4  58
  4  76
  4  80
  4  85
  4  89
  5   6
  5  14
  5  22
  5  25
  5  26
  5  33
  5  36
  5  38
  5  42
  5  49
  5  62
  5  63
  5  89
  5  91
  6   9
  6  12
  6  16
  6  22
  6  31
  6  33
  6  46
  6  55
  6  56
  6  58
  6  67
  6  70
  6  79
  6  89
  6  91
  7  10
  7  16
  7  24
  7  29
  7  31
  7  36
  7  38
  7  41
  7  46
  7  52
  7  60
  7  64
  7  66
  7  67
  7  70
  7  75
  7  77
  7  79
  7  82
  7  84
  7  89
  7  94
  7  99
  8  16
  8  23
  8  27
  8  30
  8  32
  8  40
  8  51
  8  72
  8  74
  8  75
  8  76
  8  78
  8  82
  8  83
  9  10
  9  14
  9  17
  9  20
  9  21
  9  29
  9  40
  9  42
  9  52
  9  58
  9  63
  9  69
  9  76
  9  78
  9  81
  9  82
  9  84
  9  91
  9  93
  9  99
 10  16
 10  25
 10  28
 10  31
 10  38
 10  40
 10  41
 10  52
 10  55
 10  61
 10  72
 10  73
 10  80
 10  82
 10  83
 10  85
 10  87
 10  89
 10  92
 10  93
 10  96
 11  31
 11  37
 11  43
 11  44
 11  49
 11  55
 11  56
 11  64
 11  66
 11  70
 11  71
 11  74
 11  75
 11  81
 11  85
 11  87
 11  88
 11  92
 11  94
 11  95
 11  96
 12  26
 12  38
 12  39
 12  43
 12  47
 12  50
 12  52
 12  61
 12  64
 12  69
 12  71
 12  77
 12  89
 12  91
 12  93
 12  94
 12  96
 12  97
 13  14
 13  18
 13  20
 13  28
 13  32
 13  37
 13  38
 13  50
 13  53
 13  54
 13  62
 13  64
 13  78
 13  79
 13  83
 13  91
 13  95
 13  97
 14  26
 14  28
 14  57
 14  69
 14  71
 14  78
 14  82
 14  83
 14  88
 14  89
 14  94
 15  19
 15  21
 15  35
 15  42
 15  47
 15  50
 15  54
 15  55
 15  56
 15  74
 15  77
 15  84
 15  87
 15  93
 15  94
 15  99
 16  17
 16  20
 16  28
 16  38
 16  40
 16  41
 16  43
 16  55
 16  56
 16  59
 16  60
 16  61
 16  65
 16  72
 16  74
 16  77
 16  79
 17  30
 17  39
 17  44
 17  53
 17  57
 17  59
 17  60
 17  67
 17  70
 17  74
 17  79
 17  81
 17  83
 17  85
 17  95
 17  98
 17  99
 18  22
 18  27
 18  28
 18  32
 18  35
 18  46
 18  48
 18  56
 18  57
 18  59
 18  66
 18  72
 18  86
 19  20
 19  22
 19  24
 19  26
 19  34
 19  45
 19  54
 19  59
 19  63
 19  64
 19  69
 19  73
 19  76
 19  77
 19  88
 19  93
 19  94
 19  97
 20  24
 20  29
 20  36
 20  45
 20  52
 20  53
 20  62
 20  65
 20  70
 20  72
 20  73
 20  76
 20  79
 20  86
 20  89
 20  91
 20  96
 20  99
 21  23
 21  35
 21  44
 21  48
 21  51
 21  69
 21  70
 21  71
 21  74
 21  77
 21  85
 21  90
 21  95
 21  96
 21  99
 22  24
 22  30
 22  44
 22  45
 22  49
 22  52
 22  53
 22  55
 22  57
 22  74
 22  77
 22  82
 22  87
 22  89
 22  93
 22  98
 23  34
 23  38
 23  40
 23  43
 23  49
 23  65
 23  66
 23  67
 23  69
 23  82
 23  86
 23  87
 23  88
 23  89
 23  94
 23  95
 23  97
 23  99
 24  25
 24  32
 24  49
 24  51
 24  56
 24  60
 24  63
 24  64
 24  65
 24  68
 24  81
 24  84
 24  85
 24  87
 24  89
 25  26
 25  46
 25  50
 25  52
 25  56
 25  71
 25  76
 25  77
 25  79
 25  86
 25  91
 25  94
 25  96
 26  44
 26  45
 26  58
 26  63
 26  64
 26  65
 26  82
 26  88
 26  90
 26  96
 26  98
 27  35
 27  36
 27  37
 27  39
 27  49
 27  50
 27  52
 27  55
 27  60
 27  64
 27  72
 27  84
 27  87
 27  91
 27  92
 28  49
 28  50
 28  54
 28  67
 28  71
 28  72
 28  77
 28  79
 28  80
 28  93
 28  94
 28  97
 28  98
 28  99
 29  32
 29  50
 29  61
 29  62
 29  64
 29  69
 29  72
 29  73
 29  76
 29  77
 29  85
 29  91
 29  93
 29  96
 29  97
 30  31
 30  32
 30  34
 30  40
 30  41
 30  45
 30  54
 30  56
 30  57
 30  59
 30  61
 30  62
 30  64
 30  79
 30  81
 30  89
 30  91
 30  98
 30  99
 31  40
 31  41
 31  45
 31  53
 31  59
 31  68
 31  69
 31  70
 31  71
 31  80
 31  82
 31  85
 31  89
 31  92
 31  93
 31  94
 32  33
 32  38
 32  42
 32  49
 32  63
 32  67
 32  68
 32  72
 32  73
 32  78
 32  79
 32  82
 32  90
 32  97
 32  99
 33  39
 33  46
 33  48
 33  58
 33  59
 33  61
 33  64
 33  65
 33  83
 33  87
 34  42
 34  43
 34  47
 34  54
 34  56
 34  61
 34  66
 34  67
 34  71
 34  72
 34  74
 34  81
 34  84
 34  88
 34  89
 35  39
 35  41
 35  43
 35  46
 35  51
 35  64
 35  67
 35  84
 35  86
 35  92
 35  97
 36  39
 36  47
 36  49
 36  53
 36  54
 36  58
 36  61
 36  73
 36  76
 36  80
 36  86
 36  89
 37  39
 37  41
 37  42
 37  45
 37  56
 37  58
 37  59
 37  63
 37  64
 37  75
 37  87
 37  90
 37  95
 37  99
 38  40
 38  42
 38  44
 38  45
 38  47
 38  48
 38  53
 38  55
 38  58
 38  66
 38  67
 38  69
 38  74
 38  75
 38  78
 38  85
 38  86
 38  89
 38  90
 38  94
 38  95
 38  97
 38  98
 39  48
 39  52
 39  58
 39  64
 39  69
 39  71
 39  76
 39  90
 39  92
 39  96
 40  59
 40  68
 40  78
 40  85
 41  49
 41  53
 41  82
 41  87
 41  91
 41  99
 42  48
 42  54
 42  58
 42  62
 42  71
 42  83
 42  84
 42  91
 42  93
 43  44
 43  48
 43  53
 43  55
 43  58
 43  71
 43  73
 43  80
 43  99
 44  47
 44  59
 44  60
 44  66
 44  69
 44  71
 44  74
 44  76
 44  83
 44  85
 44  97
 45  46
 45  58
 45  79
 45  90
 45  97
 45  99
 46  48
 46  53
 46  58
 46  61
 46  70
 46  78
 46  89
 46  92
 46  96
 46  97
 47  48
 47  53
 47  55
 47  66
 47  67
 47  69
 47  74
 47  80
 47  89
 47  95
 48  62
 48  64
 48  76
 48  79
 48  80
 48  84
 48  90
 48  91
 48  93
 48  94
 49  54
 49  55
 49  62
 49  65
 49  66
 49  71
 49  77
 49  82
 49  86
 49  87
 50  56
 50  58
 50  59
 50  78
 50  94
 51  58
 51  64
 51  65
 51  77
 51  86
 51  88
 52  55
 52  57
 52  60
 52  61
 52  62
 52  70
 52  82
 52  83
 52  85
 52  87
 52  94
 52  96
 53  68
 53  78
 53  83
 53  87
 53  93
 53  97
 54  57
 54  73
 54  78
 54  80
 54  83
 54  90
 55  59
 55  68
 55  72
 55  73
 55  74
 55  75
 55  80
 55  86
 55  91
 55  98
 56  62
 56  71
 56  74
 56  76
 56  78
 56  87
 56  90
 56  93
 56  98
 57  62
 57  63
 57  72
 57  83
 57  85
 57  95
 57  96
 58  61
 58  62
 58  63
 58  68
 58  69
 58  70
 58  82
 58  84
 58  85
 58  88
 59  69
 59  74
 59  78
 59  87
 59  88
 59  92
 60  76
 60  81
 60  83
 60  87
 60  92
 60  93
 61  62
 61  63
 61  65
 61  73
 61  78
 61  97
 62  64
 62  67
 62  71
 62  73
 62  76
 62  77
 62  79
 62  83
 62  84
 62  85
 62  86
 62  92
 62  95
 62  99
 63  64
 63  67
 63  71
 63  72
 63  74
 63  76
 63  79
 63  86
 63  88
 63  93
 63  95
 63  98
 64  69
 64  70
 64  72
 64  77
 64  88
 64  91
 64  94
 64  99
 65  69
 65  71
 65  77
 65  83
 65  93
 65  99
 66  68
 66  74
 66  80
 67  68
 67  78
 67  81
 67  88
 67  89
 67  91
 68  70
 68  78
 68  80
 68  81
 68  82
 68  83
 68  85
 68  87
 68  90
 68  95
 69  71
 69  77
 69  95
 70  76
 70  79
 70  80
 70  81
 70  92
 70  99
 71  72
 71  73
 71  77
 71  78
 71  91
 72  79
 72  81
 72  82
 72  88
 72  94
 72  95
 73  95
 74  78
 74  83
 74  91
 75  76
 75  84
 75  97
 75  99
 76  78
 76  87
 76  88
 76  95
 76  98
 77  78
 77  79
 77  80
 77  91
 77  96
 77  98
 78  84
 78  98
 79  84
 79  86
 79  87
 79  92
 79  95
 79  99
 80  82
 80  84
 80  99
 81  88
 81  97
 82  89
 82  92
 82  95
 82  98
 82  99
 83  86
 83  88
 83  98
 83  99
 84  85
 84  87
 84  93
 85  86
 85  88
 85  92
 85  99
 86  92
 86  97
 88  89
 88  92
 88  95
 88  97
 89  90
 89  91
 89  98
 90  91
 91  92
 92  93
 93  95
 93  96
 93  98
 93  99
 94  95
 94  97
 94  98
 94  99
 95  96
