# n=100 p=0.200 seed=4395
  0   3
  0   5
  0   8
  0   9
  0  10
  0  12
  0  14
  0  15
  0  16
  0  18
  0  21
  0  23
  0  25
  0  27
  0  32
  0  43
  0  46
  0  47
  0  49
  0  53
  0  56
  0  57
  0  67
  0  68
  0  70
  0  71
  0  72
  0  74
  0  75
  0  85
  0  91
  0  96
  1   2
  1  13
  1  20
  1  21
  1  24
  1  28
  1  34
  1  36
  1  47
  1  48
  1  51
  1  60
  1  61
  1  66
  1  72
  1  74
  1  81
  1  90
  2   9
  2  22
  2  29
  2  30
  2  36
  2  44
  2  47
  2  49
  2  58
  2  61
  2  65
  2  68
  2  70
  2  71
  2  76
  2  84
  2  86
  2  89
  2  90
  2  93
  3   4
  3   9
  3  13
  3  20
  3  21
  3  22
  3  24
  3  25
  3  28
  3  35
  3  37
  3  40
  3  41
  3  44
  3  46
  3  49
  3  52
  3  54
  3  60
  3  63
  3  66
  3  67
  3  71
  3  76
  3  85
  3  90
  3  97
  3  99
  4   5
  4  14
  4  16
  4  17
  4  25
  4  26
  4  37
  4  38
  4  44
  4  52
  4  58
  4  59
  4  64
  4  72
  4  73
  4  80
  4  82
  4  84
  4  88
  5   6
  5   9
  5  22
  5  25
  5  28
  5  29
  5  30
  5  35
  5  39
  5  43
  5  48
  5  50
  5  53
  5  57
  5  60
  5  62
  5  66
  5  67
  5  70
  5  75
  5  86
  5  91
  5  94
  5  95
  5  97
  5  98
  6  15
  6  20
  6  32
  6  35
  6  37
  6  38
  6  39
  6  42
  6  48
  6  54
  6  64
  6  66
  6  69
  6  70
  6  75
  6  80
  6  82
  6  85
  6  88
  6  91
  6  94
  6  97
  7   8
  7  12
  7  14
  7  28
  7  29
  7  37
  7  43
  7  50
  7  56
  7  57
  7  59
  7  64
  7  67
  7  82
  7  88
  7  92
  7  94
  7  97
  8  13
  8  34
  8  35
  8  37
  8  39
  8  40
  8  42
  8  51
  8  55
  8  62
  8  67
  8  70
  8  73
  8  75
  8  79
  8  84
  8  88
  8  90
  8  91
  8  95
  8  98
  9  16
  9  17
  9  28
  9  35
  9  43
  9  47
  9  51
  9  53
  9  58
  9  67
  9  70
  9  71
  9  74
  9  75
  9  76
  9  77
  9  78
  9  82
  9  84
  9  86
  9  89
  9  93
 10  13
 10  16
 10  20
 10  23
 10  25
 10  26
 10  28
 10  30
 10  33
 10  35
 10  45
 10  57
 10  58
 10  68
 10  77
 10  87
 10  89
 10  90
 10  97
 11  13
 11  16
 11  30
 11  31
 11  32
 11  33
 11  38
 11  48
 11  55
 11  57
 11  60
 11  61
 11  63
 11  64
 11  73
 11  74
 11  75
 11  83
 11  86
 11  88
 11  89
 11  90
 11  91
 11  92
 11  95
 12  21
 12  26
 12  35
 12  41
 12  43
 12  47
 12  61
 12  70
 12  74
 12  83
 12  87
 12  88
 12  93
 12  95
 13  20
 13  24
 13  26
 13  30
 13  33
 13  39
 13  47
 13  53
 13  54
 13  58
 13  66
 13  69
 13  70
 13  71
 13  84
 13  96
 14  15
 14  21
 14  22
 14  23
 14  29
 14  37
 14  45
 14  50
 14  58
 14  60
 14  61
 14  66
 14  87
 14  93
 14  94
 15  19
 15  23
 15  25
 15  29
 15  30
 15  37
 15  38
 15  39
 15  40
 15  45
 15  59
 15  61
 15  68
 15  71
 15  74
 15  78
 15  82
 15  83
 15  90
 15  97
 16  32
 16  34
 16  35
 16  38
 16  39
 16  42
 16  45
 16  49
 16  53
 16  59
 16  76
 16  81
 16  86
 16  94
 16  96
 16  98
 17  19
 17  21
 17  22
 17  25
 17  32
 17  33
 17  38
 17  53
 17  54
 17  55
 17  56
 17  61
 17  62
 17  66
 17  69
 17  70
 17  77
 17  89
 17  98
 18  20
 18  21
 18  22
 18  26
 18  42
 18  43
 18  53
 18  58
 18  59
 18  62
 18  66
 18  68
 18  74
 18  78
 18  79
 18  81
 18  82
 18  84
 18  86
 18  88
 18  97
 19  22
 19  24
 19  25
 19  28
 19  34
 19  39
 19  43
 19  46
 19  56
 19  57
 19  61
 19  69
 19  75
 19  76
 20  25
 20  30
 20  32
 20  38
 20  46
 20  47
 20  48
 20  53
 20  54
 20  61
 20  75
 20  81
 20  83
 20  91
 20  95
 21  22
 21  23
 21  33
 21  34
 21  41
 21  42
 21  49
 21  56
 21  68
 21  69
 21  72
 21  78
 21  84
 21  85
 21  90
 21  92
 21  93
 21  99
 22  27
 22  29
 22  32
 22  64
 22  71
 22  74
 22  81
 22  97
 22  99
 23  32
 23  40
 23  43
 23  44
 23  49
 23  51
 23  52
 23  53
 23  58
 23  71
 23  73
 23  74
 23  84
 23  87
 23  94
 24  29
 24  34
 24  35
 24  36
 24  37
 24  39
 24  40
 24  43
 24  47
 24  49
 24  53
 24  54
 24  58
 24  64
 24  65
 24  67
 24  68
 24  69
 24  71
 24  81
 24  84
 24  93
 24  94
 25  27
 25  30
 25  32
 25  41
 25  42
 25  47
 25  54
 25  73
 25  74
 25  79
 25  87
 25  94
 26  28
 26  34
 26  37
 26  39
 26  43
 26  47
 26  48
 26  49
 26  57
 26  61
 26  67
 26  70
 26  72
 26  87
 26  89
 26  92
 27  29
 27  34
 27  35
 27  37
 27  49
 27  62
 27  69
 27  70
 27  74
 27  76
 27  78
 27  82
 27  83
 27  86
 27  88
 27  90
 27  94
 28  39
 28  41
 28  43
 28  47
 28  48
 28  50
 28  55
 28  82
 28  83
 28  84
 28  85
 28  89
 28  91
 28  93
 28  98
 28  99
 29  34
 29  39
 29  43
 29  44
 29  46
 29  52
 29  57
 29  59
 29  60
 29  69
 29  72
 29  73
 29  84
 29  85
 29  88
 29  91
 29  92
 29  95
 29  96
 29  99
 30  34
 30  40
 30  53
 30  55
 30  57
 30  58
 30  61
 30  63
 30  71
 30  72
 30  77
 30  83
 31  39
 31  45
 31  52
 31  62
 31  70
 31  71
 31  77
 31  79
 31  84
 31  88
 31  90
 31  93
 32  36
 32  45
 32  61
 32  63
 32  66
 32  68
 32  72
 32  76
 32  84
 32  90
 33  34
 33  38
 33  48
 33  53
 33  55
 33  59
 33  68
 33  73
 33  89
 33  97
 34  38
 34  39
 34  44
 34  48
 34  51
 34  52
 34  53
 34  55
 34  64
 34  67
 34  69
 34  76
 34  92
 34  94
 34  97
 35  36
 35  38
 35  49
 35  50
 35  53
 35  54
 35  61
 35  62
 35  64
 35  74
 35  75
 35  85
 35  86
 35  87
 35  91
 35  92
 35  94
 36  40
 36  43
 36  47
 36  49
 36  51
 36  54
 36  57
 36  60
 36  64
 36  65
 36  66
 36  70
 36  75
 36  78
 36  82
 36  86
 36  90
 36  96
 36  97
 36  98
 37  41
 37  44
 37  46
 37  47
 37  50
 37  55
 37  64
 37  71
 37  79
 37  87
 37  95
 37  97
 37  99
 38  44
 38  46
 38  47
 38  48
 38  49
 38  56
 38  61
 38  91
 38  95
 39  41
 39  51
 39  59
 39  61
 39  62
 39  85
 39  97
 39  98
 40  43
 40  58
 40  63
 40  65
 40  67
 40  71
 40  72
 40  74
 40  84
 40  86
 40  89
 40  94
 41  49
 41  53
 41  62
 41  78
 41  79
 41  80
 41  84
 41  85
 41  88
 41  92
 41  94
 41  97
 42  43
 42  48
 42  50
 42  52
 42  55
 42  58
 42  61
 42  76
 42  78
 42  79
 42  82
 42  85
 42  98
 43  51
 43  52
 43  54
 43  56
 43  57
 43  60
 43  61
 43  63
 43  65
 43  72
 43  73
 43  74
 43  91
 43  94
 43  99
 44  51
 44  61
 44  64
 44  75
 44  81
 44  87
 44  89
 44  91
 44  92
 45  46
 45  48
 45  49
 45  52
 45  53
 45  61
 45  62
 45  64
 45  67
 45  84
 45  89
 45  91
 46  48
 46  49
 46  55
 46  56
 46  59
 46  62
 46  70
 46  71
 46  75
 46  79
 46  86
 46  94
 46  95
 46  96
 46  97
 47  51
 47  56
 47  57
 47  66
 47  72
 47  81
 47  85
 47  98
 48  52
 48  54
 48  60
 48  66
 48  82
 48  87
 48  93
 49  51
 49  57
 49  66
 49  69
 49  71
 49  77
 49  81
 49  94
 49  98
 49  99
 50  52
 50  67
 50  71
 50  91
 50  96
 51  53
 51  62
 51  63
 51  75
 51  79
 51  80
 51  81
 51  89
 51  90
 51  96
 52  60
 52  66
 52  68
 52  75
 52  84
 52  94
 52  97
 53  58
 53  59
 53  67
 53  68
 53  73
 53  74
 53  80
 53  82
 53  85
 53  86
 53  95
 53  99
 54  59
 54  62
 54  65
 54  67
 54  68
 54  74
 54  75
 54  80
 54  81
 54  82
 54  83
 54  85
 54  89
 55  66
 55  73
 55  75
 55  76
 55  79
 55  80
 55  86
 55  89
 55  92
 55  98
 56  61
 56  65
 56  66
 56  74
 56  77
 56  86
 56  90
 56  99
 57  58
 57  59
 57  65
 57  66
 57  67
 57  72
 57  78
 57  81
 57  82
 57  86
 57  90
 57  99
 58  59
 58  64
 58  72
 58  74
 58  75
 58  77
 58  78
 58  85
 58  86
 58  91
 58  93
 58  94
 59  62
 59  79
 59  87
 59  89
 59  91
 59  95
 59  97
 60  63
 60  65
 60  74
 60  83
 60  95
 61  62
 61  63
 61  66
 61  68
 61  80
 61  82
 61  86
 61  89
 61  98
 62  66
 62  69
 62  71
 62  73
 62  74
 62  79
 62  84
 62  88
 62  89
 62  92
 63  70
 63  71
 63  72
 63  74
 63  76
 63  77
 63  78
 63  79
 63  82
 63  93
 63  96
 64  67
 64  71
 64  75
 64  78
 64  80
 64  82
 64  88
 64  89
 64  92
 64  95
 64  99
 65  76
 65  79
 65  82
 65  88
 65  94
 66  68
 66  77
 66  79
 66  97
 66  98
 67  75
 67  78
 67  81
 67  93
 67  94
 67  95
 68  73
 68  84
 68  91
 68  94
 68  95
 68  98
 69  75
 69  76
 69  78
 69  87
 69  89
 70  71
 70  77
 70  79
 70  80
 70  82
 70  90
 70  91
 70  95
 71  83
 72  78
 72  87
 72  88
 72  94
 72  99
 73  74
 73  79
 73  84
 73  87
 73  91
 73  97
 74  78
 74  82
 74  88
 74  94
 74  97
 75  85
 75  91
 75  96
 76  80
 76  85
 76  89
 76  94
 76  96
 76  99
 77  78
 77  89
 78  85
 78  88
 78  91
 78  93
 78  99
 79  83
 79  84
 79  90
 79  91
 79  94
 80  84
 80  89
 81  83
 81  89
 82  86
 82  88
 82  91
 82  95
 83  85
 84  86
 84  88
 84  91
 84  98
 85  87
 85  92
 85  98
 86  94
 87  88
 87  90
 87  93
 87  96
 87  97
 88  92
 88  94
 88  96
 88  99
 89  97
 89  98
 90  91
 92  99
 93  99
 94  95
