 MK_GK07.DAT
 500  25
  51   8   6   6  10   8   8  10   7   8   5   8   6   6   6   7   6   7   5   8
   6   8   9   6   7   5
  79  11  10   8  12   8  15  16  13  13  15  15  14  15  15  16  11  14   9  12
  12  14  15  12  13   7
  73   9  11  13  14   7  10  12  15   8  15  14  12  10  10  14   7  14  12   7
  10  14  11   7  14  12
  70   8   8  11   8  11   7  10   8   9   8  10  11   7  13   7  14  11  14   8
  13  11  12   9   8   9
  53  11   6   7   9   6   9  10  10   9   6   8   9   9   7  11   9   8   6  10
   6   6   8   6   5  10
  53   7   6   6   9   8   7   7  11   6   7   6   8   9   8   8   8  10   5  11
   9   9   9   5   8  10
  51   9   5   7   9   8   7  10  10   7  10   6   5   6   7   8   5  10   6   5
   8  10  10  10   9   9
  84  16  11  11  15  11  12  11  13  14  16  15  12  15   9   9  10  15  14  10
  10  12   8   8  16  16
  72  14  15   9  10   8  11  11  14   8  12  14   8  14   9  12  15  14  12  15
   8   8   7   8  11  12
  68   9  13  11  10  12   9   9  13   7  13   8  11  10   8  10  14   9  10   8
   7   9  11  12  11  12
  89  13  11  15  16  15  14  14  12  11  13  13  10  10  18  16  15  18  18  16
  18  13  13  12  16  13
  65  12  10   8  10  12  12   9   9  13   9   8  12  10   8   8  12  11  11   6
  13  13  13   7   8  12
  62   7  10   7  11   6  12   9  11   9   7  10  12   7   6   7  12  11   7   6
  10   8   9  12   6   6
  96  18  17  10  11  15  11  18  15  18  19  18  10  16  17  10  19  17  11  16
  17  17  13  16  13  14
  76   8  14   9  14  14  13  11  11  14   7  11  14  12  13  15   8   9  12  10
  11  14  13   9  10  13
  78  12   9  11   8   8  11  15  10   9  14  13   8  10  15  10  14  12  12   9
  15  13  14  16   9   8
  94  12  15  12  10  18  11  18  12  13  16  10  18  18  17  17  18  16  11  19
  12  18  10  15  17  10
  63   9  12   8  11  13   8  10  11  12   9   6  13  13   9  10  10   6  10   7
  10   8   7   7  13   6
  82  15   9   8  15  12   9  13  12   8  10  11  11   8   9  11   9  13  15  10
  14   9  15  14  12  14
  61   9   6   7  10   7  12  11   9   6  11   7  10  11  13   8   6  12   8  11
   9   6   8   8   8   6
  66   8  11   9   8   7  11  12  10  13  11  11  12   9   9  10  10   8   9   9
   8   9   9  11   9  11
  55   8  11   6   9   9   5   6   9   6  11   5  10   8   6   6   9   5   9   8
  10   7   8   6   7   6
  60   9   7   6  12   8   7  12  12   6   8   7   8   9   7  10  11   9   6  10
  10   7  10  11  12  12
  63   9   6  12  13  11  11  10   7  11  11   9   8  10   6   7   6   7  12  11
   8  11  12   7  11  11
  50   5  10   6   9   5   6   7   9   5   6   9   5   5   7   9   5   7   5  10
   7   8  10  10   7   5
  63   8   8  12  12  12   7   9  10  12  12  10   9  11  11  11   6   9  12  12
  11   7  12   7  10  11
  91  12  16  15   9  12  13  15  17  18  13  12  15  11  13  18  16  17   9  19
  10  15  13  15  12   9
  65   6  10   8   7   7   6   9   8  11  12   8  12  13  11  13  10  10   7  12
  13   9  12  11   9  12
  64  10  11  12   8   6   6  10   7   6  13  11  11   6   6  11  13   7  11  13
   8   9  13  12  13  13
  55   9   6  10  10   8  10   6   5   9  10   9  10  11   9   7  11   8   9  11
   7   5   9   7   7   9
  80  12   8   8   9  15  13   9  11  16  16  14  13  16  11   8   8  15  10  15
   9  15  10  16  10  11
  74  15  15  14  10  15  11  11  15  13  15  14   8  13  12  11   9  12  14  14
   9  14  14  10   7  11
  95  19  18  15  11  14  18  12  16  11   9  18  15  17  18  12  14   9  10  17
  19  10  16  10  13  12
  96  19   9  11  18  16  13  11   9  20  13  10  15  13  19  16  17  14  12  10
  18  14  12  15  18  10
  56  11   6   6   8   8   7  10  11  11  11   7   5  10   7   6  11   7  10   8
  10   7   8   7   8  10
  90  10  14  17  12  10  11  13  10  17  16  13   9  16  15  11  14  12  17  13
  13   9  13  15  16  10
  91  17  17  14  11  12   9  10  11  16   9   9  14  17  12  14   9  14  17   9
  12  17  17   9  16  11
  60   6   9  11  12  10  11   6   6   7   7   8  10   9   7  10   9  11   8  10
   7  12  11   7   9  12
  59  11  10   9  11  10   7  11  12   7  12   7   6  11   8   6   9  12  10  12
  12   8  11  12   8   7
  68   9   9   7   7   8   7  13  10  11  11   8   7   8  10  13   9   6  11  11
   9   7  10  13  12  10
  80  11  11  13   9  11   8  10  10  12  14  11   8  16  10  11  13  14  12  14
  16  12   8  11   9  11
  82  13  11  16  16  11  15  14   8  14  10  17  10  14  13   8  10   8  11  16
  16  16  16  13  14  13
 100  17  10  18  14  16  18  14  15  17  20  20  15  10  16  16  13  16  11  11
  19  11  17  16  18  18
  70  14   7  13   9  12  12  12   8   8  14  11  10  12  12  10  12   9  14  12
  11  13  12  14   8  11
  52   9   6   7   7  11   9   6   8   7   6   6   9  10   6   5  10  10   5   6
  10   6   6   7   9   6
  79  13  16  12  12  16  12  14  10  11   8   9  10  12   8  10  14  12  13  11
  15  12   8   8  11  11
  62   9  12  12   8  11   9   9  11  12   7  12  11   6  10  10  12   9   7  11
  10   7   6  12  12  13
  51  10   9   5   6   6   7   6   8  10   7   5   8  10   9  10   6   7  10   5
   6   9   5   5   7   9
  78  13  13  15  10  12   7   8  15  12  12  11   8  15  13  11   7  12  16  10
  13  12  15   8  14  10
  95  14  12  14  12  14  12  11  13  17  17  10  10  16  13  19  17  14  14  19
  15  13  15  15  11  17
  56  10   7  11   7  12  12   9   9   7   9   9   6  11   5   5  10  10   8   7
   6  10  10   6  12   5
  81  10  15  11  10  11  11  15  12  17  11  12  16  16  10  10  12  13  12  11
  12  14  10  14  15  10
  75  13  15   9  11  11  14  12  15  15   9  11   7  12  12   9  13   8  10  10
  12   9  13   8   8  15
  50   5   9   5   6   9   5  10   6   5   9   5   6   8   9   5   7   6   6   6
   7   8  10   6  10   8
  80   8  11  12  14  16  10  11  14  11  12   9  12  12   8  14  13  16  12  16
  12  12  12  13  16   9
  84  17   9  17   8  17  12  16  16  13   9  11  11  13  10  16  16  14  14  14
  15  16   9  15  16  13
  83   8  14   9   9   8  11   8  16   9  10  13  14  17  12  10  14  15  17  10
  10  14  11  17   9   9
  92  14  13  17  18  18   9  16  10  14  19  15   9  10  10   9  14  17  14  14
  15  16  14  16  18  15
  54   7   8   8  10   6   6   8  11   7   7  11   9  11   5  10   6   9  10  10
   5  10   7  10   7   8
  72  11  14   9  13   9  13  13  12  14  10   9  14  12  13  13  13  13  10   9
  11  13  14   7  14  13
  57  11   5   9   9   7  12   6   6  11  10   6   6  11   7  12   9  10   7  11
   8  11   9   6  12  10
  87   8  16  11  17  11  17  17  17   9  10  10   8  10   9   9  16  12  13  16
  10  15  14  12  10  11
  84  14  15  10  10  10  10   8  12   9  15  11  13  17  10  10  13  10  15  11
  15  13  15   9  16  16
  53  10   8  10   5   6   9   5   9   5   6   5   8  10   7   5   8   7   8   7
   9   7   5   7   6   7
  94  10  14  15  17  12  13  19  19  14  18  14  12  19  19  16  13  17  18  18
  17  18  10  16  13  14
  75  12  15  13  15  15  11  11   9  14   9  15   9   8  14   7  12  13  15  12
  13   9  15  15  15  15
  79  15   9  15  11  13  11   9  16  15  12  13  13  12  14   8   9  11   7  15
  11   9  14  13  11  13
  63  11   9   9   7   9   6   7   7   7  12   9   8   9   8  12   7   7  10  11
   7  10   6  11  13   8
  84  12  15  12  10  16  13  14  17  13  14   9   9   9  17  13   9  10  14  15
  14  11  10  17  14  17
  57  12  11   6  11  12   9   6  10   6   9  10   7  11   6  11  10  10   8   6
   9  10   8  12   8  11
  60   9   7  10   7   9   7   6   7   9   7   8   9  12   6   6  12  10  12   9
   9  11   6   9   7   6
  92  18  17  12  14  19  13   9  17  10   9  14  17  11  14  15  17  13  17  12
  13  16  16  14  11  10
  92  11  10  18  15  12  14  10  10  16  15   9   9  15   9  13  11   9   9  13
  14  12  10  13  16  12
  60   9  12   8   6  10  10   6   6  11   6   7  11  10  11   8  10   7   9   6
   6   7   9  12  11  11
  53   5   9   7   8  10   9   7   8   9  11   6  11   5   7   8   7   9   6  10
   6   7   7   7   9   9
  72  12  11  10  11   8  14  12   9  12  13   8  14   8   8   9  13   8  12   7
  14  13  12  11   8  10
  82  16  16  12  15  11  11  16   9  12  15  12  16   8  11  16  11  12  16   9
  13  12   8  15  10  16
  69   7  13  13   7  10   7  10   8  10  14  13   8  11   7  13  13   8  11   9
  11   7  10  14  11   6
  84  15  15   9  14   8  16  17  12  12  11  17  16   8  12   8  12  11  14  10
  12  10   9  12   9  13
  88  16   9  11  17  14  17  16  17  14  13  10  16  14  13  11  10  12  13  12
  14   9  18  10  17  15
  58   7   7   7   6   7   7   6   8   8  10   5   9  11   8  10  12   6  11   6
   9   8  11   8   5   6
  70  12   7  10   9  11  13  10   8  13   8   8  13  11  12  14  14   8   7  12
  10  12  14   9  13  11
  85  16  11  11  12  17  14  14  11  10  15  16  15  12  14  14  15  12  17  13
  11  15   9  11  14  10
  82  12  16  12   9   9  11  14  12  14  12   9  11  10  12  14  11  16  11  12
  15  13  12  10  15  12
  55   6  11   9  10   8  10   6   9  11  10   6   6  11   7   7   8   6   8   7
   6   7   5  10   6   9
  60  12   9   8  11   9  11   7  10  12  12   8   9   6   9   8  12  11   8   7
   9   8  11   9   7  11
  93  11  14  16  18  16  18  14  10  10  14  10   9  17  16  19  15  18  16  13
   9  10  15  10  12  15
  87  13  17  17  16  11  11  15  18  12  11  17  14  14  10  16   9  18  16  16
   9   9  11  17  15  15
  95  16  12  10  15  14  12  12  19  14  18  14  19  19  12  18  16  18  11  13
  10  10  11  15  10  17
  81   8   9  13  17   9   9  17  13  14  15  10  15  16   8  15  14  16   8  11
   9  10   9   8  10  15
  67  11   6  11  12   8   8  10  13   8  11  10   9  11  12   9  12  11  14  12
  10   8  11  13  13   8
  53   6   9   7  10   9   9   7   5   5   7   5   5  11   9   5   8   6  10   6
   9   7   8   6  11  10
  65  13   9   9  13   7  11   7   7  11  10  13   9   6   6  13  11   9  10  10
  12   6   8   7   8  10
  76   8  16  12   8   8  13   8   8  11   8   8   8   9  12  11  12   7  14   9
  12  14  14  15   9  13
  69   7   7   7   9   7  11  11   8   9  11   8  12   9  10  11  13  13   9  14
   7   7  13  14   8   8
  92  18  16  15  11  10  10  17  13  10  18  18  16  10  18   9  15  19  18  15
  18  11   9  10  18  18
  71  11  10  11   8  10   7  11  14  11  11  12  14  12   9  12   9  11  15  14
   9   9  10   9   9  10
  76  14  14  14   8  15  11  14   7  14  10   8  14  15  16   8  13  14   9  11
  13  11  15  10  12  11
  76  13  14  13  13  10  11  12  14  14  13  12  14   8  14   8   8   8   8  16
  13  11  15  11  11  11
  61   9  13  12   9  12  11   7  10  10   8   6   8  11   9   8   8  11   7  10
   7   7  10  10   6   8
  75  12  12  15  13  12  13   9  15  12   9  10  15  11  11  12  14   7  10  14
   8  10  12   7  14   9
  70  10   7   9   8  10  10  13  10  12  13   9  12  10  10  11  13  14  10   7
  13  14  13  13  12   8
  91  17   9  19  19  17  13  15  16  11  17   9  10  10  16  18  17  18  17  11
  18  10  15  11  10  18
  95  17  11  12  15  10  18  14   9  19  19  10  17  12  17  19  11  18  11  15
  11  17  12  15  14  17
  60  12   7  10   8  11   8   8   7  10   6  10   9   6  12   6   8  11  12  11
  12   6   6  10  11   8
  70   7  14  14  14   8  10  13  10  12   9   9  14   8  11  11   9  14   9  13
  11   9  13  11  12   9
  50   5   9   7   7   5   8   6   8   8   9   5   8   6   5   6   5   5   5  10
   5   9   5   8   9  10
  91  13  14  17  10  13  17  11  18  12  14  10  13  13  11  13  14  12  10   9
  17  15  11  15  11  12
  65  13   7   8   9  10  12  13   6  11   7  12   8  11   8   9  13   9   9   6
   9  13  12  11   7   7
  60   8  10  10   9  11   9  11   8  11   6   9  10   6  12  10  11   6  10   9
   8   8   8   6   9   9
  98  19  10  18  20  13  16  11  18  10  17  10  15  11  18  13  20  11  17  10
  17  13  12  18  19  10
  55   9   7  10  10  10   6   6  11  11   8   7  10  11  10   9  11   6   9  11
   8   6  11   6   9  10
  84   9  16  16  12  17   8  10  14  13   9  15  14  13  11  13  14   9  10  16
  10   8   9  12  15  13
  75  12  15  14   9  13  12   9  14  14  15  14  10  13  10   9   9  15  10  12
  13  10  10   7  11  14
  84  17  17  12  15  15  11  13  15  11   9  12  17  10   9  13  16  13  15  10
   8  13  12   9   8   9
  94  13  12  14  12  16  16  16  16  17  14  10  12  10  10  12  11  17  12  19
   9  12  19  10  11  10
  63   9  12   9   8   9   8  10   6  10  10   7  11   7   6   9  12  10   8  11
   7   8  13   9  12  11
  98  18  19   9  13  19   9  16  11  19  11  18  12  10  11  19  10  20  17  17
  10  17  15  11  19  12
  78   8  12  15   9   9  11  15  12  12   8  13  13  10  10  11  11  15  11  10
  12  16   9  10  10  15
  64  12   6   9  10  13  10  12  12   9  11   9   9  11  11  12  10  13   9   7
   8  12   9   6  10   9
  85  13  10  15  15  16  15  10  17  13  17  16  10  15  16  16  15  15   9  13
   9  10  15  11   8  16
  53   7   6   6   6   7   7   8   9   8  10   9   8  10   6   6  11  11   7   9
  10  10   6  10   6   7
  79   8   9  10  16  10   9  12  16  15  10  13  12  15   8   8  12  11  14  12
  10  15  16  13  16  11
  65  12  10  13   9  11  12  11  10   8  12   7  12  12   9   8  10   8  10   7
   8  10  13  13  11  13
  66   9  12   8  12   9  10   9  10   9  13  13  12  12  10   8   8   8   8   6
   9  14  10   9   7  12
  99  15  11  17  16  13  10  19  19  19  10  12  15  12  18  16  16  13  13  15
  15  10  14  16  15  17
  77   9  12  15  15  16  11  14   8  15  14  16   8  11   9  10  11  11  14   8
  14   8  13  12   7  13
  75  13  12  14  11   9   7  15  11  11  15   9  12   9  10  14  10  11   7  10
  12  14  14  14  12  11
  78   8  12   9  13  13   9  12  14   7  11   8  11  16  10  14   8   9  10   9
   8  15  14   9  11  12
  71  13  11  13  13  10   8   8  12   9   7  14  14  12   8  10  11  11  10   9
  10   9   7   9   8   9
  90   9  13   9  13  18  16  12  11  11  15  10  17  17  11  15  10  11  18   9
  16  13  18  10  15  14
  56   6   6  11   7   9   8  10   5   6   6   8   9  10  12   6   6  10   7  10
  11   8   5  10   7   5
  98  18  15  14  18  12  19  15  18  17  19  18  12  20  11  17  12  16  18  12
  14  13  17  11  12  10
  65  11  11   9  11   9  12  13   8  10   6  11  12  12  10   7   9  10   8   8
  10  13   8  12   9  13
  75  15  14  10  10  15  14   8  15   7  13   8   9  14   9   9  14  10   9   7
  11  10  13  13  13  15
  85  15  15  14  13  15  16  12  13  17   9  15  11   8  11  16  10   8  15  11
  13  11  16  15   9  10
  90  18  10  12  16  17  12  10  16  13  13  11  11  10  15  16  10  10  14   9
  10  18  17  17  14  18
  54  11   5   6   9   6   8  10  11   9  10  10  10   8   5   7  10   5   5   9
   8  11   6   8   9   6
  68  10  14  13   7  12   8  11   7   7  14  14  12  12  13  11   8  13  10  10
  12   8  12   9   8   9
  54   5   6   9   7   7   7   6   6  11   6   7   6   8  10  11   9   5   9  10
   5   6   6   5   7   6
  65   7  11   8   7  11   9   7  11  10  13  11   9   7   9  12   7  12  13  10
  11  10  10  13  12  12
  95  10  12  10  12  10  12  17  16  14  15  10  18  17  13  13  10  11  16  12
   9  14  16   9  10  16
  83  16  11  16  15  10  16  11   8  15  14   8  16  16  13  12  10   8  15   8
  12  12  17  17  10  15
  64  11   7  11  10  10   6   9  10   9  11   8   7   9  10   6  12  13   9  10
  13  12   9   7   8   7
  87   9  13  12  15  14  17  10  12  15  12  15  16  14  17   9   8  11  16  15
  18   9  12  15  16  14
  63   6  12   7  10   8  12   6  12   8   9  10  12   6  13   9   8  12   7   8
   9  11  10  10  11  11
  79   9   8   9  13  10  13  15  15  15  10  11  15  11  14  15   9  11  16  16
  12  14  12  13  16  10
  83   9  11  12  11  14   9   9  13  14  17  11  12  14   9  13  14  14  11  11
  16  10  16  11   9  15
  70  10  14  13  10  14  14   8  13  10  11  13  12  14  10  13   8  14  10  12
  11   8  12   8  14   7
  61  10   6  12   8  11  12   8   8  10   9   6  12   7  10  12   9  10   9   6
  12   6   8  12  10  10
  80  14  11   8  15  12  12  16  13  13  10  14   9  15  11  14   9  13   8   8
  14   8  10  16  11  16
  51   9   6  10   8  10   9   6  10  10   5  10   7  10  10   6   8   9   6  10
   8  10   8   9  11   5
  93  14  12  11  18  17  12  11  17  11  12  13  19  13  18  18  17  10  17  16
  11  13  14  10  16  12
  55   8   8  10   9  11   6   5   8   8  10   8  10   5   7   8  11   9   7  10
   8   8  11   9   7   5
  62  10  12  10   7   9  10  12   7   7  10  10   8  11  12   7  10  12   9   8
   8  10   7   8  12  12
  63   7   8   8   9  12  10  10   6   7   8   6  13   9   7  13   8  13   8  10
  10  10  12   8  10   6
  83  12  12  16  13  11  13  16  12  16  15  13  14  13   9  16   9  11  12  11
   9  11  13   9  16  13
 100  13  18  12  16  10  13  20  10  11  12  20  19  12  19  11  14  18  13  17
  16  10  16  17  16  17
  75  13   8  10  13  13  11  12   9  12   7   8   9  14   7  11  12  10  10  10
  12  10   9  13  15   9
  55   9   7   6   7   6   8   7   8   9   7   8  10   8  10   8   9   6   6   9
   9   7   6   8  11   9
  91  15  18  15  19  15  17  16  14  13   9   9  14  18  12  12  10  13   9  17
  14  11  10  13  17  13
  53   5   8   5  11   6   7   7  10   9   8   8  10   6   5   8  11   8   8   5
  10  10   9   9   9  10
  79  13  12   9  16  13  12  13  11   8  15  10  15  13  10  11  12  14   8  16
  13  12  11  15  11  15
  71   8   8   9   8  10   8  10  12   7   7  15  12   7  12  11  13   8  14  11
  12  13  11  11  13  12
  61   9   6   9   7  12   6   9   6  11   8   8  10   9   6  12   7   9   7  12
  11   7   7  11  11  11
  91  14  12   9  13  19  13  12  15  19  15  11  14  18  14  17  16  18  16  11
  10  16  16  16  18  10
  76  10  14  15   8   9  11   8  11  10  11  12  16   8  10  13  10  14  12   8
  10   7   9  10  10   8
  50   5   7   6   9  10   9   9   9   7  10   5   6   8   7   5  10  10   8   8
   7  10   5   6   9   5
  93  19  11  14   9  18   9  13  14  14  18  15  10  12  18  15  18  17  14  13
  11  14  12  12  11  10
  89  14  10   9  12  11   9  11  18  12  11  16  14  17  17  16  16   9  13  11
  12  16  11  17  14  18
  57  11  11   8   6  12   6  10   8   5   6  10   7   6  11   8   7  11   6   6
   6   5   9   6  10  10
  77  16  12   8  11   7   8   9   9  11  11   8  15   8  10  10   8   8   9  10
  12  12  10  13  12   8
  60   7   9   6   9   9   6   8   6   9  11   8  11   9   9   6   7   8  12   7
   9   6   8   8   9   9
  60   8   7   7  12   7  11   8   8   9   8   7   9  12   8   9   9   9   6  10
  11   9  12  11   6   9
  54  11  10  10   6  10   7   8   9   9   6   9  10   9   8  10   7   6  10   8
   8   9   7   5   6  11
  93  17   9  10  16  13  15  18  17  19  15  19  16  12  18  15  16  18  16  18
  18  11  10  12  12  15
  53   8   7   5   7   5   6  11   5  10   8   7   9   5   6   8   9   7  11   6
   5   6   9   7   7   5
  70  11   7  13   8   9  13  14   8   8  12  10  10   9  11  14   9  14   9  14
   8   8  12  11  10  10
  69  10  11   9  13   8  13  13  12  10  14  12  11  14  10  10  12   7  13   8
  11  12   7  11  12   7
  74  10   8   9  12  11   9  10  12   9  15  14  14   8   9  10   8   8  13  11
   7  15  12  13   9   9
  84  15  16  16  11  16  14  10  16  12  14  17  13  16  13  10  10  12   8  13
   8   9   8   8  13  10
  82  16   9  13  17  16  12  17  11  14  14  11   9  15   8  10  12   9  11  15
  11  11   9  17  16  17
  75   9  10  15   9  12  14   8  14  12  11  12  10  11  13  10  14  14  11  12
  10  10  12   7  12   8
  90  14  15  18   9  17  14  10  10  14  12  13  11  15  10  12  11  13   9  17
  10  15  16  16  14  14
  66   7   7  13   7   8   9   8   8   8   9  10   8   9   8   9  11  13  12  12
  13  12  11  13  10  12
  70  12   8   7  12   9  13  10   9   7   9   8   9  13   7  11  11  14   7   7
  13   7  14   9  12   8
  95  18  19  14  17  15  17  13  17  12  18  19   9  15   9  17  10  10  17  11
  10  11  10  17  12  12
  91  10  17  10   9  17  10  11  15  16  13  14  14  11  12  13  11   9  15  13
  15  12  18  12  13  15
 100  16  10  10  10  20  12  11  16  14  20  14  14  17  14  19  19  12  11  18
  18  14  12  17  15  16
  98  15  13  16  13  20  11  14  20  11  18  10  19  19  14  13  17  17  10  12
  18  17  11  17  13  19
  51   6   9   8   9   5   9  10   8   6  10   8   8   7  10   7   9   8   5  10
   5  10   7   9   7   9
  71   9  11  11   9  13   7  10  13   8   8  11  14  11   7  12   8  12   7  14
  10   9  12  13  14  13
  54   6  11   6   9   9   9   9   8   9   5  10  10   9   6  11   5   7   6  11
   8   9   8   6  10   7
  87  15  11  12  15  12  17  12  14  10  13  13  13  16  14  14   9  14  17   9
  14  11  16  14  13  14
  67  13  13  10   8   7   6  10  13   6  11   6  11   9  13  12  10   8  14   8
  12   7  14  10  14  13
  73   9  13   8  10   8  15  13  13  11  13   9   7  10   7  11   8  14   9   8
   8   9  11   8   9   9
  65  13  13  12   9   8  10  12   9  11  12  13   6  11   9  12   9  11  11  13
  10  10   7  12   8   9
  80   8  11  10  14  16  12  16  15  15  11   8   8  12   9  10   9  15  13   8
  10   8   8  13  10   9
  74  11  14  13  11  12  12  12   9  12  14   7  15   8  15  12  11   9  11  11
   8  10  15  11  14  11
  56   6   7  10  10  11   7   9   7   9   7   7   6   9  11  10   7   6   7   7
   5  11  11   8  10  11
  89  12  16  10  17   9  18  10   9  17  18  14  11  16  17  18  17   8  10  11
  17  13  17  13  11  14
  86  15  10  16  11  14  14  15  15  13  10  17  12  17  16  15  14  15  14  13
  10  10  10  15  11  11
  56   8   6   8   9   7  11   9  11   9   8  12   8   7  10   9   9  10   7  12
   8   6  10   6   7   8
  75  15   8  11  15   8  15  10   9  13  13   8  14   8   8   9   8   7  12  10
  14  10  10   7   8   8
  77  11  15  10  14  12  11  11  10  10  11  10  12  11   7  13  14  11  11  13
   9  12  14   8  13  14
  91  18  17   9  14  15  13   9  12  13  16  10   9  15  15  13  16   9  17  16
  10  17  17   9  16  18
  91  14  16  12   9  10  18  18  18  10  11  17  10  15  15  12  15  10  18  15
  15  14  13   9  18   9
  51  10   6   8  10   9   8   9   9   6   7   5   9   6   5   7   8  11   7   9
   6  10  10   5   9   8
  92  15  11  10  15  17  15  16  15  10  17   9  14  10  15  18  12  14  17  18
  12  19  13  16  19  16
  86  15  13  10  11   9  18  13  13  16   9  12  15  12  17  15  17  10  10  17
  13  12  12   8  13  14
  94  17  12  17  10  14  17  16  11  13  15  16  15  10  12  17  13  14  18  15
  17  12  13  18  18  11
  95  14  17  12  12  13  12  18  12  14  13  19  12  14  19  10  11  11  15  18
  15  16  10  14  15   9
  62   8   7   6  13  11   7   8   7  10   7  12  10   8   7  11  11   7   7   8
  11  12  10   7  11  12
  64  13  12  11   7   8  10  10  12  12  11   9  13  10   6  11   8  12  12   9
  12   6   7   7  13   7
  72   8  12  13  10  10  10   9  10  14  13  13   7  11   9  13  14  11  12  13
  13  12  10  13  14  12
  53   9  10   9   7   8  10   9   6  11   5   8   9   6   7   7   8   6  10   7
  10   7   5   7   6   8
  56   6  10   9  11   8   9  12   7   7   9   8   7  11   8   6   7  11  11   8
   9  11   7   8  10   6
  97  10  16  12  13  14  19  18  17  14  13  12  14  15  15  18  19  19  17  12
  11  11  17  10  17  13
  57   5   7   5  10   5   7  10   6   8   9   9   9   8   9  10   5   6   7   6
  11   8  10  11   6   6
  98  14  16  11  15  19  15  20  17  19  17  19  17  20  13  16  12  11  11  15
  12  10  15  12  17  13
  94  11  14  16  19  14  14  11  11  17  17  19  15  15  17  15  17  12  16  10
  16  12  13  10  13  12
  95  13  11  18  10  16   9  11  18  17  18  19  13  14  17  12  19  13  17   9
  18  15  11  19  14  14
  77   9  12   9  12   7  16   8  15  12  15  10  12  14  10  15   8  15  10  13
  14  13  13  15  12  11
  63  13  12  12  13  11  11  12  10  13  13   9  12  13   8  11  12  10  10   8
  10  10  12  12   9   8
  58   8   8  11   6   8   7  10   7   7  10  12  11  11   8  11  10   7   9  12
  10   7  11   7  12   6
  51  10   8   8  11   8   9   6   7   6   8   6   6   6   8  10  10   8   5   7
   6   8   7  11   6   7
  55   5  11   5   6   5   7   8   9   9  11   7   5   9   5   6   8   8   9   9
   8   9  10   8   7  11
  53   8   7   8  11   9   7   9   5   7  10  11  11   5   8   8   7  10   5   8
   7   9   8   9   6   8
  96  14  18  10  18  18  16  17  17  17  17  11  13  11  12  15  19  17  15  13
  12  12  17  12  17  11
  70   7  11  10  12   7   7  11   7   7  11   9  14  10   7  10  13   7  12  12
  11  13  11   8   7   9
  92   9  18  12  16  12  10  14   9  13  12  15   9  19  13  17  15  12  12  10
  16  17   9  11  14  15
  86  17  10  13  10  14  16  14  14  11   9  10  15  14  11  14  10  11  13  12
   9  13  15  13  11  10
  75  14  13  11   8  10  11  11  10  14   8  11  15   8  12  15   7   9   8  14
  13  14  10  12   9  13
  84  11  16  13   9  16  17  16  17  16  16  17  12  10   9   9   9  16  14  12
  13  17  12  16  12  17
  79   9  11  10  15  15  15  15   9  12  10  15  16  11   8  15  11  12   9  13
  11  11  14  11  16  15
  65   9  10  12   9   7  13  10   8  11   9  10   8  13  12  11  12   9  12   8
  12   8   7   7  10  12
  72  13  13   7  13  11  11  11  13   8  13   7  10   8  11  13  13  15   9  13
  14   9   7  12  10  10
  87  15  17  16   9  15  17  15  11  11  12  13  14  10  10  16  14  10  16  14
  15   9  14   8  18  13
  53   7   9   5   5   7  10  10  11   8   9   6   7   7  10  10  10   6   8   9
   5   5   6   5   7  11
  66   8   8   7  10  13  13  13  12  13   7  12   7   7   9  13   7   9   9  11
   7  10  11  10  10   8
  64  10   9   6   8  10   8  12   6   8   9   8  13   8   7   8   8  11  10   8
   8   8   6   8  10   7
  80  16  14  12   8  11  11   8  13   9  12  12  14  15  16   8  16   9  11  11
   9  15  12  11  13  13
  76  12  13  16  14  10  13  14  14   9   7  11  16   8  12  11   7  10  12  11
   7  11   8  13  16  15
  87  12   9  14   8  10  11   9  12  13  11  10  14  12  14  16  12  15  13  15
  16  14  16   9  16  11
  80   9  16   9  12  11   8  14  11   9  15   8  12  15   8   9  15  14  14  14
   9   8  10  12   9  11
  50  10   8   6   6   7  10   8  10   9   9   5   7   9   6   5   9   9   7  10
   8   5   7   8   6   8
  60   9   6   9   9   8   8  10   8   6   6   7  11  10  10  12  11   6   6  12
  11  11  11   7   7  11
  86  14  13  17  13  16  13  17   9   9  13  17  12  14   9  15  10  12  15   9
  12  16  12   8  14  14
  70   8  12   7  10   7  13  11   9  14   7  13  13   7  12   7  12   9   9   7
  12  12   8  14  13  11
  56   9   8  10   6   5  10   8  11  11  10   6   9   7  10   7  11   8   6  12
   7  11   7  12  11  11
  76  12  10   9  11  15  12  12  15   9   9   7  14   8   9   7  14   9  12  12
   8  15   9  15  15   9
  97  10  17  10  16  13  20  16  16  18  19  11  19  13  15  14  14  10  17  19
  16  12  12  10  13  12
  84  12  12  10  13  12  12  15   8  16   8   8  13   8  14  12  16  15  17  10
   9   8  12  12  17   8
  58   7  11   6   9  10   9   8   9   7   8  12   9  11  11  10  12  12  10   6
   9  12   9  12  12   8
  54   7   7   5  10   6   6  10   7   8   7   8  11   9   5  10   7   8   6   7
   7   7   9   7  11   6
  88  10  11  13  17  10  18  12  11  12   9   9  18  12  11  18  10  14  17  18
   9  16  13  18  17  13
  68  10  13  12  12   6  10   9  10   9   9  10   9  14  12   8  14   9   6  14
  12   8   9  12  12  10
  58  11  11   7  10  11   7   8  12   6  10   9   9   8   9   6  10   7   9   8
  12   9  12  12   9   7
  67  13  10  10  13  10   8  11   9   7   9  11   6  14  12  12  10  13   7   7
   9  11  11  13   9  12
 100  10  17  12  16  12  17  15  10  11  17  19  16  10  19  20  10  17  10  17
  19  16  11  13  10  20
  55   8   9   6   8   7   5  10  10   7   8  10  10   9   8   8   6   7   8   7
  10   9   6   6  10   5
  85  10   9  13   9  16  11  16  11  13   8  14  16  10  15  14  10  15  13   8
  11  12  13  14  15   9
  86  14  16  15  17  14  15   9  11  15  10  16  17  10  15  17   9   9  16  10
  15  12   9   9  17  10
  78   9   8   9  16  12  15  10  11   8  10  10  13  15   8  12   9  16  15  12
  16   9  12   8  11  16
  72  10   7  10   8  11   7   7  12  15   9   8  11  10   8   8  14   9   9  10
  14   9   9  13  12  15
  75   7  14  14  15   8   9   8  13   8  15  13  12  13  15  10  10  11  13   9
  11   8  14  12   9  13
  64  12   8   9  12   9  10   9   6  10   7   6   8  13   8  11   7   6   9   8
  12   7   7   8   9   8
  80  15  10  10  12  12   9  13   9  11   9  10   8  16  11  15   9  16  11  16
   9   9  10  12  10  16
  73   9  13  10  13  14   9   8  13   9  10  15   9  13  15   8  14  13  14  11
  11  12  10  12  13  10
  94  15  12  10  16  19  14  19  12  18  14  12  13  18  14  18  16   9  12  15
  19  10  17  13  14  12
  81  13  12  16  11  15  13  12  16  10  14  10  12  12  15  15  13  14  14  10
  16  16  15  14  15  10
  86   9  13  14  14  11  14  15  17  17   9  16  10  16  14  15   8  11  12   9
  10  12  12   9   8  11
  60   6  10  10   6   6  10  10   7  11   9   8   6  11   7   7   7  10   6   6
  11   8   9  11  10  10
  66   9  10   7  10  13  10   6   9  10  10  13  13   6   8   7   6   9  13   8
   8  10   8  12  13  13
  77  15   8   8  16  15  14  10  15  10  15  10  10   7  10  15  15  13  13  10
  11  11  15  10   9  10
  58   9  11   8   9   5  11   7  12   7  11   5   7  11   8   7  11   8  12   7
   9  11   7  11  11  11
  59   6  11   9   6   9  11   8   6   9  10  10  10  11  11   8   7   6   6   9
   6  10   8   9   9  10
  82   8  15  15  13  15   9   8  15  16  15   9  10  15  10  11   8  10  15  12
  12  13  11  15  13  10
  60   8   9  12   7  11   8   8  12  11   7   9  12   7  11  11   9   7   8   8
   7   9  12   9  11   9
  96  13  19  11  18  12  17  16  10  15  18  12  15  10  16  15  16  12  18  14
  17  17  14  13  10  11
  87  18  13  10  11   8  17  12  13  14  15  16  11  14  14  15  11  13  13   9
   9  11  10  17  17  13
  71  12   9  10  11  11  14  12  12   7  14  14   8  15  10  10   8   7  10   8
  14  11   9  14   8  15
  86  15  10   9  12  17  13  17  14  16  13  12   9  12  12  12  14  15  13  12
  17  11  15  12  10  14
  88  11  12  13  16  13  16  12  17  15   9  18  16  14  14  14  17  15  12  11
  13  16  16   9  12  13
  83  11   8  15   8  15   8  15   9   9  12  16  10   9   8  13  10  16  17  10
  16   8  13   9  13   8
  80   9   9  10  13  12  12  10   9  15  15   9   9   9   8   8  12   9  11  10
  15  12  15  14  13  15
  69  13   7  12   8  12  13  14  12  10   8  10   7   9  10   7  11   9  10   7
   6   7  11  13  12  12
  50  10   5   6   9   6  10  10  10   5   8   8   5   6   9   7   7   8  10   9
   6   5   6   9   8  10
  77  15  12  13  12   8   7  11  12  13  14  15   8  12  14  10  12  13  14   8
  15  15  12  14   8  12
  50   5  10   9   8   8   6   9  10   8   5   7   5   5   9   5   6  10   6  10
  10   9   9   5   5   7
  73  14  14  14  13  13  13   9   9  15   9  12   8  15   9   7  12   9  12   8
  13  11  11  15   8  13
  73  10  12  14  10  13  13   7   8  13  15  11  14  14  14   8  11   9  15  11
  13  15  10  15  10  15
  88  18  14  11   9  17  16  12  16  17  18  11  11  12  13  13  18  14  13  11
  17  10  11  18  14  17
  59  11   8   6   8   9  10  11  12   7  10   8  10  12  10   7   6  11  11  12
  10   7   5  12   8   9
  83  16  17  13  13  15   8  14  11  12   8  13  10   9   9  12  13  10  14  12
  10  12  14  12  15  10
  77  12  14  12  13  16  14  11  10  10  12  11  14   9  14   8  14  12  12   9
  15  11  15  11  10  11
  89  15   9  11  16  14  10  11  10   8  18  18   9  12   9  10  18  18  11  10
  10  10  13  11  17  16
  93  17  19  13  19  18  14  11  17  16  16  16  14  18  17  18  17  11  18  15
  14  12  10  11  13  17
  79  11  15  13  12  12  12  16  14  14  14   8  16  16  10  14  15   8  16  13
  15  13  11  16  16  13
  99  18  14  17  16  19  10  13  14  17  20  12  13  11  11  13  16  12  15  16
  20  13  11  12  15  14
  73  10  14  15  13   8  15   8   9   7  10  15  11   9  15  10  11   8   7   7
  13  14  12  12  13  14
  83   9  13  13  10  15  16  14  14   8  11  13  12   9   8  15  15  11   8  14
  11  11  12  14  15  13
  63  11  10  12   6   6   6  12  11   7   6   8   9  13  12   8  12  12   9   7
   8  10   7   9   8   9
  89  15  15  17  13   9  12  18  18  10  17   9  15  11  11  12  16  16  11  12
  18   9  15  11  18  16
  55   7  11   9  10   6   7   8  10   5   5  11   9   7   9  11  10   7   8   7
   6   8   8   6  11  11
  85   8  14  14  15   9  10  13  15   8  11  14   9  11  10  10  12  17  13  13
  15  12  11   8  17  12
  67   8  13   8  12  11  14  11  13  13   9  12  10   7  11   9   9   8  12   6
   6  11  13   8   9  12
  86  11  13  11  18   9   9  17  17  14  16  12   8  14   8  16  17  10  17   9
  10  12  12  11  11  16
  88  14  13  11  14  16  17  10  12  15  11   9  17  10   8  17  11  17  13  10
  14  13  18  12  15  17
  96  15  10  17  17   9  12  12  12  17  16  10  11  16  16  12  14  10  15  17
  16  15  18  17  18  15
  55   9  10  10  10   9   8   8  11  11  11  10   9   7   7  11  11   9   9   6
   7   9   7   8  11  11
  93  18  10  10  13   9  13  17  17  10  18  11  12  12  19  10   9  12  15  14
  18  14  11   9  12  13
  75  10  12   8  12  11  10  12   9  15  11  11  11  15  14  10  15  12  12  15
  15  12   8  13  15  14
  98  17  16  12  13  10  12  13  16  19  10  13  13  20  13  19  19  16  12  13
  11  18  16  20  18  14
  84   8  11  16  14  14  14  11  17  12  13  13  13   8  11  15   9  13  14  14
  14  16  10  14  10  10
  51   8   7   6   9   7   9   6   5  10   7  10   7   5  10  10  10   6   6   9
   8  11  10   8   8   8
  75  11   9  12  15  15  14  14  13   8  14  12  11  14  11  10   9  15  10   9
  11  13  11  10   9  11
  62  11  12  11   8   8   6  10   9   8   8   9  11  12  10  11  11   6  12   7
   7   9   6   9  11   9
  86  10  12  16  11  14  14  13  16  18  14  16  14  11  12  16  10  16  10  17
  11  10  14  12   8  13
  65   8   9  11  13   6   9  11  12   8   7   9   7  13   9  13   8  11   7   6
   8  13  13  13  10   8
  54  11   6  11   8  10   7   5  10   6   5   6   7  11   6  10   8  10  11  11
   7   8  10  10   5  10
  98  15  18  14  14  20  17  16  17  19  18  12  12  12  12  15  15  19  19  18
  10  14  10  18  12  14
  57  12  12  10   8  10   6  11   9  11  11   6   6   9   9   7   6   9  11  10
   8   6  11   6   8   9
  73   7   9   7  15   8  11  12   9  15  14   9  14   7   9  13  12   7   7  11
  14   7  11   8  11  10
  87  14  12  14  12  17  14  13  12  14  15  16  11  17  10  12   9  15  15  12
  13  15  12   9  11  11
  56   5   8   5   7   8   6   6   9  11  10   7   8   6   8   7   9   6   6  11
   7   8   7   9  11   5
  70   7  13   7  10  12  14  14  12  13  13  12   8  12  12   8   7   9  13  10
   8  12   7  11   9   9
  62  10   8  10   7  10  13   6  13  13   7   8   7   8  12  11   9  11   8   7
  12   8   8  12   9   7
  96  10  10  14  17  17  14  10  14  12  14  14  18  13  11  18  18  14  11  18
  15  17  16  15  16  16
  94  14  18  16  11  14  16  15  17  12  16  18   9  15  12  10  14  18  13  17
  17  13   9  13  17  17
  64  10   6  12  10  11  13   8  10   6  10   8   6  10   8   6  11  13  11  13
  13  11   6   8   9  12
  90  10  13  18  16  11  16   9  17  12   9  14  11  13  17  17  11  16  13  12
  17  13  16  16  10  16
  82  16  11  10  15  17  11  17  13  10  13   8  14  15  15  16   9  16  16  15
  10  12  11  14   9   9
  56   8   8   9   6   6  11   6  11   6  11   8   8   9   7   6   7   7   7   6
  10   8   7   7  10   9
  64  13  11   6   9   9  10   7   9  13   8  10   6   6  13  10   7  12   8  11
   9   6   9  12  12   9
  59   7   6  12  11   9   7  10   8   6   9  10   9  11  10  10   9  12   9   7
  11   8  10   9   9   8
  68   9  12  12  13   7   9  13   7   9  13  11  10  10   7   9   7  13  13  13
  10  13  11  14  10  11
  77  13  10  15  16  10  15   8  12  15   9  13  10  11  13  13  13  12  13  10
  11  14  13  11  15  15
  94   9  16  16  19   9  10  13  10  16   9  15  14  10  11  18   9  17  13  19
  19  18  12  17  16  14
  73   8  10   9  13   9  12  13   8  10  15  10   9  12   9   9  12  11  14  11
   9   9  11  10  12  14
  81  16  13  16  15  15  13  10  14  13  14   9  13  16  16  13  10  12  10  13
   9  16  16   9  15  10
  84  15  12   9  11   9  14   8  13  17  14  10  16  17  16  13   9   8  12  17
  13  15  11  10  14  16
  70  11  13   7   7   7  10   9  12  11   7  13   8  10  12   7  14   7  12   8
   9   7   7   7  13   9
  55   8   9   5  11   6   9   7   6   5   7   7   6  11   6   8   9   9  10   5
   8   7   9   9  11   9
  93  18  11  13  11  11  13  10  18  10  18  18  18  10  14  18  18  17  19  12
  17  17  12  19  11  15
  71  14  14   9  11  12  11   8  10  12   9  10   8   7   9   9  15  14  14   9
  13   8  13  14  13   7
  95  14  10  15  16  13  19  15  14  13  13  19   9  17  11  17  18  12  15  11
  12  10  13  12  12  13
  98  19  12  16  11  12  18  15  18  18  16  14  16  12   9  13  14  17  10  16
  13  18  13  12  16   9
  99  12  19  14  15  13  19  12  11  12  14  12  19  16  16  18  16  13  10  18
  20  16  14  11  13  11
  80   8  11  10  13  11  12  15   8   8   9  15   8   8   8  12   8   8  15  14
  14  14  12  12  13   9
  97  16  18  15  14  18  19  16  13  11  14  20  15  17  18  13  17  14  10  13
  18  14  19  10  18  18
  56  10  11   6   5  11  10   8  11  11   8  11   8   6   7  11   9  10   9   9
  11   7  11   7   8  10
  77  10  14  10  13  14   8  14  10  11  11  10  12  10  12  15  12   8  12  15
  15  16  15  10  12  12
  75  10  14  14   7  14  10   7  13  11  10  15   9  10  15   8   8   8  12  10
  10   7   9  12  12   9
  90  12  17   9  18  18  12  10  16  17  15  18  16  15  14  14  12  11  16  15
  18  11  15  15  10  17
  50   9   9   8   5   6   5   7   9   5  10   9   6   5   8   7   8  10   6   7
   9  10   8   6   5   5
  88  11   9  15   9  13  14  10  17  17  15  11  16  16  12  11   9  11   9  13
   8  12  11  17  11  15
  95  12  16  14   9  19  13  18  17  18  19  12  12  18  10  15  10  11  19   9
  13   9  12  15  13  14
  68   8  12  10   9  12  12  12  13  12   8   8  13  11  13   7  11   7  12   9
   7   7  11   7   9  10
  60  10   8  11  10   8  10   8   7   9   7   7   6  10  12   8  12   7  10   9
   8  11  11   7  10  10
  72   8   9   9  10  14  15  12   8  11  12   8   7   8  13  14  14   8   8  10
  13   9  12  12   7  11
  97  17  12  15  15   9  19  12  13  12  13  17  11  19  16  18  13  10  12  11
  15  18  15  19  18  13
  51   6   5   6   5   7   7   6   7   5   5   6   8   9   8   5   6  10   8  10
  10   5   9   8   7   6
  88   9  14  11  13  15  15  16  18  17  11  13  14  17  10  15   9  12  12  17
  18  17  10  10  16  14
  98  13  19  19  10  12  16  10  11  18  18  11  11  16  13  19  17  20   9  14
  16  11  11  19  11  13
  62   8   7   7  11   8   8  11   6  11  13   8  11  11  12   8   7   7   8   7
   8  11   7  12  12  10
  79   7  16  10  10   8  11  16  13  13  11  12  14   8  16   8  12  11  15   9
  16   8   8  12  10  11
  93  10  13  18  12  16  11  12  18  17  10  12  12  14  13   9  17  14  15  15
  19  19  13  17  17  17
  86   9  13  16  17   9  13  12   9  11  16  13  15  13  16  10   8   8  11  14
  15   9   9  17  15  15
  54   7   6   5  10   9  11   6  11   8   6   7   6   8   7   8  10   9  11  10
  10   9   9   6   9   9
  50   9   5   7   7   7   8   7   7   5   5   6  10   5   7   5   9   5   8   9
   9  10   6   5   8  10
  89  10  12  13  11  15   9  11  12  10  14  18  13  17  10  16  13  12  13  10
  11   9  11  10  14  12
  96   9  12  11  14  18  12  16  20  12  17   9  18  11  10  12  13  12  15  13
  19  19  13  17  13  19
  79   9  14  10  16  11  13  10  16  16  16   8  10   8   9   9  12  16   8  15
  11  15  15  11   8   9
  50   8   7   7   8   6   7   7   6  10   5   6   6   6   5   7  10  10   8   7
   9   9   5   9  10   5
  86  17  13  17  10  12  14  15  11  17   8  15  14   9  11  15  16  17  11  12
  11  17  10  15   9  13
  82  11  16   8  14  17  15  10  10  15  14  11  10  15  11  16  14  11  13   8
  11  11  12  17  11   9
  68   7   9  11  13   8  11   8  10   7  11  13   7  13   7   7   8  11   9  12
  11   9   8   7  12  12
  54   6   7   8   8   5   9   9   7   5   5   5   8   7  11   9   6  11   6   8
   6   5   7   8   9   8
  70  13   8  14  11  11  10  13   7  13  10  14  14   9  12  14  12  10  11   8
  12  14   9  11  13  14
  81  12  11  10  15  12  13  14   8  10  13  11   8  10   8  16  16  13   9  14
  15  13   8  12  16   8
  60   7  10   7  12   8   7   7   9   8  10  10  12   8  11  10   9  10  10   6
  12  10   8   8   8   7
  61  11  11   7   8  10  12   6   9  10   9   7  10  10   8  10  11   8   9  10
   8   8  12   6  12  13
  51   5   5   9   6   7   9   7   5   9   7   5   5   9   6   5  10   6   5   6
   7   8  10   8   5   9
  61   8  10  12  11   9   8   8   7  12   8   9   7  12   9  12  10   8  10   7
   8  12   8   9  12   7
  64   9  12  11  13   7  11  13  12  10   7   8  11  12   6   7  13  13  10  10
   9   8   8  11   6  12
  64   8  11   8   9  12  11   8   8   8   7  13   7  10  11  12  13   7   9   6
   6  11  12  12  11  10
  65  12   9   8  13   7   9   9  12   7   7  12   7   8   7   8   6  10  10   9
   6   7  13   7   9   7
  93  15  15  13  18  16  18  12   9  17  17  15  12  13  12  15  11  13  11  15
  13  10  16  16  12  15
  54   6   7   8   7   9  10  10   7   6   7   8   9  11   8   6   9   7   9   7
   8  11  11   9   7   8
  58  10   6   8   6   7  10   9  12  11   7  11   6  11   6   8   7  11   8   9
   7   9  10   6   7   9
  90  11  14  15   9   9   9  13  18  11  12  10   9  11  10   9  11  13  15  13
  10  13  13  12  13  11
  76  13  15  10  14  11  10  14  14   7  10   8  15   9   9  10  10  12  12  13
   9  13  14  14  14  13
  50   8   8   6   7   7   6   8   5   9   8   9  10   9   5  10  10   8   8  10
   9   6   7   8   8   7
  80  11  13  10  16   9  13  16  11  13   8  13  16  11   9  16  13  12  15  11
  13  15  11  15   8  13
  71   9   9   7   9  14  11  11  10   9  13   9  10  10   9  12  11  10   9  10
   7   8   7  12  14  10
  74  13  14  13  15  11   9   8  14  14  13   7  12  14   8  15   9   9   9  12
  12   8   7  15   8  11
  86  16  10  15  12  15  11  14  16  16  11  10  13  12  14  13  14  16  10   8
  16  12  11  13  16  11
  68  11   7  10  11   7  10  12  10  12   9  13   9  13   9  10   9  10  11  13
   9   7  12   9  12   9
  68  11   8  11  12  10  10  12  13   7  13   9  13  10   7   8   8   8  13  11
   8  11  11   7  14  11
  76   8  11  12  12  12   9  10   9  11  13   8  11  14   9  11   9   7  12  12
   7  11  14   8  13  14
  97  16  10  17  13  20  10   9  18  16  11  18  10  16  18  13  17  13  19  17
  17   9   9  19  12  19
  92  14  10  11  10  11  10  15  12  10  10  11  13  12  10  15  10  12  12  12
  17  14   9  12  13  14
  85  15  14  15   8  13  13  13  10   9   9  16  16  15  15   9  16   9  12   9
  17   8  12   8  12   9
  68  14   8  12   9   6   9  11  12   8  12  10  13  11  12  13  14  11  13  11
   7  13  12  12  13   8
  87  12   9  10  14  17  11  17  15  13  11  17  16   9  15   9  18  10  14  13
   9  12  11   8  13  14
  68   8   8  11  12  13   9   9  14  11  11  13  13  11   9   9   9  13  12  13
  11   8  13  12  13   9
  80  10  16  13  13  12  12   9  10  14  12  15  11  15  16  13  14   8  15  11
  10  11  12  14   8  11
  51  10   7   8  11   8  10   8   9  10   5   7   6   6  10   6   8   8   6   8
   8   8  10   5  10   8
  59   6   9   7   6  11   6  12   7  10  10   9   8   6   6   9  10  10   8   6
  10  11   7   8   8   8
  56   7   9  10   8   9   7  11   8   8   9   6  10   7   9   9  12  11   7  10
   6   8  11   6   8   5
  61   6   9  12   8   7  12   6   7  12   7   8  10   6   6   7   7  12  13  11
  11  10   9   6   6  11
  75  15   9   8  15   7  11  15  12  15   9   7  11  10  12  15  12  13  14  13
  10   8  14  15   8  10
  81   8  10   9  12  12  11  16   9  10  16  16  13  15  11  13  11  14  17   9
  16  15  14  11  12  11
  98  20  16  15  13  17  17  19  17  14  10  15  19   9   9  16  12  18  19  13
  12  13  15  13  14  19
  74  12   9  10  14   9  11  13  10   8  10  13  14   8  12   9  13   9  13   9
   8  10  11   8   8  10
  71   7  11   7  13  10   7  11  14   7   8  12  13  10  10  14   7   9  12   8
   7  14  13  11  10  10
  72  14   7  12  12   9  15   8   8   8  12  11  15  13   8  13  13   8   8   8
   9   8   9   8  14  12
  82  15  17   8  10  10  11  17  11  14   9   8  11   9   8   8  14  15   9  11
  14  16  16  13  15   9
  69  12  10   9   8  12   9   9   9  11  10  12  13   7  13   8  11  11   7  11
  14  13  13  13   7  14
  92  16  17  16  10  14  15  18  13  16  14   9  11  18  15  15  18  18  17  11
  16  12  15   9  16   9
  88  13  13  11  18  13  12  12  11  16  12   9  10  16  18  16  12  11  16  17
   9  10  15  11  17   9
  94  18  19  12  16  14  15  15  19  16  18  10  16  19  16  17  17  12  15  10
  17  10  15  17  11  15
  60   6  12  11  10   8  12  11  10  10  12  12  11   7  11   8   6  12   9   8
  11  10  10   9  10  12
  92  16  12  19  15  16  11  11  18  15  14  11  18  12  14  10  17  15  16  18
  14  15  13  12  11   9
  63  11  10  10  12  10   9   8   6  12   8   9  10  10   6  10  12  10  11  10
   8  10  11   6  12   7
  69  11   8   9   9  10  11   8  11  11   8  12  11  11  11  11   7  11  13  12
  13  13   9  14  12   8
  77  11   9   8  12  11  15  11   9  11   9  13  13  10   9  10  13  14  14  15
   9  16  14  11   9  13
  85  14  10  14   9  14  11  17  12  10  17   9  10   8  11  16   8  14  13   9
  17  14   9  12  11  12
  65   9   7   6   7   8  10   9  12  13  13   7  10  12   9   9   8  11  10  12
   8   8  13  13  11   7
  50   6   9   9   8   7   7  10   6   7   8   7   7   5  10   9   8   7   8   8
   7   8   6   6   6  10
  60   6  10  10  10  10   6  10  10   8  11   9   8   8  12   8   6  12   8   8
   7   6   8  10  12  10
  85  17  15  16  15  16  13   9  12  15  12   9  14  11  16  13   9   8   9  13
  10  10   8  17   8  15
  58   8   5   6  12   6   8  10   8  11   9   9  12  12   5  12   7   7   9   7
   9  11   6  11  11   6
  86  10  14  13   9  14  10  10  14  16   8   9  16  15  15   9  16  17   8  14
   8  12  13  16  13  16
  57   8  11  11  11  10   6   7   7  11  12  11   9  11   6  11   6  11  11  10
   9   9  10  10   9   7
  95  15  10  17  16  10  15  14  11  16  19  19  17  10  10  17  17  18  14  12
  12  17  19  16   9  17
  78   9  10  12  15  12   9  14  15   9  13  10   8   9  11   9  12  14  11  12
   9  11  10  10  10  15
  51   6   9  10   8   9  11   9   6   7   7  10  10   7   7   6   6   9   9  10
   9   7   9  10   5  11
  73  11  12  13   7   7   8  12   9   8  12  12  14   7  15   9  14  14   9   9
  14  10  10   9   8  12
  51   6   8   6   5   6   7   5   9   8  10   6   6   5   6   9   9   9   7   7
   5   8   8   7   5   9
  50   8   7   5   5  10   5   9   9   6   8   7   5   8   7   5   9  10   8   5
   6  10   9   8   5  10
  73   7   8  11   8  12   8  13  12  12   8  14  13   9  12   8  11  14   8  10
  14  13  12   9   7   9
  71  13  13  12  11  11  12  12  13  13  10  14  13   7   9  11  10   7   9  11
  11  14   7  13   8  10
  50  10   9   9   7   9   9   7   6   5   9   6   7   9   5   8   6   8  10   9
   5  10   6   7   7   8
  76  14  14  14   7  11   9  14  14  11  14  12  11  15  10   8  13  14  13   9
  13  13  12   9   8  13
 100  17  17  20  18  10  12  20  12  19  20  13  17  14  18  17  14  15  12  17
  18  18  11  15  12  17
  88  12  12  10  14  17   9  15  17  13  10   9  11  14  13  17  12  15  10  16
  17   9  13  18  11  15
  82  16  12  15  16  12  16   8  14  15  11  12  10  10  13  15  13  11  12  16
  15  13  13  15   8  13
  70  14   9  10  13   9   7  10  10   9  13   7  12  10  12  10   9  10  14  12
   9   9   7  14   8  10
  50   7   7  10   5   9   7   6  10  10   8   5   9   8   6   6   5   8   8   6
   9   5   6   7  10   9
  65   7  12  10   9  12  11  13  11  10  13  12  10  11  13  12   7  10  11  12
   6   9  10   9   7   7
  55   5   8   6   7   6   7  10   6   6   6   6   9   9   6   7   9  10   7   6
  10   9   9  11   6  11
  87   8  15   9   9  16   8  15  13  10  12  12  16  12  15  10  15   8  15  11
  11  11  16  17   8  16
  57  10   8   6  10   7   6   6   6   9  12   7  11   9   9   6   7   9   5   6
   7  12  11   8  11   8
  84  17  13   9  15  11  11   8  12  10  11  13  12  17  11   9  10  13  11  11
  12  16  11   9  17  17
  81  11  14  13  11  13  14  14  15  14  10  14  11  11  15  15  12  13   8  11
  16  14  16  15  17   9
  74   9  14   8   9   7  13  12  15   8  15  11  14  13  13   8  13   8  10  13
  11  11  11  13  14  11
  79  10  11   9   9  16  16  16  13  10  11  12  11  16  15   8  10   8  16  15
  11  12  11  16  10  13
  80  13  12  15  13  14  15  10  11  12  13  13   8  13   9   9  14  13   8  12
  10  10  15  12  12   8
  97  11  14  16  17  16  19  19  16  20  20  14  11  16   9  19  10  19   9  13
  17  13  18  13  16  13
  93  15  18  12  15  17  13   9  17  18  10  13  15  17  18  11  16  16  15  19
  14  12  16  19  11  19
  91  14  12  11  13  10  14  11  18  18  11  12  13  13  17  15  15  11  18  10
  11   9  10  16  13  11
  98  13  17   9  19  12  15  15  12  18  15  13  13  17  10  12  18  20  11  13
  14  20  19  14  12  13
  88  13  16  14  14  18  16  12  14  17  15  16  13  11  12  18   9   9  11  18
  18  16  14  15  11  13
  67   8   7   6  11   8   8   8   8  11  12  10   7  11   9   6  10  14   9  10
   7   8   7  11   9  11
  68  14  12   8  11  13  12  13   7  11   9  12  10   7   8   8  11   9   7  11
  12   7  11  11  11  11
  71  11  14   8  12  11  10  12  10   9  15  10   7  10  13   9  14  12  11  13
  13  12  12  12  14  11
  85  13  12  13   9  15  11  14  12  12  15  13   8  13  12  13  13   8  15  12
  10  11  13  15  12  14
  91  11  18  13  16  16  18  12  18  10  16  18  14  15  11   9  14  15  11  19
  16  16  13  16  13   9
  69  11  11  13   9   8  11  10   9  14   9   7   7  13   9  12  10   9   8   8
  11  12   7   8  13   9
  58   8   9   9   6  11   8  11   7  12   8   9   8   9  12   8  11   9   7  11
  11   7  11  11  10  11
  92  12  10  15  17  12  12  16  14  17  12  16  15  14  19  13  11  11  10  12
   9  10  17   9  16  19
  79   8  13   8  11  12  12   9  15  15   9  15  15  12  15   9  16  16  14   7
  12  14  15   9  14  13
  62  13   7  13   6   7   9   8   8   7  12  12   7   6  10  13  10  10  11   8
  11   6  10  10   7   9
  80   8   9   9   9  12  15  12  12  15  16   9  12   8  11  15  12   9  13  14
  11   8   8  13  10  12
  75   7  13   9   7  14  14  11  13   8   8  15  14  11  15  14   8  15  15  13
   9  10  14  13  14  12
  99  18  12  17  10  10  13  12  13  15  14  12  15  11  20  14  15  12  10  10
  18  19  16  15  18  13
  87  13  17  12  17  11  12  11  10   9  14  15  13  14  12  17  13  13  12  11
  10  10  10  10  17  11
  61   6   9  12   7  12  12   9  10   7  13  11   8  12   6   9   7   7  12  10
   9   9   6   7  11  10
  90   9  11  12  13  10  12  10  13  11   9  13  15  13  14  11  16  14  17  17
  15   9  16  17  18  15
  75  11  13   8  14  12  10   9  12  11  13  11   7  12  12   9   8   9  14   9
   7  12   8  12   9   7
  71  14   7  10   9  13   9  11   7   9   7  12  13   8  10  14  15  12  10  12
   7  11   9  13  14   7
  96  14  11  13  16  15  19  10  20  18  13  12  13  17  17  15  10  13  17  15
  13  13  10  19  13  17
  82   9   8  11  12   9   9  17  15  10  15  16  16  12  13  16  17  15  15  14
  13  10  12  11  11  17
  92  17  11  11  14  14  16  11  11  10  15   9  16  11  16  18  13  18  19  15
  11  10  17  18  10   9
  62   6  10  11  12   7   7   6  10   6  10   7   7   8  12   8  10   9  11  10
   6  12   8   9   6  13
  53   6   8   8   9  10   9  11   8   7  11   6  11   6  10  10   7  10  10   9
  11  11   6  10  11   8
  55  11   6  11   5  10  10   7  11  11   8   6  10   7   9   5  10  11  10  11
  10  11  11   7   8  11
  86  14  10  13  10  17  13  10  16  12  10  13  12  17  15  11  13  10   9  16
  10   9  12  13  14  12
 100  19  17  11  14  12  12  20  13  13  18  18  18  10  15  15  11  20  15  20
  15  19  16  16  18  15
  59  12   9   8   9   6  11  11   9   6   8  11  11   9   8   6  10  10  10  11
   7   8   9   8  10   9
  61  13  11   7   9  12  10  11   7   9   9   6  11  12   8   9   6   8   8  10
   7  11  10  10   6   9
  50   6   9   8   5  10   7   8   5   8  10   8   5   7   9  10   5   8   6   9
   9   7   8   7   8   5
  77  15   8  10  11  15  10  11  13   8  15   9   9  16   8  12   9  13   9  11
  15  14   7  16  14   9
  67   9  11   9   8   9   7  11  13   9  10   7  11  14  13  13  13  14  14  11
   7   6   7   9  11  10
  74  13  14  15  12  10   9  10  12  13  10   9  10   8  11  12   9   9  12  13
   9  15  15  10  15  15
  90  15  17  14  15  15  16  18  14  17  10  17  16  16  17  14   9  16  11  14
  15  17  13  14  11  17
  53   9   7  10  11  10  10  11   6   9   9   5   8   9   5   9  11   8   8  10
  11   5   6  11  11   7
  81  11  13  14  15  12  13  11  10  13   9  16  11  12  11  10  15  13  15  15
  13  15  15  12   8  11
   2774   2788   2724   2810   2794   2786   2799   2834   2813   2821
   2727   2786   2800   2723   2811   2791   2800   2798   2768   2794
   2745   2767   2792   2828   2795
