250	200	1
0	250	250	0	0	1824	0	0	0
1	387	297	10	144	504	90	0	515
2	5	297	-20	806	1166	90	407	0
3	355	177	20	127	487	90	0	565
4	78	346	30	199	559	90	0	341
5	286	159	20	383	743	90	0	355
6	322	465	10	226	586	90	0	28
7	393	408	-10	489	849	90	605	0
8	89	216	10	348	708	90	0	821
9	76	345	30	383	743	90	0	378
10	410	285	20	348	708	90	0	655
11	472	189	30	232	592	90	0	296
12	270	49	-10	767	1127	90	30	0
13	219	325	10	361	721	90	0	376
14	437	12	20	405	765	90	0	754
15	418	218	20	822	1182	90	0	741
16	20	488	-10	607	967	90	490	0
17	77	347	20	291	651	90	0	958
18	73	346	-20	569	929	90	89	0
19	480	455	-40	971	1331	90	187	0
20	129	292	-30	401	761	90	249	0
21	337	257	-20	654	1014	90	590	0
22	237	254	20	478	838	90	0	311
23	131	220	30	600	960	90	0	524
24	417	417	10	807	1167	90	0	568
25	287	143	-20	590	950	90	357	0
26	379	80	20	583	943	90	0	340
27	87	285	30	556	916	90	0	680
28	374	489	-10	269	629	90	6	0
29	440	247	-10	568	928	90	152	0
30	281	137	10	213	573	90	0	12
31	379	196	-30	509	869	90	987	0
32	297	102	10	155	515	90	0	520
33	39	76	10	273	633	90	0	95
34	35	306	20	224	584	90	0	862
35	435	68	10	259	619	90	0	932
36	245	251	10	5	365	90	0	714
37	409	88	20	505	865	90	0	205
38	273	55	20	196	556	90	0	261
39	163	340	30	311	671	90	0	256
40	129	223	20	127	487	90	0	282
41	371	200	-30	699	1059	90	466	0
42	357	26	20	1002	1362	0	0	1003
43	470	473	-10	1061	1421	90	280	0
44	77	344	10	196	556	90	0	516
45	478	461	-30	316	676	90	267	0
46	128	291	-20	493	853	90	945	0
47	111	113	-10	483	843	90	131	0
48	164	21	20	428	788	90	0	765
49	21	485	-10	333	693	90	664	0
50	108	26	10	277	637	90	0	459
51	424	286	-20	364	724	90	99	0
52	200	270	20	54	414	90	0	530
53	7	300	-10	900	1260	90	937	0
54	433	31	10	285	645	90	0	447
55	420	295	20	830	1190	90	0	883
56	451	367	-20	985	1345	90	339	0
57	118	157	20	254	614	90	0	461
58	489	101	-10	856	1216	90	242	0
59	200	261	-10	801	1161	90	918	0
60	476	483	-10	510	870	90	584	0
61	30	302	-10	422	782	90	938	0
62	8	300	-10	991	1351	90	720	0
63	275	45	20	300	660	90	0	192
64	238	46	-10	580	940	90	214	0
65	152	206	-10	762	1122	90	786	0
66	99	218	30	154	514	90	0	491
67	393	410	-30	767	1127	90	346	0
68	480	460	-30	408	768	90	363	0
69	337	256	20	87	447	90	0	556
70	389	300	10	149	509	90	0	687
71	90	237	-10	1076	1436	90	161	0
72	321	280	30	77	437	90	0	217
73	417	218	10	913	1273	0	0	1023
74	64	108	-20	326	686	90	481	0
75	57	432	10	823	1183	0	0	1013
76	356	24	20	249	609	90	0	88
77	143	207	30	116	476	90	0	600
78	221	325	10	453	813	90	0	628
79	22	483	-20	325	685	90	570	0
80	24	65	10	760	1120	0	0	1005
81	141	431	30	213	573	90	0	425
82	202	9	-20	1073	1433	90	399	0
83	20	48	-10	1068	1428	90	367	0
84	457	163	-30	224	584	90	194	0
85	470	290	-10	685	1045	90	487	0
86	268	400	-10	718	1078	90	252	0
87	337	251	10	87	447	90	0	199
88	366	20	-20	721	1081	90	76	0
89	72	344	20	477	837	90	0	18
90	149	203	10	395	755	90	0	728
91	55	428	20	359	719	90	0	275
92	189	7	30	250	610	90	0	454
93	397	18	-20	367	727	90	470	0
94	481	122	30	450	810	90	0	843
95	20	73	-10	290	650	90	33	0
96	54	430	-20	451	811	90	948	0
97	74	350	10	755	1115	90	0	919
98	202	8	-10	982	1342	90	503	0
99	406	285	20	254	614	90	0	51
100	460	2	20	508	868	90	0	802
101	441	244	10	752	1112	90	0	453
102	1	293	10	343	703	90	0	934
103	115	465	10	257	617	90	0	974
104	422	420	20	338	698	90	0	526
105	75	347	10	661	1021	90	0	666
106	141	428	20	208	568	90	0	345
107	404	264	20	248	608	90	0	717
108	398	23	-20	270	630	90	272	0
109	148	211	20	109	469	90	0	227
110	362	22	-30	905	1265	90	639	0
111	479	127	-10	265	625	90	144	0
112	443	246	-10	385	745	90	694	0
113	22	37	10	683	1043	90	0	452
114	65	100	10	607	967	90	0	674
115	404	447	-20	250	610	90	788	0
116	102	264	-20	148	508	90	394	0
117	444	271	10	481	841	90	0	647
118	325	466	-10	514	874	90	969	0
119	124	219	20	413	773	90	0	610
120	335	243	20	281	641	90	0	521
121	26	42	20	307	667	90	0	966
122	113	106	20	198	558	90	0	852
123	399	450	-10	834	1194	90	512	0
124	146	439	-20	494	854	90	258	0
125	162	336	20	123	483	90	0	404
126	2	295	30	621	981	90	0	265
127	122	35	10	250	610	90	0	475
128	346	60	-10	876	1236	90	803	0
129	93	213	30	253	613	90	0	828
130	218	316	20	73	433	90	0	612
131	116	156	10	346	706	90	0	47
132	419	422	20	431	791	90	0	925
133	467	141	-10	426	786	90	692	0
134	187	491	20	633	993	90	0	358
135	433	25	-30	757	1117	90	173	0
136	286	137	-40	308	668	90	985	0
137	370	82	-20	299	659	90	321	0
138	132	290	-20	678	1038	90	329	0
139	435	11	40	302	662	90	0	334
140	206	261	-20	897	1257	90	444	0
141	428	291	-30	551	911	90	599	0
142	95	384	-10	572	932	90	505	0
143	205	223	20	338	698	90	0	781
144	463	140	10	239	599	90	0	111
145	343	47	20	592	952	90	0	668
146	435	62	-20	1007	1367	90	832	0
147	387	488	20	837	1197	0	0	1010
148	121	157	10	159	519	90	0	795
149	182	463	30	226	586	90	0	739
150	92	216	-20	626	986	90	902	0
151	370	83	20	208	568	90	0	195
152	444	242	10	291	651	90	0	29
153	90	285	40	831	1191	0	0	1045
154	446	64	10	452	812	90	0	370
155	312	264	20	63	423	90	0	947
156	208	11	-10	1132	1492	90	426	0
157	442	247	10	476	836	90	0	330
158	140	431	30	211	571	90	0	422
159	118	153	-10	808	1168	90	291	0
160	134	428	-20	783	1143	90	412	0
161	91	235	10	984	1344	90	0	71
162	406	257	10	436	796	90	0	583
163	377	76	-20	489	849	90	353	0
164	474	96	-20	271	631	90	449	0
165	346	57	-10	783	1143	90	901	0
166	393	301	30	333	693	90	0	617
167	412	214	10	165	525	90	0	619
168	210	398	-20	439	799	90	815	0
169	346	150	-10	793	1153	90	756	0
170	62	453	10	370	730	90	0	349
171	437	61	-20	915	1275	90	718	0
172	87	96	-20	597	957	90	708	0
173	367	83	30	203	563	90	0	135
174	91	268	-20	720	1080	90	723	0
175	459	145	40	233	593	90	0	707
176	63	444	-30	935	1295	90	237	0
177	433	27	20	481	841	90	0	791
178	60	454	-30	742	1102	90	219	0
179	478	99	10	466	826	0	0	1029
180	485	454	-10	686	1046	90	797	0
181	6	292	-20	247	607	90	922	0
182	398	20	20	273	633	90	0	203
183	248	251	20	2	362	90	0	592
184	433	15	-10	297	657	90	531	0
185	64	426	-20	1012	1372	90	713	0
186	154	207	20	854	1214	0	0	1043
187	481	456	40	879	1239	90	0	19
188	380	498	-30	372	732	90	775	0
189	88	286	-10	647	1007	90	441	0
190	111	23	-20	266	626	90	382	0
191	199	187	-20	282	642	90	278	0
192	269	48	-20	676	1036	90	63	0
193	367	178	20	415	775	90	0	670
194	452	163	30	219	579	90	0	84
195	431	28	-20	573	933	90	151	0
196	8	116	-20	745	1105	90	222	0
197	233	47	20	206	566	90	0	767
198	237	43	-10	487	847	90	949	0
199	320	262	-10	440	800	90	87	0
200	188	4	20	254	614	90	0	634
201	180	6	-20	626	986	90	846	0
202	328	466	-10	697	1057	90	980	0
203	393	12	-20	464	824	90	182	0
204	409	90	20	413	773	90	0	696
205	406	87	-20	788	1148	90	37	0
206	394	407	-10	581	941	90	443	0
207	358	183	-20	789	1149	90	646	0
208	186	461	20	220	580	90	0	303
209	38	72	30	278	638	90	0	301
210	323	471	-10	327	687	90	268	0
211	224	192	10	65	425	90	0	898
212	278	46	20	205	565	90	0	369
213	272	403	-10	345	705	90	621	0
214	232	42	10	392	752	90	0	64
215	18	63	-20	574	934	90	271	0
216	58	458	-30	558	918	90	492	0
217	416	417	-30	898	1258	90	72	0
218	205	230	30	53	413	90	0	473
219	65	453	30	277	637	90	0	178
220	421	294	-10	738	1098	90	239	0
221	434	245	-20	1190	1550	90	860	0
222	2	116	20	376	736	90	0	196
223	411	421	-20	710	1070	90	783	0
224	315	260	10	70	430	90	0	836
225	136	288	-20	863	1223	90	905	0
226	173	490	20	254	614	90	0	978
227	90	232	-20	527	887	90	109	0
228	402	265	20	156	516	90	0	598
229	361	14	-20	532	892	90	631	0
230	348	147	-20	700	1060	90	241	0
231	385	295	20	142	502	90	0	307
232	394	23	20	1106	1466	0	0	1011
233	466	295	-10	873	1233	90	255	0
234	71	103	-20	1143	1503	90	642	0
235	125	29	-30	438	798	90	682	0
236	25	65	10	851	1211	90	0	264
237	58	449	30	838	1198	90	0	176
238	246	398	40	148	508	90	0	772
239	423	294	10	646	1006	90	0	220
240	59	459	-10	466	826	90	364	0
241	348	145	20	608	968	90	0	230
242	477	97	10	278	638	90	0	58
243	307	102	40	445	805	90	0	665
244	169	31	-20	237	597	90	511	0
245	381	495	20	557	917	90	0	747
246	95	234	10	158	518	90	0	819
247	22	33	10	589	949	90	0	448
248	435	268	10	947	1307	90	0	826
249	135	293	30	215	575	90	0	20
250	439	266	10	189	549	90	0	829
251	269	402	20	438	798	90	0	455
252	267	400	10	627	987	90	0	86
253	473	196	-10	423	783	90	952	0
254	445	237	10	195	555	90	0	779
255	461	284	10	213	573	90	0	233
256	167	339	-30	499	859	90	39	0
257	26	43	-30	305	665	90	564	0
258	101	386	20	202	562	90	0	124
259	342	54	20	405	765	90	0	319
260	243	399	-10	630	990	90	626	0
261	288	44	-20	494	854	90	38	0
262	274	48	10	206	566	90	0	366
263	360	184	-20	696	1056	90	660	0
264	23	67	-10	944	1304	90	236	0
265	6	296	-30	715	1075	90	126	0
266	249	258	30	762	1122	0	0	1030
267	421	415	30	237	597	90	0	45
268	319	468	10	228	588	90	0	210
269	50	438	20	572	932	90	0	579
270	440	61	30	822	1182	0	0	1036
271	17	65	20	482	842	90	0	215
272	323	118	20	156	516	90	0	108
273	402	281	-30	725	1085	90	776	0
274	71	153	20	601	961	90	0	869
275	52	432	-20	636	996	90	91	0
276	378	199	-30	602	962	90	726	0
277	238	204	20	420	780	90	0	286
278	208	184	20	78	438	90	0	191
279	376	195	-20	416	776	90	801	0
280	473	475	10	972	1332	90	0	43
281	215	395	-20	717	1077	90	761	0
282	123	222	-20	223	583	90	40	0
283	436	241	-10	1122	1482	90	757	0
284	70	100	-20	975	1335	90	428	0
285	73	328	20	193	553	90	0	946
286	241	205	-20	513	873	90	277	0
287	250	405	-30	157	517	90	597	0
288	483	14	-20	518	878	90	727	0
289	466	287	10	316	676	0	0	1027
290	467	114	10	1011	1371	0	0	1008
291	120	159	10	161	521	90	0	159
292	408	84	-10	599	959	90	306	0
293	413	217	20	166	526	90	0	446
294	338	142	40	139	499	90	0	930
295	483	457	20	593	953	0	0	1015
296	479	169	-30	624	984	90	11	0
297	95	224	-30	909	1269	90	778	0
298	122	216	-10	319	679	90	968	0
299	477	179	-10	237	597	90	890	0
300	406	99	20	222	582	90	0	514
301	44	47	-30	289	649	90	209	0
302	487	450	-10	781	1141	90	575	0
303	172	488	-20	250	610	90	208	0
304	460	374	20	612	972	90	0	833
305	279	138	40	121	481	90	0	589
306	338	147	10	135	495	90	0	292
307	395	295	-20	526	886	90	231	0
308	195	185	20	187	547	90	0	979
309	463	194	20	220	580	90	0	468
310	30	72	-10	1092	1452	90	500	0
311	244	254	-20	575	935	90	22	0
312	317	261	20	256	616	90	0	566
313	67	108	-10	231	591	90	616	0
314	442	310	20	491	851	90	0	637
315	63	336	-20	661	1021	90	967	0
316	109	107	20	206	566	90	0	678
317	100	387	10	294	654	90	0	385
318	494	94	10	483	843	90	0	961
319	343	49	-20	500	860	90	259	0
320	40	52	40	388	748	90	0	360
321	319	124	20	253	613	90	0	137
322	94	97	20	218	578	90	0	876
323	476	94	20	274	634	90	0	877
324	283	47	-40	216	576	90	859	0
325	398	325	-20	628	988	90	620	0
326	460	13	-20	317	677	90	955	0
327	305	107	20	540	900	90	0	1000
328	188	12	30	245	605	90	0	624
329	136	290	20	122	482	90	0	138
330	439	268	-10	853	1213	90	157	0
331	112	467	10	351	711	90	0	944
332	181	469	20	322	682	0	0	1004
333	358	18	10	346	706	90	0	659
334	459	10	-40	410	770	90	139	0
335	199	268	20	146	506	90	0	689
336	436	237	20	186	546	0	0	1034
337	318	280	20	172	532	90	0	439
338	64	99	-20	698	1058	90	895	0
339	394	333	20	349	709	90	0	56
340	366	93	-20	782	1142	90	26	0
341	95	391	-30	761	1121	90	4	0
342	391	425	-10	696	1056	90	555	0
343	344	146	-20	332	692	90	766	0
344	198	12	10	427	787	90	0	594
345	186	472	-20	418	778	90	106	0
346	390	408	30	305	665	90	0	67
347	19	43	20	1051	1411	90	0	750
348	307	108	-20	632	992	90	774	0
349	59	457	-10	649	1009	90	170	0
350	49	451	20	284	644	90	0	729
351	125	39	20	245	605	90	0	749
352	61	147	40	218	578	90	0	465
353	317	123	20	345	705	90	0	163
354	392	426	-10	514	874	90	494	0
355	237	213	-20	702	1062	90	5	0
356	71	333	10	197	557	90	0	393
357	304	97	20	257	617	90	0	25
358	196	462	-20	799	1159	90	134	0
359	224	191	-20	156	516	90	488	0
360	37	51	-40	481	841	90	320	0
361	491	25	-10	804	1164	90	432	0
362	270	401	20	152	512	90	0	485
363	474	461	30	307	667	90	0	68
364	66	448	10	270	630	90	0	240
365	337	241	20	188	548	90	0	996
366	269	46	-10	584	944	90	262	0
367	22	41	10	957	1317	90	0	83
368	198	271	20	239	599	90	0	654
369	287	43	-20	402	762	90	212	0
370	446	63	-10	543	903	90	154	0
371	200	229	30	148	508	90	0	424
372	48	72	30	560	920	90	0	894
373	465	142	-20	243	603	90	867	0
374	123	155	-10	996	1356	90	593	0
375	16	497	-10	901	1261	90	669	0
376	220	319	-10	824	1184	90	13	0
377	484	171	-10	528	888	90	546	0
378	55	431	-30	543	903	90	9	0
379	428	24	-10	942	1302	90	769	0
380	80	342	10	193	553	90	0	431
381	16	68	-10	389	749	90	834	0
382	124	56	20	231	591	90	0	190
383	95	218	-20	720	1080	90	742	0
384	481	26	30	321	681	90	0	839
385	145	434	-10	308	668	90	317	0
386	335	57	30	210	570	90	0	792
387	26	490	10	1046	1406	90	0	812
388	324	127	30	143	503	90	0	504
389	109	114	-30	670	1030	90	773	0
390	72	148	20	205	565	90	0	870
391	220	392	-10	813	1173	90	936	0
392	442	243	-20	844	1204	90	651	0
393	69	336	-10	293	653	90	356	0
394	131	226	20	121	481	90	0	116
395	150	204	20	487	847	90	0	519
396	423	217	-30	637	997	90	997	0
397	419	459	-10	631	991	90	440	0
398	285	163	-30	567	927	90	477	0
399	203	7	20	891	1251	90	0	82
400	54	445	-20	383	743	90	571	0
401	109	463	-20	809	1169	90	972	0
402	355	180	30	132	492	90	0	456
403	13	455	10	313	673	90	0	413
404	165	337	-20	217	577	90	125	0
405	314	124	20	626	986	90	0	548
406	9	124	20	271	631	90	0	502
407	3	292	20	251	611	90	0	2
408	16	462	10	781	1141	90	0	614
409	189	464	-20	701	1061	90	535	0
410	288	154	-30	288	648	90	478	0
411	90	296	20	166	526	90	0	865
412	138	438	20	682	1042	90	0	160
413	13	459	-10	502	862	90	403	0
414	461	8	20	604	964	90	0	430
415	96	97	20	217	577	90	0	569
416	68	99	10	883	1243	90	0	878
417	146	205	-10	210	570	90	745	0
418	117	152	-20	717	1077	90	560	0
419	481	96	20	372	732	90	0	450
420	338	260	20	470	830	90	0	951
421	285	44	10	310	670	90	0	838
422	111	464	-30	626	986	90	158	0
423	468	291	-10	593	953	90	950	0
424	148	206	-30	302	662	90	371	0
425	184	464	-30	223	583	90	81	0
426	197	11	10	518	878	90	0	156
427	396	410	-20	674	1034	90	451	0
428	133	53	20	514	874	90	0	284
429	132	30	20	721	1081	0	0	1025
430	464	13	-20	700	1060	90	414	0
431	100	394	-10	856	1216	90	380	0
432	483	22	10	329	689	90	0	361
433	93	235	-10	801	1161	90	912	0
434	174	26	-10	891	1251	90	484	0
435	436	264	20	186	546	90	0	629
436	24	492	10	1043	1403	90	0	845
437	406	94	10	223	583	90	0	825
438	234	246	-10	380	740	90	988	0
439	315	287	-20	543	903	90	337	0
440	408	453	10	438	798	90	0	397
441	128	225	10	124	484	90	0	189
442	226	191	20	248	608	90	0	498
443	391	407	10	397	757	90	0	206
444	198	264	20	615	975	90	0	140
445	179	7	20	717	1077	90	0	517
446	425	215	-20	544	904	90	293	0
447	483	27	-10	1052	1412	90	54	0
448	22	40	-10	866	1226	90	247	0
449	479	176	20	240	600	90	0	164
450	476	102	-20	651	1011	90	419	0
451	386	405	20	206	566	90	0	427
452	22	38	-10	774	1134	90	113	0
453	440	241	-10	936	1296	90	101	0
454	182	14	-30	909	1269	90	92	0
455	266	405	-20	532	892	90	251	0
456	357	181	-30	224	584	90	402	0
457	395	332	10	441	801	90	0	480
458	423	290	10	179	539	90	0	611
459	104	28	-10	552	912	90	50	0
460	131	56	10	331	691	90	0	907
461	111	110	-20	390	750	90	57	0
462	97	93	20	315	675	90	0	698
463	90	274	-20	254	614	90	813	0
464	214	394	-40	626	986	90	656	0
465	6	114	-40	652	1012	90	352	0
466	375	191	30	322	682	90	0	41
467	356	21	20	253	613	90	0	730
468	466	165	-20	596	956	90	309	0
469	415	223	-10	1100	1460	90	733	0
470	397	20	20	275	635	90	0	93
471	241	403	-30	535	895	90	506	0
472	69	334	30	201	561	90	0	474
473	152	210	-30	105	465	90	218	0
474	67	335	-30	477	837	90	472	0
475	126	30	-10	347	707	90	127	0
476	390	423	10	222	582	90	0	558
477	285	162	30	476	836	90	0	398
478	285	158	30	193	553	90	0	410
479	406	96	20	219	579	90	0	746
480	459	374	-10	703	1063	90	457	0
481	67	109	20	233	593	90	0	74
482	468	475	-10	313	673	90	837	0
483	438	31	10	288	648	90	0	700
484	168	24	10	613	973	90	0	434
485	267	394	-20	814	1174	90	362	0
486	406	450	-20	254	614	90	962	0
487	460	288	10	213	573	90	0	85
488	224	203	20	53	413	90	0	359
489	21	487	10	425	785	0	0	1001
490	21	488	10	516	876	90	0	16
491	87	217	-30	441	801	90	66	0
492	67	452	30	272	632	90	0	216
493	119	223	-20	699	1059	90	703	0
494	398	428	10	417	777	90	0	354
495	344	262	-20	373	733	90	702	0
496	390	301	10	240	600	90	0	676
497	167	27	30	331	691	90	0	975
498	236	247	-20	287	647	90	442	0
499	313	119	30	531	891	90	0	983
500	13	51	10	1065	1425	90	0	310
501	200	13	-10	245	605	90	879	0
502	0	120	-20	282	642	90	406	0
503	202	4	10	797	1157	90	0	98
504	343	144	-30	146	506	90	388	0
505	94	383	10	481	841	90	0	142
506	250	411	30	343	703	90	0	471
507	464	134	-10	897	1257	90	551	0
508	443	237	20	193	553	90	0	847
509	4	114	-10	560	920	90	927	0
510	169	336	-10	685	1045	90	857	0
511	200	178	20	89	449	90	0	244
512	412	453	10	532	892	90	0	123
513	121	151	-20	902	1262	90	953	0
514	403	93	-20	976	1336	90	300	0
515	399	301	-10	429	789	90	1	0
516	97	387	-10	666	1026	90	44	0
517	176	8	-20	811	1171	90	445	0
518	62	326	-10	761	1121	90	688	0
519	151	207	-20	580	940	90	395	0
520	299	98	-10	162	522	90	32	0
521	334	240	-20	374	734	90	120	0
522	92	270	-20	812	1172	90	604	0
523	444	269	20	389	749	0	0	1020
524	132	223	-30	693	1053	90	23	0
525	428	25	20	1033	1393	0	0	1046
526	413	421	-20	618	978	90	104	0
527	382	498	-30	464	824	90	973	0
528	391	429	-10	320	680	90	849	0
529	398	97	-20	212	572	90	780	0
530	192	265	-20	519	879	90	52	0
531	438	26	10	295	655	90	0	184
532	44	79	10	267	627	0	0	1007
533	137	290	-30	119	479	90	581	0
534	446	319	30	210	570	90	0	960
535	175	487	20	248	608	90	0	409
536	26	45	30	303	663	90	0	635
537	147	435	-30	400	760	90	652	0
538	111	459	-20	994	1354	90	553	0
539	472	132	-10	616	976	90	913	0
540	349	158	-20	892	1252	90	917	0
541	86	268	10	532	892	90	0	886
542	415	216	10	171	531	90	0	721
543	121	218	20	132	492	90	0	545
544	210	185	20	76	436	0	0	1019
545	98	215	-20	155	515	90	543	0
546	484	174	10	340	700	90	0	377
547	328	458	10	795	1155	0	0	1022
548	313	126	-20	718	1078	90	405	0
549	390	415	20	886	1246	90	0	685
550	459	17	-20	886	1246	90	645	0
551	481	124	10	358	718	90	0	507
552	386	414	10	956	1316	0	0	1006
553	116	466	20	254	614	90	0	538
554	468	295	-10	781	1141	90	755	0
555	391	426	10	605	965	90	0	342
556	408	279	-20	535	895	90	69	0
557	15	68	10	298	658	90	0	630
558	392	424	-10	787	1147	90	476	0
559	88	95	20	505	865	90	0	805
560	116	151	20	625	985	90	0	418
561	240	250	10	192	552	90	0	699
562	123	159	20	156	516	90	0	627
563	89	290	20	165	525	90	0	681
564	39	50	30	296	656	90	0	257
565	359	179	-20	317	677	90	3	0
566	338	257	-20	563	923	90	312	0
567	92	236	20	893	1253	0	0	1024
568	413	417	-10	991	1351	90	24	0
569	91	101	-20	693	1053	90	415	0
570	55	449	20	278	638	90	0	79
571	57	425	20	260	620	90	0	400
572	465	287	-20	407	767	90	899	0
573	320	280	10	80	440	90	0	785
574	322	468	20	420	780	90	0	897
575	483	458	10	502	862	90	0	302
576	312	267	10	722	1082	0	0	1041
577	139	291	10	118	478	0	0	1032
578	388	408	10	213	573	0	0	1028
579	110	459	-20	903	1263	90	269	0
580	459	372	-10	519	879	90	810	0
581	204	269	30	49	409	90	0	533
582	407	98	10	218	578	90	0	719
583	335	256	-10	746	1106	90	162	0
584	471	484	10	415	775	90	0	60
585	339	244	30	95	455	0	0	1035
586	89	272	-20	347	707	90	999	0
587	488	96	-20	761	1121	90	806	0
588	316	286	30	452	812	90	0	751
589	235	50	-40	675	1035	90	305	0
590	316	258	20	163	523	90	0	21
591	425	288	-20	456	816	90	798	0
592	213	397	-20	532	892	90	183	0
593	113	156	10	439	799	90	0	374
594	199	9	-10	702	1062	90	344	0
595	463	167	-20	503	863	90	908	0
596	129	27	-40	533	893	90	784	0
597	248	404	30	154	514	90	0	287
598	405	276	-20	629	989	90	228	0
599	400	288	30	154	514	90	0	141
600	61	156	-30	317	677	90	77	0
601	393	20	-10	1026	1386	90	693	0
602	484	177	20	247	607	90	0	759
603	108	116	-20	762	1122	90	705	0
604	112	217	20	233	593	90	0	522
605	389	404	10	207	567	90	0	7
606	102	391	20	950	1310	0	0	1002
607	434	26	10	389	749	90	0	724
608	488	26	30	988	1348	90	0	994
609	477	120	-20	817	1177	90	982	0
610	126	220	-20	505	865	90	119	0
611	439	310	-10	198	558	90	458	0
612	212	319	-20	80	440	90	130	0
613	320	283	-10	266	626	90	638	0
614	17	459	-10	1057	1417	90	408	0
615	236	213	20	39	399	90	0	808
616	68	108	10	230	590	90	0	313
617	390	294	-30	712	1072	90	166	0
618	275	42	30	393	753	90	0	632
619	423	214	-10	452	812	90	167	0
620	460	367	20	241	601	90	0	325
621	272	402	10	155	515	90	0	213
622	478	102	10	559	919	90	0	753
623	400	260	-20	150	510	90	796	0
624	181	6	-30	535	895	90	328	0
625	470	475	30	314	674	90	0	809
626	245	408	10	439	799	90	0	260
627	93	96	-20	220	580	90	562	0
628	218	318	-10	732	1092	90	78	0
629	441	265	-20	192	552	90	435	0
630	21	64	-10	667	1027	90	557	0
631	356	23	20	250	610	90	0	229
632	267	44	-30	491	851	90	618	0
633	277	50	10	201	561	90	0	929
634	182	4	-20	443	803	90	200	0
635	26	36	-30	494	854	90	536	0
636	384	491	-10	743	1103	90	793	0
637	418	290	-20	1017	1377	90	314	0
638	321	277	10	75	435	90	0	613
639	358	16	30	438	798	90	0	110
640	389	334	20	164	524	90	0	748
641	48	78	-20	836	1196	90	672	0
642	24	68	20	1084	1444	90	0	234
643	206	225	-10	245	605	90	663	0
644	290	141	-30	497	857	90	686	0
645	439	15	20	498	858	90	0	550
646	359	182	20	604	964	90	0	207
647	413	287	-10	1203	1563	90	117	0
648	230	49	20	201	561	0	0	1033
649	407	280	-20	444	804	90	734	0
650	459	295	-30	1061	1421	90	881	0
651	468	199	20	519	879	90	0	392
652	101	384	30	200	560	90	0	537
653	170	26	-20	706	1066	90	984	0
654	197	270	-20	331	691	90	368	0
655	415	289	-20	169	529	90	10	0
656	203	390	40	154	514	90	0	464
657	443	272	10	665	1025	90	0	863
658	210	391	30	146	506	90	0	771
659	363	22	-10	814	1174	90	333	0
660	352	176	20	126	486	90	0	263
661	212	223	-30	615	975	90	956	0
662	8	120	-20	1020	1380	90	871	0
663	244	250	10	7	367	90	0	643
664	18	484	10	329	689	90	0	49
665	379	82	-40	675	1035	90	243	0
666	84	346	-10	946	1306	90	105	0
667	233	207	10	46	406	90	0	926
668	344	62	-20	1061	1421	90	145	0
669	20	489	10	698	1058	90	0	375
670	361	181	-20	512	872	90	193	0
671	174	494	10	348	708	90	0	851
672	49	76	20	744	1104	90	0	641
673	390	325	30	726	1086	90	0	735
674	7	118	-10	837	1197	90	114	0
675	107	26	10	368	728	90	0	872
676	312	270	-10	815	1175	90	496	0
677	399	102	-20	502	862	90	965	0
678	109	108	-20	297	657	90	316	0
679	115	218	10	140	500	90	0	880
680	88	287	-30	738	1098	90	27	0
681	54	424	-20	262	622	90	563	0
682	125	32	30	254	614	90	0	235
683	199	12	-20	336	696	90	764	0
684	457	374	10	795	1155	0	0	1021
685	391	413	-20	861	1221	90	549	0
686	304	102	30	352	712	90	0	644
687	391	293	-10	621	981	90	70	0
688	66	336	10	568	928	90	0	518
689	132	291	-20	587	947	90	335	0
690	18	462	-20	873	1233	90	970	0
691	347	62	10	968	1328	90	0	874
692	466	142	10	334	694	90	0	133
693	389	17	10	841	1201	90	0	601
694	342	254	10	93	453	90	0	112
695	92	223	10	815	1175	0	0	1037
696	404	83	-20	693	1053	90	204	0
697	290	46	20	684	1044	90	0	814
698	95	92	-20	408	768	90	462	0
699	200	265	-10	707	1067	90	561	0
700	435	16	-10	682	1042	90	483	0
701	25	499	-40	1000	1360	90	731	0
702	319	260	20	348	708	90	0	495
703	116	225	20	606	966	90	0	493
704	402	284	30	160	520	90	0	768
705	108	105	20	202	562	90	0	603
706	386	13	10	652	1012	90	0	762
707	472	129	-40	252	612	90	175	0
708	132	57	20	239	599	90	0	172
709	43	71	-20	373	733	90	991	0
710	493	91	30	390	750	90	0	831
711	12	451	20	311	671	0	0	1014
712	201	188	10	374	734	90	0	732
713	60	428	20	918	1278	90	0	185
714	243	248	-10	99	459	90	36	0
715	230	197	-10	437	797	90	964	0
716	389	11	20	558	918	90	0	875
717	401	281	-20	816	1176	90	107	0
718	459	14	20	315	675	90	0	171
719	411	95	-10	318	678	90	582	0
720	0	297	10	528	888	90	0	62
721	476	196	-10	330	690	90	542	0
722	458	16	20	313	673	90	0	853
723	92	230	20	344	704	90	0	174
724	432	24	-10	848	1208	90	607	0
725	215	317	10	75	435	90	0	971
726	371	192	30	134	494	90	0	276
727	481	20	20	422	782	90	0	288
728	152	207	-10	671	1031	90	90	0
729	14	459	-20	411	771	90	350	0
730	361	17	-20	625	985	90	467	0
731	8	497	40	803	1163	90	0	701
732	206	186	-10	743	1103	90	712	0
733	421	218	10	729	1089	90	0	469
734	402	264	20	152	512	90	0	649
735	388	325	-30	818	1178	90	673	0
736	35	304	30	221	581	90	0	911
737	321	263	20	532	892	90	0	873
738	444	313	-20	307	667	90	976	0
739	188	462	-30	609	969	90	149	0
740	400	103	10	411	771	0	0	1017
741	418	221	-20	1006	1366	90	15	0
742	112	219	20	325	685	90	0	383
743	408	452	10	347	707	90	0	939
744	30	301	-20	513	873	90	986	0
745	205	228	10	50	410	90	0	417
746	407	88	-20	879	1239	90	479	0
747	380	489	-20	934	1294	90	245	0
748	395	331	-20	532	892	90	640	0
749	133	26	-20	627	987	90	351	0
750	21	68	-20	1036	1396	90	347	0
751	313	282	-30	638	998	90	588	0
752	53	440	10	478	838	90	0	882
753	458	130	-10	995	1355	90	622	0
754	437	15	-20	590	950	90	14	0
755	400	286	10	154	514	90	0	554
756	346	144	10	515	875	90	0	169
757	440	244	10	661	1021	90	0	283
758	280	162	30	92	452	90	0	824
759	488	173	-20	434	794	90	602	0
760	326	118	10	152	512	90	0	921
761	207	400	20	346	706	90	0	281
762	391	18	-10	933	1293	90	706	0
763	37	55	-20	575	935	90	777	0
764	204	15	20	239	599	90	0	683
765	173	28	-20	983	1343	90	48	0
766	343	148	20	240	600	90	0	343
767	231	43	-20	300	660	90	197	0
768	445	273	-30	573	933	90	704	0
769	432	27	10	664	1024	90	0	379
770	439	305	30	587	947	90	0	848
771	208	396	-30	251	611	90	658	0
772	249	407	-40	249	609	90	238	0
773	107	112	30	577	937	90	0	389
774	279	159	20	97	457	90	0	348
775	376	494	30	274	634	90	0	188
776	403	262	30	340	700	90	0	273
777	41	47	20	291	651	90	0	763
778	96	213	30	160	520	90	0	297
779	461	167	-10	321	681	90	254	0
780	391	99	20	206	566	90	0	529
781	116	221	-20	419	779	90	143	0
782	165	343	-10	405	765	90	933	0
783	388	334	20	161	521	90	0	223
784	130	57	40	227	587	90	0	596
785	422	409	-10	234	594	90	573	0
786	66	156	10	505	865	90	0	65
787	485	86	-10	286	646	90	957	0
788	389	428	20	228	588	90	0	115
789	117	467	10	254	614	0	0	1044
790	475	477	-30	880	1240	90	993	0
791	429	27	-20	1089	1449	90	177	0
792	339	60	-30	209	569	90	386	0
793	381	494	10	648	1008	90	0	636
794	218	321	20	548	908	90	0	817
795	64	101	-10	515	875	90	148	0
796	343	254	20	184	544	90	0	623
797	478	464	10	312	672	90	0	180
798	423	286	20	273	633	90	0	591
799	198	9	-10	611	971	90	800	0
800	225	196	10	59	419	90	0	799
801	374	190	20	138	498	90	0	279
802	462	14	-20	792	1152	90	100	0
803	347	54	10	690	1050	90	0	128
804	231	195	20	344	704	90	0	893
805	72	96	-20	1069	1429	90	559	0
806	489	87	20	295	655	90	0	587
807	443	313	-30	398	758	90	940	0
808	233	204	-20	49	409	90	615	0
809	477	483	-30	601	961	90	625	0
810	459	368	10	240	600	90	0	580
811	95	277	-30	909	1269	90	920	0
812	16	460	-10	966	1326	90	387	0
813	100	266	20	150	510	90	0	463
814	288	53	-20	781	1141	90	697	0
815	211	386	20	141	501	90	0	168
816	144	439	-20	586	946	90	823	0
817	224	314	-20	920	1280	90	794	0
818	79	291	-20	364	724	90	840	0
819	95	235	-10	155	515	90	246	0
820	7	123	30	274	634	0	0	1009
821	91	217	-10	535	895	90	8	0
822	105	27	-30	460	820	90	842	0
823	101	385	20	201	561	90	0	816
824	238	210	-30	609	969	90	758	0
825	439	67	-10	263	623	90	437	0
826	435	267	-10	1038	1398	90	248	0
827	443	64	-20	637	997	90	868	0
828	92	234	-30	710	1070	90	129	0
829	450	265	-10	291	651	90	250	0
830	102	27	20	644	1004	90	0	903
831	492	94	-30	575	935	90	710	0
832	440	63	20	730	1090	90	0	146
833	453	367	-20	893	1253	90	304	0
834	15	69	10	296	656	90	0	381
835	489	17	10	615	975	90	0	858
836	335	255	-10	85	445	90	224	0
837	419	418	10	244	604	90	0	482
838	292	41	-10	589	949	90	421	0
839	489	27	-30	896	1256	90	384	0
840	96	270	20	157	517	90	0	818
841	461	369	-20	426	786	90	959	0
842	105	22	30	270	630	90	0	822
843	479	121	-30	543	903	90	94	0
844	207	223	10	430	790	0	0	1026
845	17	458	-10	1062	1422	90	436	0
846	186	7	20	348	708	90	0	201
847	465	168	-20	689	1049	90	508	0
848	416	288	-30	1110	1470	90	770	0
849	388	418	10	217	577	90	0	528
850	92	233	-10	619	979	90	943	0
851	179	492	-10	535	895	90	671	0
852	132	55	-20	422	782	90	122	0
853	485	24	-20	326	686	90	722	0
854	388	331	20	160	520	90	0	861
855	217	323	-10	268	628	90	904	0
856	281	164	20	91	451	90	0	900
857	169	340	10	591	951	90	0	510
858	491	20	-10	709	1069	90	835	0
859	279	42	40	210	570	90	0	324
860	439	243	20	1029	1389	90	0	221
861	391	334	-20	256	616	90	854	0
862	96	244	-20	1176	1536	90	34	0
863	441	273	-10	757	1117	90	657	0
864	477	478	-20	787	1147	90	990	0
865	56	434	-20	730	1090	90	411	0
866	12	463	20	596	956	90	0	887
867	458	164	20	226	586	90	0	373
868	446	65	20	361	721	90	0	827
869	71	156	-20	694	1054	90	274	0
870	65	153	-20	412	772	90	390	0
871	8	118	20	928	1288	90	0	662
872	102	29	-10	736	1096	90	675	0
873	315	265	-20	628	988	90	737	0
874	343	62	-10	1152	1512	90	691	0
875	384	16	-20	746	1106	90	716	0
876	67	105	-20	420	780	90	322	0
877	478	118	-20	909	1269	90	323	0
878	73	101	-10	1143	1503	90	416	0
879	200	14	10	241	601	90	0	501
880	114	225	-10	514	874	90	679	0
881	460	293	30	969	1329	90	0	650
882	51	447	-10	289	649	90	752	0
883	418	295	-20	922	1282	90	55	0
884	282	139	20	115	475	0	0	1031
885	477	122	-40	725	1085	90	942	0
886	91	266	-10	628	988	90	541	0
887	16	463	-20	690	1050	90	866	0
888	228	199	10	529	889	90	0	923
889	435	20	20	776	1136	0	0	1038
890	467	195	10	223	583	90	0	299
891	469	132	10	709	1069	90	0	892
892	465	136	-10	805	1165	90	891	0
893	246	255	-20	668	1028	90	804	0
894	49	75	-30	653	1013	90	372	0
895	66	98	20	790	1150	90	0	338
896	166	32	10	233	593	90	0	935
897	326	466	-20	605	965	90	574	0
898	202	186	-10	466	826	90	211	0
899	467	285	20	224	584	90	0	572
900	290	136	-20	402	762	90	856	0
901	341	58	10	219	579	90	0	165
902	121	219	20	132	492	90	0	150
903	107	35	-20	834	1194	90	830	0
904	216	319	10	174	534	90	0	855
905	134	288	20	771	1131	90	0	225
906	89	270	10	439	799	90	0	910
907	136	52	-10	608	968	90	460	0
908	462	167	20	412	772	90	0	595
909	340	54	-10	313	673	90	941	0
910	80	286	-10	459	819	90	906	0
911	38	301	-30	611	971	90	736	0
912	25	307	10	324	684	90	0	433
913	470	139	10	519	879	90	0	539
914	270	400	10	151	511	0	0	1040
915	204	187	30	650	1010	0	0	1016
916	460	171	-30	785	1145	90	995	0
917	399	106	20	777	1137	90	0	540
918	197	267	10	424	784	90	0	59
919	77	350	-10	848	1208	90	97	0
920	91	231	30	435	795	90	0	811
921	398	103	-10	593	953	90	760	0
922	35	303	20	221	581	90	0	181
923	231	204	-10	625	985	90	888	0
924	311	266	10	63	423	0	0	1039
925	416	420	-20	525	885	90	132	0
926	231	203	-10	142	502	90	667	0
927	4	116	10	468	828	90	0	509
928	417	217	30	264	624	90	0	992
929	268	52	-10	861	1221	90	633	0
930	345	144	-40	424	784	90	294	0
931	368	85	30	202	562	90	0	989
932	441	65	-10	266	626	90	35	0
933	201	270	10	52	412	90	0	782
934	0	293	-10	434	794	90	102	0
935	167	24	-10	522	882	90	896	0
936	186	464	10	516	876	90	0	391
937	7	292	10	246	606	90	0	53
938	80	290	10	272	632	90	0	61
939	405	455	-10	736	1096	90	743	0
940	439	312	30	198	558	90	0	807
941	300	108	10	150	510	90	0	909
942	478	121	40	634	994	90	0	885
943	92	232	10	252	612	90	0	850
944	111	463	-10	717	1077	90	331	0
945	132	294	20	308	668	90	0	46
946	134	285	-20	956	1316	90	285	0
947	316	284	-20	360	720	90	155	0
948	56	428	20	268	628	90	0	96
949	232	47	10	203	563	90	0	198
950	466	291	10	501	861	90	0	423
951	341	257	-20	277	637	90	420	0
952	420	213	10	359	719	90	0	253
953	116	152	20	534	894	90	0	513
954	163	337	-40	125	485	90	981	0
955	440	7	20	309	669	90	0	326
956	208	222	30	521	881	90	0	661
957	485	95	10	281	641	90	0	787
958	97	385	-20	387	747	90	17	0
959	462	367	20	333	693	90	0	841
960	455	365	-30	235	595	90	534	0
961	492	95	-10	666	1026	90	318	0
962	405	450	20	253	613	90	0	486
963	371	193	20	133	493	0	0	1018
964	234	202	10	235	595	90	0	715
965	404	103	20	317	677	90	0	677
966	24	41	-20	399	759	90	121	0
967	67	334	20	386	746	90	0	315
968	207	227	10	48	408	90	0	298
969	277	403	10	250	610	90	0	118
970	15	457	20	318	678	90	0	690
971	217	319	-10	640	1000	90	725	0
972	111	467	20	442	802	90	0	401
973	378	493	30	277	637	90	0	527
974	112	465	-10	534	894	90	103	0
975	173	25	-30	799	1159	90	497	0
976	421	292	20	176	536	90	0	738
977	74	146	30	204	564	0	0	1012
978	178	491	-20	443	803	90	226	0
979	204	185	-20	558	918	90	308	0
980	319	470	10	233	593	90	0	202
981	163	331	40	118	478	90	0	954
982	470	125	20	253	613	90	0	609
983	315	121	-30	438	798	90	499	0
984	166	34	20	231	591	90	0	653
985	284	140	40	115	475	90	0	136
986	85	288	20	177	537	90	0	744
987	376	190	30	230	590	90	0	31
988	238	203	10	329	689	90	0	438
989	399	104	-30	685	1045	90	931	0
990	472	481	20	322	682	90	0	864
991	46	74	20	467	827	90	0	709
992	401	255	-30	531	891	90	928	0
993	475	480	30	694	1054	90	0	790
994	485	27	-30	1051	1411	90	608	0
995	476	174	30	719	1079	90	0	916
996	330	242	-20	469	829	90	365	0
997	332	249	30	82	442	90	0	396
998	375	80	10	394	754	0	0	1042
999	94	235	20	156	516	90	0	586
1000	287	144	-20	681	1041	90	327	0
1001	21	487	-10	425	785	90	489	0
1002	102	391	-20	950	1310	90	606	0
1003	357	26	-20	1002	1362	90	42	0
1004	181	469	-20	322	682	90	332	0
1005	24	65	-10	760	1120	90	80	0
1006	386	414	-10	956	1316	90	552	0
1007	44	79	-10	267	627	90	532	0
1008	467	114	-10	1011	1371	90	290	0
1009	7	123	-30	274	634	90	820	0
1010	387	488	-20	837	1197	90	147	0
1011	394	23	-20	1106	1466	90	232	0
1012	74	146	-30	204	564	90	977	0
1013	57	432	-10	823	1183	90	75	0
1014	12	451	-20	311	671	90	711	0
1015	483	457	-20	593	953	90	295	0
1016	204	187	-30	650	1010	90	915	0
1017	400	103	-10	411	771	90	740	0
1018	371	193	-20	133	493	90	963	0
1019	210	185	-20	76	436	90	544	0
1020	444	269	-20	389	749	90	523	0
1021	457	374	-10	795	1155	90	684	0
1022	328	458	-10	795	1155	90	547	0
1023	417	218	-10	913	1273	90	73	0
1024	92	236	-20	893	1253	90	567	0
1025	132	30	-20	721	1081	90	429	0
1026	207	223	-10	430	790	90	844	0
1027	466	287	-10	316	676	90	289	0
1028	388	408	-10	213	573	90	578	0
1029	478	99	-10	466	826	90	179	0
1030	249	258	-30	762	1122	90	266	0
1031	282	139	-20	115	475	90	884	0
1032	139	291	-10	118	478	90	577	0
1033	230	49	-20	201	561	90	648	0
1034	436	237	-20	186	546	90	336	0
1035	339	244	-30	95	455	90	585	0
1036	440	61	-30	822	1182	90	270	0
1037	92	223	-10	815	1175	90	695	0
1038	435	20	-20	776	1136	90	889	0
1039	311	266	-10	63	423	90	924	0
1040	270	400	-10	151	511	90	914	0
1041	312	267	-10	722	1082	90	576	0
1042	375	80	-10	394	754	90	998	0
1043	154	207	-20	854	1214	90	186	0
1044	117	467	-10	254	614	90	789	0
1045	90	285	-40	831	1191	90	153	0
1046	428	25	-20	1033	1393	90	525	0
