200	200	1
0	200	200	0	0	1676	0	0	0
1	385	56	10	473	544	90	0	108
2	201	297	10	805	855	90	0	38
3	57	353	-30	0	1377	90	758	0
4	201	386	20	0	1400	90	0	589
5	359	23	30	298	358	90	0	606
6	210	268	-20	0	1518	90	644	0
7	219	148	10	55	110	90	0	784
8	306	390	20	0	1369	90	0	50
9	32	251	20	0	1411	0	0	801
10	130	70	30	956	1015	90	0	615
11	103	172	-20	0	1486	90	748	0
12	319	217	-20	0	1466	90	450	0
13	99	241	-30	0	1477	90	367	0
14	368	102	20	0	1392	90	0	624
15	307	310	-20	0	1433	90	137	0
16	158	366	20	0	1415	90	0	94
17	286	9	20	0	1377	90	0	239
18	267	161	-10	0	1509	90	513	0
19	304	141	-30	0	1467	90	708	0
20	143	261	-20	605	669	90	737	0
21	183	303	-20	0	1482	90	223	0
22	218	284	-10	0	1501	90	276	0
23	318	335	-10	0	1407	90	584	0
24	53	330	30	624	690	90	0	510
25	233	208	-20	0	1553	90	467	0
26	113	179	-10	986	1037	90	472	0
27	109	170	20	151	220	90	0	786
28	276	16	10	199	241	90	0	72
29	128	93	10	0	1458	90	0	407
30	221	379	30	0	1406	90	0	307
31	185	386	-10	602	689	90	54	0
32	14	210	10	0	1400	90	0	582
33	180	375	-20	0	1410	90	354	0
34	164	69	-30	0	1451	90	553	0
35	53	354	-10	0	1374	90	112	0
36	275	8	-20	0	1380	90	444	0
37	142	260	20	0	1503	0	0	823
38	183	294	-10	0	1491	90	2	0
39	373	253	-20	0	1406	90	571	0
40	15	100	10	0	1376	90	0	51
41	51	288	10	236	291	90	0	309
42	131	130	-10	0	1488	90	742	0
43	184	343	-10	0	1443	90	374	0
44	56	351	10	0	1378	90	0	542
45	208	384	20	0	1402	90	0	660
46	204	87	-10	0	1473	90	232	0
47	61	333	10	0	1394	90	0	775
48	313	194	-10	0	1473	90	543	0
49	271	154	10	0	1502	90	0	658
50	314	399	-20	0	1357	90	8	0
51	14	100	-10	0	1375	90	40	0
52	273	160	10	0	1503	90	0	280
53	359	38	-20	0	1360	90	539	0
54	173	381	10	0	1403	90	0	31
55	153	368	30	331	385	90	0	755
56	270	151	20	0	1501	90	0	734
57	29	355	-30	0	1356	90	698	0
58	310	395	-20	0	1363	90	488	0
59	312	200	-30	0	1474	90	783	0
60	107	247	20	0	1482	90	0	426
61	126	91	30	0	1455	90	0	411
62	229	229	-10	0	1545	90	101	0
63	196	293	20	0	1493	90	0	759
64	82	247	-10	0	1459	90	399	0
65	42	384	-10	0	1344	90	161	0
66	83	357	10	0	1391	90	0	766
67	280	282	-20	0	1472	90	195	0
68	270	106	30	182	247	90	0	306
69	369	106	10	0	1393	90	0	273
70	393	272	10	0	1381	90	0	694
71	93	62	-10	0	1412	90	241	0
72	275	15	-10	259	321	90	28	0
73	372	104	-20	0	1390	90	92	0
74	134	98	10	0	1465	90	0	408
75	339	41	20	0	1375	90	0	668
76	303	61	-10	0	1413	90	659	0
77	97	10	-30	0	1370	90	116	0
78	211	274	20	0	1512	90	0	565
79	159	207	20	41	92	90	0	257
80	111	184	-10	0	1496	90	214	0
81	155	206	10	0	1541	90	0	705
82	95	47	10	900	952	90	0	509
83	18	100	20	0	1379	90	0	455
84	21	96	-10	0	1379	90	317	0
85	126	126	20	624	674	90	0	685
86	102	169	20	0	1484	90	0	104
87	35	293	20	0	1397	90	0	484
88	240	246	20	0	1526	90	0	96
89	255	239	-30	0	1519	90	123	0
90	179	383	-10	0	1402	90	405	0
91	147	263	-20	0	1504	90	461	0
92	367	104	20	0	1394	90	0	73
93	277	154	20	430	485	0	0	816
94	179	336	-20	0	1449	90	16	0
95	157	205	-20	0	1543	90	577	0
96	231	243	-20	0	1533	90	88	0
97	92	50	-20	0	1402	90	767	0
98	375	247	-20	243	300	90	211	0
99	152	240	-30	0	1524	90	153	0
100	187	341	-10	0	1445	90	592	0
101	234	214	10	0	1550	90	0	62
102	364	27	-10	0	1348	90	203	0
103	52	297	20	0	1410	90	0	344
104	103	168	-20	984	1058	90	86	0
105	23	98	10	1201	1254	0	0	802
106	153	107	-10	446	501	90	726	0
107	14	201	10	0	1400	90	0	799
108	386	57	-10	0	1352	90	1	0
109	244	109	20	0	1485	90	0	234
110	393	307	10	0	1366	90	0	281
111	96	235	30	834	879	90	0	400
112	49	353	10	0	1372	90	0	35
113	28	356	30	0	1354	90	0	181
114	85	155	20	0	1463	90	0	702
115	248	243	20	0	1522	90	0	716
116	94	13	30	0	1372	90	0	77
117	134	279	30	0	1484	0	0	810
118	158	64	-20	0	1444	90	366	0
119	346	179	-20	0	1439	90	330	0
120	20	127	-10	341	411	90	138	0
121	46	378	-10	0	1351	90	486	0
122	337	47	20	0	1381	90	0	294
123	250	241	30	212	283	90	0	89
124	200	89	30	0	1475	0	0	821
125	289	11	20	0	1378	90	0	595
126	393	301	10	272	348	90	0	594
127	182	379	20	0	1407	90	0	627
128	301	57	10	0	1411	90	0	703
129	111	170	10	0	1493	90	0	448
130	249	239	-10	0	1524	90	524	0
131	294	311	-20	386	449	90	470	0
132	352	162	-20	0	1430	90	608	0
133	363	270	10	0	1409	90	0	638
134	106	173	10	0	1489	90	0	591
135	72	257	-20	0	1446	90	471	0
136	311	334	-10	0	1412	90	182	0
137	305	336	20	0	1415	90	0	15
138	22	125	10	193	258	90	0	120
139	293	310	30	0	1442	90	0	446
140	40	54	10	0	1370	90	0	388
141	234	212	-20	374	428	90	713	0
142	91	27	-20	623	704	90	654	0
143	351	153	-30	0	1428	90	346	0
144	304	301	-20	0	1442	90	507	0
145	291	301	20	0	1451	90	0	620
146	92	162	20	0	1472	90	0	392
147	135	167	-10	0	1514	90	732	0
148	300	132	-10	459	513	90	520	0
149	93	23	10	445	513	90	0	580
150	236	210	-20	0	1549	90	162	0
151	41	56	-20	0	1372	90	710	0
152	114	250	-20	1000	1074	90	427	0
153	161	233	30	0	1535	90	0	99
154	344	283	20	0	1420	90	0	228
155	346	385	10	0	1351	90	0	540
156	129	278	-20	0	1481	90	397	0
157	238	101	-20	0	1480	90	760	0
158	127	87	-10	0	1452	90	763	0
159	185	299	-20	0	1486	90	630	0
160	37	56	-10	0	1369	90	284	0
161	55	357	10	462	509	90	0	65
162	272	154	20	0	1501	90	0	150
163	158	283	10	0	1493	90	0	725
164	298	137	-10	0	1470	90	637	0
165	266	116	10	650	717	0	0	807
166	306	329	20	0	1420	90	0	502
167	302	203	30	0	1484	0	0	813
168	115	257	-10	0	1484	90	796	0
169	329	241	20	300	363	90	0	323
170	362	28	10	0	1350	90	0	683
171	53	347	20	0	1379	90	0	365
172	345	178	-20	0	1440	90	312	0
173	244	106	40	0	1483	90	0	572
174	149	234	-30	0	1525	90	511	0
175	84	359	-10	0	1390	90	248	0
176	243	244	30	61	126	90	0	338
177	122	281	20	0	1474	90	0	297
178	68	263	-20	0	1440	90	663	0
179	84	363	20	265	323	90	0	699
180	68	254	20	0	1444	90	0	745
181	32	357	-30	0	1357	90	113	0
182	314	390	10	0	1365	90	0	136
183	393	312	30	0	1363	90	0	529
184	82	365	30	0	1384	90	0	557
185	276	157	-20	0	1499	90	422	0
186	179	134	-30	0	1517	90	798	0
187	106	177	-10	440	489	90	525	0
188	140	264	20	421	485	90	0	357
189	172	383	20	0	1401	90	0	442
190	347	45	-10	0	1373	90	514	0
191	305	198	-20	0	1481	90	271	0
192	100	175	10	0	1483	90	0	277
193	168	178	-10	0	1548	90	364	0
194	177	379	-30	0	1406	90	238	0
195	280	290	20	271	335	90	0	67
196	165	63	10	0	1445	90	0	704
197	308	393	30	378	433	90	0	712
198	243	106	10	529	588	90	0	224
199	210	141	20	215	280	90	0	237
200	366	251	20	0	1413	0	0	805
201	131	131	10	0	1489	90	0	376
202	129	134	-20	0	1490	90	352	0
203	369	19	10	0	1339	90	0	102
204	153	280	20	0	1494	90	0	219
205	91	70	20	0	1417	0	0	830
206	328	239	10	0	1453	90	0	504
207	131	127	-10	0	1486	90	355	0
208	230	241	10	0	1536	90	0	496
209	20	204	-30	328	393	90	469	0
210	116	181	-30	1168	1224	90	236	0
211	371	244	20	0	1410	90	0	98
212	182	300	-10	0	1485	90	382	0
213	49	291	-20	0	1410	90	322	0
214	76	206	10	749	807	90	0	80
215	37	286	-10	0	1402	90	655	0
216	349	275	10	0	1420	90	0	590
217	21	104	30	203	254	90	0	404
218	17	96	10	0	1376	90	0	735
219	126	284	-20	734	783	90	204	0
220	154	288	-30	0	1487	90	568	0
221	129	85	-20	0	1451	90	398	0
222	199	290	10	90	142	90	0	632
223	198	295	20	598	681	90	0	21
224	237	109	-10	990	1060	90	198	0
225	385	55	-40	0	1351	90	503	0
226	101	239	10	106	166	0	0	817
227	54	348	-20	1206	1266	90	348	0
228	250	236	-20	0	1525	90	154	0
229	65	298	-10	1355	1415	90	700	0
230	57	291	-20	979	1034	90	474	0
231	230	225	-10	0	1547	90	476	0
232	200	83	10	0	1469	90	0	46
233	328	243	-10	0	1451	90	575	0
234	188	133	-20	0	1518	90	109	0
235	88	150	-20	0	1464	90	697	0
236	113	183	30	785	865	90	0	210
237	209	85	-20	0	1471	90	199	0
238	174	375	30	0	1410	90	0	194
239	281	16	-20	1020	1058	90	17	0
240	87	155	-10	0	1465	90	360	0
241	85	67	10	0	1411	90	0	71
242	125	95	10	0	1457	0	0	812
243	235	212	-20	0	1549	90	578	0
244	153	281	10	0	1493	90	0	385
245	347	385	-20	0	1350	90	673	0
246	156	111	20	632	704	90	0	325
247	302	60	-20	0	1413	90	396	0
248	75	368	10	0	1377	90	0	175
249	207	381	20	181	232	90	0	395
250	38	49	-10	741	793	90	409	0
251	110	254	20	0	1482	90	0	690
252	102	252	-20	0	1476	90	781	0
253	220	288	20	0	1496	90	0	778
254	295	19	30	204	260	90	0	457
255	344	176	10	0	1441	90	0	545
256	188	338	-20	0	1448	90	538	0
257	167	174	-20	0	1544	90	79	0
258	318	219	-20	0	1467	90	391	0
259	281	291	40	0	1465	90	0	533
260	96	69	10	0	1419	90	0	634
261	314	396	-30	0	1360	90	564	0
262	97	242	-20	552	598	90	779	0
263	27	251	10	0	1406	90	0	402
264	166	170	-20	0	1541	90	336	0
265	157	283	20	0	1493	90	0	267
266	236	204	-30	0	1550	90	424	0
267	177	300	-20	0	1484	90	265	0
268	75	206	-10	0	1461	90	353	0
269	151	111	20	0	1485	90	0	600
270	74	253	-20	0	1450	90	770	0
271	350	182	20	599	645	90	0	191
272	360	46	-10	943	990	90	555	0
273	369	107	-10	0	1394	90	69	0
274	109	186	-20	0	1494	90	626	0
275	286	308	-30	0	1448	90	359	0
276	222	284	10	0	1500	90	0	22
277	93	149	-10	0	1468	90	192	0
278	152	237	10	0	1526	90	0	358
279	152	109	30	0	1484	0	0	815
280	357	160	-10	0	1424	90	52	0
281	395	310	-10	0	1363	90	110	0
282	179	338	-30	845	923	90	792	0
283	243	104	-20	0	1481	90	401	0
284	40	53	10	0	1369	90	0	160
285	70	256	-30	0	1445	90	711	0
286	396	59	20	0	1345	90	0	721
287	103	171	-10	816	858	90	706	0
288	79	154	-20	0	1457	90	460	0
289	370	104	10	717	785	0	0	818
290	110	188	-10	0	1496	90	423	0
291	73	213	10	0	1459	90	0	669
292	85	44	20	0	1393	90	0	531
293	361	39	30	0	1359	90	0	681
294	344	49	-20	0	1378	90	122	0
295	48	326	-30	0	1389	90	579	0
296	344	280	-30	786	853	90	522	0
297	54	285	-20	0	1418	90	177	0
298	233	214	10	0	1551	0	0	820
299	197	293	-20	0	1493	90	370	0
300	21	201	-20	421	486	90	530	0
301	78	246	-30	0	1456	90	436	0
302	31	353	20	284	351	90	0	727
303	52	295	10	605	668	90	0	380
304	277	285	-10	0	1472	90	777	0
305	393	306	-20	0	1366	90	544	0
306	268	114	-30	570	611	90	68	0
307	219	377	-30	0	1408	90	30	0
308	99	16	-10	0	1377	90	497	0
309	51	354	-10	0	1372	90	41	0
310	353	276	10	0	1416	0	0	803
311	217	286	-20	0	1499	90	418	0
312	359	178	20	489	555	90	0	172
313	78	251	10	383	433	90	0	373
314	62	258	-20	0	1437	90	490	0
315	237	247	-20	0	1527	90	464	0
316	310	196	-10	0	1476	90	439	0
317	24	96	10	0	1382	90	0	84
318	128	68	-30	673	737	90	593	0
319	383	273	10	0	1389	90	0	667
320	362	272	30	0	1409	90	0	628
321	245	106	-20	0	1482	90	466	0
322	39	285	20	0	1404	90	0	213
323	327	242	-20	679	726	90	169	0
324	127	279	-40	0	1479	90	475	0
325	162	69	-20	1124	1198	90	246	0
326	237	108	20	0	1487	0	0	832
327	129	288	-10	0	1473	90	788	0
328	306	303	10	0	1439	90	0	688
329	122	183	20	0	1507	90	0	394
330	348	179	20	0	1437	90	0	119
331	127	286	-20	0	1474	90	629	0
332	382	266	30	721	800	90	0	640
333	222	383	-20	336	401	90	744	0
334	209	150	-10	593	642	90	339	0
335	308	296	-30	0	1442	90	369	0
336	161	182	20	479	542	90	0	264
337	340	388	10	1051	1104	0	0	831
338	253	243	-30	399	463	90	176	0
339	181	134	10	501	554	90	0	334
340	342	384	-20	0	1354	90	613	0
341	301	58	-30	324	386	90	381	0
342	90	53	40	242	305	90	0	493
343	131	132	10	0	1490	90	0	653
344	60	328	-20	0	1397	90	103	0
345	281	155	-30	0	1494	90	549	0
346	369	100	30	357	398	90	0	143
347	358	23	20	0	1349	90	0	415
348	53	353	20	0	1374	90	0	227
349	26	247	-20	0	1406	90	453	0
350	234	243	-20	0	1532	90	753	0
351	76	251	-20	562	621	90	635	0
352	172	178	20	35	103	90	0	202
353	74	201	10	555	630	90	0	268
354	174	387	20	0	1398	90	0	33
355	161	63	10	0	1444	90	0	207
356	317	335	-10	0	1408	90	617	0
357	140	260	-20	790	851	90	188	0
358	52	292	-10	0	1412	90	278	0
359	290	311	30	0	1444	90	0	275
360	89	154	10	0	1466	90	0	240
361	130	279	-10	0	1481	90	675	0
362	273	12	-20	0	1385	90	551	0
363	147	283	-20	808	859	90	521	0
364	135	134	10	0	1494	90	0	193
365	49	352	-20	0	1372	90	171	0
366	195	91	20	0	1477	90	0	118
367	105	250	30	0	1479	90	0	13
368	159	367	40	226	299	90	0	686
369	304	297	30	142	203	90	0	335
370	197	292	20	0	1494	90	0	299
371	300	144	10	0	1472	90	0	605
372	158	239	20	0	1529	90	0	691
373	69	245	-10	0	1448	90	313	0
374	195	294	10	0	1492	90	0	43
375	356	274	30	0	1414	90	0	452
376	133	137	-10	903	964	90	201	0
377	91	150	-20	0	1467	90	800	0
378	46	292	30	179	223	90	0	598
379	203	88	-10	0	1474	90	772	0
380	55	291	-10	0	1415	90	303	0
381	299	58	30	0	1413	90	0	341
382	158	364	10	704	748	90	0	212
383	86	47	-20	0	1396	90	454	0
384	72	210	-10	0	1458	90	671	0
385	132	279	-10	0	1482	90	244	0
386	128	94	-10	0	1458	90	754	0
387	39	56	10	0	1370	90	0	541
388	39	54	-10	0	1369	90	140	0
389	203	388	-30	0	1398	90	761	0
390	92	26	20	0	1382	90	0	764
391	321	217	20	460	527	90	0	258
392	111	165	-20	0	1491	90	146	0
393	232	232	20	0	1541	90	0	494
394	155	202	-20	0	1541	90	329	0
395	201	387	-20	721	765	90	249	0
396	303	59	20	0	1412	90	0	247
397	131	283	20	0	1479	90	0	156
398	131	95	20	187	244	90	0	221
399	73	250	10	0	1450	90	0	64
400	150	236	-30	0	1525	90	111	0
401	278	7	20	0	1378	90	0	283
402	33	247	-10	0	1413	90	263	0
403	234	203	-30	0	1552	90	776	0
404	22	96	-30	0	1380	90	217	0
405	180	387	10	0	1398	90	0	90
406	287	307	10	851	910	0	0	819
407	129	98	-10	0	1462	90	29	0
408	127	90	-10	0	1454	90	74	0
409	39	48	10	0	1365	90	0	250
410	316	336	-20	0	1408	90	417	0
411	128	95	-30	1117	1172	90	61	0
412	370	98	20	0	1388	90	0	692
413	90	26	30	0	1381	90	0	499
414	204	381	10	0	1405	90	0	774
415	363	24	-20	0	1347	90	347	0
416	277	163	10	705	777	90	0	749
417	315	341	20	0	1405	90	0	410
418	222	283	20	0	1501	90	0	311
419	109	167	10	0	1490	90	0	651
420	124	69	-20	770	829	90	736	0
421	41	297	10	0	1400	0	0	829
422	302	136	20	551	609	90	0	185
423	108	186	10	0	1493	90	0	290
424	321	209	30	121	186	90	0	266
425	92	155	20	0	1469	90	0	518
426	108	250	-20	900	982	90	60	0
427	100	243	20	0	1478	90	0	152
428	113	184	-30	0	1498	90	619	0
429	211	147	30	0	1532	90	0	771
430	41	52	30	551	612	0	0	806
431	25	118	-20	1009	1064	90	730	0
432	94	31	10	0	1387	90	0	751
433	87	365	20	0	1387	90	0	631
434	300	62	20	0	1416	90	0	563
435	34	385	-30	0	1338	90	517	0
436	83	248	30	195	248	90	0	301
437	186	304	-20	0	1482	90	664	0
438	317	331	10	806	858	90	0	677
439	348	176	10	0	1437	90	0	316
440	211	154	10	0	1539	90	0	794
441	298	138	-20	0	1471	90	648	0
442	182	378	-20	0	1408	90	189	0
443	100	6	-30	0	1368	90	787	0
444	279	12	20	0	1383	90	0	36
445	308	396	10	467	530	90	0	682
446	275	287	-30	0	1472	90	139	0
447	363	267	10	521	570	0	0	825
448	104	171	-10	717	776	90	129	0
449	391	271	-10	0	1383	90	451	0
450	320	216	20	0	1465	90	0	12
451	389	271	10	268	319	90	0	449
452	349	272	-30	0	1421	90	375	0
453	28	246	20	241	295	90	0	349
454	92	46	20	0	1398	90	0	383
455	24	93	-20	0	1381	90	83	0
456	307	59	-10	889	944	90	695	0
457	293	15	-30	0	1379	90	254	0
458	300	299	-10	0	1446	90	765	0
459	272	161	20	0	1505	90	0	652
460	24	121	20	0	1394	90	0	288
461	152	263	20	79	139	90	0	91
462	156	367	10	428	474	90	0	791
463	48	361	-20	0	1365	90	465	0
464	280	283	20	827	886	90	0	315
465	31	357	20	0	1356	90	0	463
466	275	12	20	0	1384	90	0	321
467	264	112	20	0	1478	90	0	25
468	58	346	-20	0	1383	90	739	0
469	21	204	30	236	302	90	0	209
470	295	307	20	290	358	90	0	131
471	72	253	20	138	188	90	0	135
472	111	179	10	0	1495	90	0	26
473	336	387	-10	954	1013	90	480	0
474	58	294	20	0	1416	90	0	230
475	84	360	40	0	1389	90	0	324
476	278	159	10	610	683	90	0	231
477	98	28	20	0	1387	90	0	576
478	346	155	20	787	837	90	0	501
479	295	16	20	0	1379	90	0	790
480	337	388	10	0	1354	90	0	473
481	182	338	-40	0	1447	90	495	0
482	308	389	20	0	1369	0	0	809
483	392	307	20	0	1367	90	0	566
484	34	289	-20	619	682	90	87	0
485	342	385	-10	0	1353	90	562	0
486	43	386	10	0	1343	90	0	121
487	227	231	-10	0	1545	90	768	0
488	302	392	20	0	1369	90	0	58
489	221	281	20	0	1503	90	0	498
490	60	293	20	0	1418	90	0	314
491	177	137	30	129	185	90	0	676
492	157	281	10	0	1495	90	0	672
493	90	54	-40	0	1404	90	342	0
494	232	234	-20	0	1540	90	393	0
495	189	306	40	623	685	90	0	481
496	229	237	-10	0	1539	90	208	0
497	126	70	10	0	1437	90	0	308
498	230	290	-20	0	1492	90	489	0
499	99	7	-30	0	1369	90	413	0
500	171	179	-10	0	1551	90	743	0
501	346	163	-20	0	1436	90	478	0
502	313	334	-20	0	1411	90	166	0
503	382	54	40	0	1353	90	0	225
504	329	236	-10	0	1453	90	206	0
505	335	47	30	0	1382	90	0	548
506	17	125	20	0	1389	90	0	639
507	305	306	20	0	1437	90	0	144
508	356	41	20	0	1364	90	0	724
509	89	51	-10	0	1401	90	82	0
510	47	328	-30	0	1387	90	24	0
511	117	187	30	0	1502	90	0	174
512	391	54	-10	843	915	90	680	0
513	299	141	10	0	1471	90	0	18
514	336	42	10	463	501	90	0	190
515	109	252	-10	0	1482	90	750	0
516	324	216	20	0	1461	90	0	622
517	40	380	30	0	1346	90	0	435
518	86	154	-20	0	1464	90	425	0
519	225	288	20	324	399	90	0	532
520	294	136	10	0	1473	90	0	148
521	154	284	20	0	1491	90	0	363
522	361	269	30	0	1411	90	0	296
523	181	339	-20	0	1446	90	740	0
524	257	239	10	0	1517	90	0	130
525	119	179	10	0	1503	90	0	187
526	346	48	-20	0	1376	90	797	0
527	238	250	-10	0	1524	90	733	0
528	95	64	-10	0	1415	90	641	0
529	389	307	-30	0	1369	90	183	0
530	22	205	20	0	1408	90	0	300
531	89	48	-20	0	1398	90	292	0
532	217	289	-20	725	775	90	519	0
533	280	288	-40	0	1468	90	259	0
534	389	306	30	1117	1176	0	0	824
535	97	248	-10	0	1473	90	714	0
536	55	324	10	0	1396	90	0	756
537	56	289	10	0	1417	90	0	547
538	187	338	20	0	1448	90	0	256
539	366	39	20	0	1355	90	0	53
540	339	384	-10	0	1356	90	155	0
541	40	56	-10	1215	1271	90	387	0
542	46	380	-10	0	1350	90	44	0
543	351	177	10	0	1434	90	0	48
544	393	297	20	0	1370	90	0	305
545	351	176	-10	0	1434	90	255	0
546	249	242	20	0	1522	90	0	587
547	63	262	-10	0	1436	90	537	0
548	346	53	-30	923	985	90	505	0
549	297	135	30	356	426	90	0	345
550	12	117	20	727	773	90	0	554
551	279	4	20	728	783	90	0	362
552	291	308	30	663	728	90	0	643
553	157	102	30	0	1479	90	0	34
554	15	116	-20	0	1383	90	550	0
555	364	43	10	0	1359	90	0	272
556	242	113	-20	0	1490	90	559	0
557	82	360	-30	0	1388	90	184	0
558	133	68	20	409	451	0	0	808
559	274	14	20	0	1386	90	0	556
560	34	242	30	0	1415	90	0	614
561	331	251	-20	0	1446	90	715	0
562	344	391	10	0	1347	90	0	485
563	301	66	-20	0	1419	90	434	0
564	309	397	30	0	1361	90	0	261
565	213	271	-20	0	1514	90	78	0
566	397	313	-20	842	887	90	483	0
567	348	280	-10	0	1418	90	785	0
568	150	284	30	0	1489	90	0	220
569	172	180	-10	0	1552	90	585	0
570	132	159	10	0	1507	90	0	717
571	376	254	20	0	1402	90	0	39
572	242	105	-40	615	685	90	173	0
573	383	53	10	0	1352	90	0	746
574	276	116	50	113	163	90	0	597
575	322	242	10	0	1457	90	0	233
576	134	63	-20	0	1434	90	477	0
577	158	206	20	99	167	90	0	95
578	237	213	20	0	1547	90	0	243
579	52	334	30	0	1387	90	0	295
580	101	10	-10	1114	1157	90	149	0
581	52	331	-20	0	1389	90	661	0
582	17	209	-10	0	1403	90	32	0
583	102	67	20	165	231	90	0	696
584	321	339	10	0	1402	90	0	23
585	167	180	10	0	1548	90	0	569
586	29	250	-20	0	1408	90	769	0
587	254	240	-20	0	1519	90	546	0
588	371	253	30	698	769	90	0	719
589	203	384	-20	997	1040	90	4	0
590	350	271	-10	0	1421	90	216	0
591	114	178	-10	0	1498	90	134	0
592	186	306	10	721	774	90	0	100
593	137	64	30	0	1437	90	0	318
594	393	305	-10	368	441	90	126	0
595	215	143	-20	0	1528	90	125	0
596	256	231	-20	0	1522	90	647	0
597	267	112	-50	0	1476	90	574	0
598	33	293	-30	0	1395	90	378	0
599	94	70	30	0	1419	90	0	611
600	166	67	-20	0	1449	90	269	0
601	164	66	-20	0	1448	90	670	0
602	183	332	-20	0	1453	90	723	0
603	73	203	20	476	525	90	0	762
604	232	230	20	569	636	90	0	656
605	345	158	-10	874	936	90	371	0
606	360	23	-30	379	460	90	5	0
607	142	262	-40	0	1502	90	722	0
608	353	164	20	0	1429	90	0	132
609	129	67	-30	0	1436	90	720	0
610	308	204	-20	0	1478	90	738	0
611	82	65	-30	701	763	90	599	0
612	210	144	10	0	1530	90	0	636
613	341	394	20	0	1347	90	0	340
614	26	250	-30	0	1405	90	560	0
615	148	112	-30	0	1484	90	10	0
616	177	138	40	0	1520	90	0	773
617	313	340	10	0	1407	90	0	356
618	240	210	-10	837	908	90	674	0
619	75	208	30	0	1461	90	0	428
620	293	306	-20	0	1445	90	145	0
621	372	256	-20	0	1406	90	625	0
622	324	217	-20	0	1461	90	516	0
623	282	282	-30	0	1471	90	718	0
624	374	104	-20	0	1388	90	14	0
625	376	251	20	0	1403	90	0	621
626	156	207	20	0	1542	90	0	274
627	183	375	-20	0	1411	90	127	0
628	364	267	-30	427	481	90	320	0
629	129	293	20	0	1469	90	0	331
630	220	296	20	0	1488	90	0	159
631	75	367	-20	0	1378	90	433	0
632	196	295	-10	0	1491	90	222	0
633	97	6	-20	822	893	90	747	0
634	93	51	-10	1170	1233	90	260	0
635	95	243	20	0	1473	90	0	351
636	206	81	-10	0	1467	90	612	0
637	357	39	10	0	1362	90	0	164
638	358	266	-10	700	765	90	133	0
639	16	120	-20	623	687	90	506	0
640	374	253	-30	0	1405	90	332	0
641	99	67	10	0	1419	90	0	528
642	99	28	20	0	1387	90	0	662
643	289	306	-30	766	811	90	552	0
644	210	271	20	0	1515	90	0	6
645	21	125	10	0	1392	90	0	789
646	359	30	-40	0	1354	90	693	0
647	327	241	20	0	1453	90	0	596
648	361	44	20	0	1362	90	0	441
649	211	266	10	0	1520	0	0	826
650	29	59	-20	0	1365	90	780	0
651	132	170	-10	0	1512	90	419	0
652	310	143	-20	0	1463	90	459	0
653	139	161	-10	0	1514	90	343	0
654	97	29	20	0	1387	90	0	142
655	35	291	10	0	1398	90	0	215
656	227	240	-20	0	1538	90	604	0
657	175	299	20	0	1484	0	0	828
658	227	229	-10	0	1547	90	49	0
659	303	58	10	701	761	90	0	76
660	203	387	-20	0	1399	90	45	0
661	53	326	20	253	315	90	0	581
662	96	14	-20	0	1373	90	642	0
663	66	254	20	0	1442	90	0	178
664	214	378	20	0	1408	90	0	437
665	41	382	-20	0	1345	90	757	0
666	96	237	-40	0	1476	90	729	0
667	388	267	-10	639	690	90	319	0
668	263	110	-20	0	1477	90	75	0
669	79	209	-10	0	1465	90	291	0
670	168	62	20	0	1445	90	0	601
671	76	207	10	0	1462	90	0	384
672	157	282	-10	0	1494	90	492	0
673	345	382	20	232	289	90	0	245
674	308	196	10	0	1478	90	0	618
675	130	286	10	0	1476	90	0	361
676	176	132	-30	0	1514	90	491	0
677	313	335	-10	0	1410	90	438	0
678	164	62	10	0	1444	90	0	684
679	338	391	-10	0	1351	90	782	0
680	390	52	10	0	1346	90	0	512
681	355	39	-30	0	1363	90	293	0
682	309	399	-10	0	1360	90	445	0
683	363	30	-10	954	1015	90	170	0
684	162	61	-10	750	820	90	678	0
685	129	132	-20	719	773	90	85	0
686	179	305	-40	0	1479	90	368	0
687	207	391	10	0	1395	90	0	707
688	305	304	-10	0	1439	90	328	0
689	22	210	20	0	1408	90	0	793
690	114	254	-20	0	1485	90	251	0
691	208	274	-20	0	1512	90	372	0
692	349	157	-20	0	1431	90	412	0
693	364	25	40	0	1347	90	0	646
694	391	269	-10	544	598	90	70	0
695	244	114	10	96	155	90	0	456
696	95	63	-20	420	468	90	583	0
697	23	97	20	1105	1168	90	0	235
698	32	352	30	0	1360	90	0	57
699	86	357	-20	0	1392	90	179	0
700	51	326	10	0	1391	90	0	229
701	220	283	10	0	1501	0	0	814
702	87	153	-20	0	1464	90	114	0
703	299	52	-10	0	1408	90	128	0
704	129	124	-10	0	1482	90	196	0
705	93	237	-10	0	1473	90	81	0
706	142	168	10	0	1520	90	0	287
707	204	385	-10	0	1401	90	687	0
708	301	139	30	0	1469	90	0	19
709	197	300	10	0	1486	0	0	822
710	44	54	20	0	1373	90	0	151
711	70	264	30	679	724	90	0	285
712	311	395	-30	0	1362	90	197	0
713	229	209	20	0	1556	90	0	141
714	84	252	10	0	1459	90	0	535
715	323	243	20	761	833	90	0	561
716	251	241	-20	0	1521	90	115	0
717	103	167	-10	0	1484	90	570	0
718	308	301	30	303	360	90	0	623
719	367	255	-30	0	1411	90	588	0
720	131	67	30	0	1437	90	0	609
721	386	60	-20	1042	1110	90	286	0
722	151	264	40	152	190	90	0	607
723	186	336	20	0	1450	90	0	602
724	359	49	-20	0	1367	90	508	0
725	154	282	-10	436	480	90	163	0
726	150	108	10	259	318	90	0	106
727	28	353	-20	0	1356	90	302	0
728	93	48	10	0	1401	90	0	731
729	156	206	40	0	1542	90	0	666
730	11	115	20	0	1379	90	0	431
731	93	47	-10	0	1400	90	728	0
732	138	168	10	135	185	90	0	147
733	280	287	10	0	1468	90	0	527
734	268	160	-20	0	1508	90	56	0
735	20	91	-10	0	1376	90	218	0
736	134	62	20	211	276	90	0	420
737	147	264	20	241	288	90	0	20
738	307	196	20	170	225	90	0	610
739	49	351	20	0	1373	90	0	468
740	160	366	20	0	1416	90	0	523
741	154	206	30	288	347	0	0	804
742	156	63	10	942	1001	90	0	42
743	168	177	10	0	1547	90	0	500
744	220	381	20	0	1404	90	0	333
745	68	261	-20	766	824	90	180	0
746	389	54	-10	0	1348	90	573	0
747	96	8	20	0	1368	90	0	633
748	126	161	20	414	482	90	0	11
749	231	219	-10	0	1550	90	416	0
750	114	252	10	163	219	90	0	515
751	89	29	-10	0	1383	90	432	0
752	355	156	20	0	1425	0	0	827
753	236	243	20	0	1530	90	0	350
754	127	94	10	0	1458	90	0	386
755	176	342	-30	0	1442	90	55	0
756	62	301	-10	1266	1315	90	536	0
757	41	378	20	0	1348	90	0	665
758	34	355	30	0	1359	90	0	3
759	183	301	-20	0	1484	90	63	0
760	277	19	20	0	1390	90	0	157
761	211	389	30	0	1397	90	0	389
762	115	185	-20	0	1500	90	603	0
763	133	94	10	0	1461	90	0	158
764	98	13	-20	0	1373	90	390	0
765	306	306	10	0	1437	90	0	458
766	85	358	-10	1020	1065	90	66	0
767	93	59	20	0	1409	90	0	97
768	282	283	10	0	1470	90	0	487
769	25	256	20	0	1403	90	0	586
770	76	250	20	0	1453	90	0	270
771	212	146	-30	0	1531	90	429	0
772	202	85	10	0	1471	90	0	379
773	178	133	-40	0	1516	90	616	0
774	204	292	-10	0	1494	90	414	0
775	39	384	-10	0	1342	90	47	0
776	321	212	30	178	250	90	0	403
777	239	254	10	0	1520	90	0	304
778	206	296	-20	893	956	90	253	0
779	116	252	20	98	153	90	0	262
780	33	56	20	0	1366	90	0	650
781	67	258	20	0	1441	90	0	252
782	347	395	10	575	643	90	0	679
783	310	200	30	0	1476	90	0	59
784	163	63	-10	0	1445	90	7	0
785	348	279	10	0	1419	90	0	567
786	106	174	-20	0	1489	90	27	0
787	95	8	30	0	1368	90	0	443
788	129	287	10	0	1474	90	0	327
789	19	127	-10	0	1391	90	645	0
790	286	17	-20	656	698	90	479	0
791	158	365	-10	605	664	90	462	0
792	223	372	30	0	1413	90	0	282
793	75	203	-20	0	1461	90	689	0
794	207	87	-10	0	1473	90	440	0
795	19	206	20	0	1405	0	0	811
796	49	289	10	0	1411	90	0	168
797	335	50	20	0	1385	90	0	526
798	181	132	30	0	1516	90	0	186
799	18	208	-10	0	1404	90	107	0
800	89	152	20	0	1466	90	0	377
801	32	251	-20	0	1411	90	9	0
802	23	98	-10	1201	1254	90	105	0
803	353	276	-10	0	1416	90	310	0
804	154	206	-30	288	347	90	741	0
805	366	251	-20	0	1413	90	200	0
806	41	52	-30	551	612	90	430	0
807	266	116	-10	650	717	90	165	0
808	133	68	-20	409	451	90	558	0
809	308	389	-20	0	1369	90	482	0
810	134	279	-30	0	1484	90	117	0
811	19	206	-20	0	1405	90	795	0
812	125	95	-10	0	1457	90	242	0
813	302	203	-30	0	1484	90	167	0
814	220	283	-10	0	1501	90	701	0
815	152	109	-30	0	1484	90	279	0
816	277	154	-20	430	485	90	93	0
817	101	239	-10	106	166	90	226	0
818	370	104	-10	717	785	90	289	0
819	287	307	-10	851	910	90	406	0
820	233	214	-10	0	1551	90	298	0
821	200	89	-30	0	1475	90	124	0
822	197	300	-10	0	1486	90	709	0
823	142	260	-20	0	1503	90	37	0
824	389	306	-30	1117	1176	90	534	0
825	363	267	-10	521	570	90	447	0
826	211	266	-10	0	1520	90	649	0
827	355	156	-20	0	1425	90	752	0
828	175	299	-20	0	1484	90	657	0
829	41	297	-10	0	1400	90	421	0
830	91	70	-20	0	1417	90	205	0
831	340	388	-10	1051	1104	90	337	0
832	237	108	-20	0	1487	90	326	0
