250	200	1
0	250	250	0	0	1821	0	0	0
1	440	436	18	832	982	10	0	802
2	214	394	10	171	321	10	0	734
3	476	483	-20	324	474	10	200	0
4	352	487	-22	842	992	10	277	0
5	230	197	40	62	212	10	0	248
6	175	239	-10	75	225	10	374	0
7	133	202	-22	401	551	10	199	0
8	328	458	-10	708	858	10	82	0
9	25	499	-30	385	535	10	318	0
10	226	423	-20	174	324	10	440	0
11	313	282	20	103	253	10	0	983
12	60	454	10	287	437	10	0	157
13	239	486	-20	1422	1572	10	465	0
14	102	264	-10	148	298	10	955	0
15	408	452	-10	256	406	10	297	0
16	451	62	5	275	425	10	0	365
17	203	390	-20	147	297	10	311	0
18	92	233	10	164	314	10	0	614
19	7	300	30	285	435	10	0	535
20	409	90	20	225	375	10	0	445
21	307	108	10	177	327	10	0	325
22	347	54	10	235	385	10	0	553
23	406	87	10	253	403	10	0	769
24	371	332	14	470	620	10	0	826
25	116	466	-10	254	404	10	847	0
26	441	265	40	191	341	10	0	215
27	130	140	17	162	312	10	0	137
28	80	117	24	764	914	10	0	759
29	421	387	-17	741	891	10	931	0
30	83	300	-10	440	590	10	618	0
31	136	52	10	233	383	10	0	310
32	18	462	-32	338	488	10	812	0
33	390	120	-9	944	1094	10	477	0
34	188	119	-15	915	1065	10	730	0
35	467	114	10	316	466	10	0	331
36	440	292	-11	880	1030	10	794	0
37	268	400	20	183	333	10	0	324
38	391	202	14	148	298	10	0	390
39	377	432	-6	771	921	10	498	0
40	80	290	-30	174	324	10	805	0
41	439	15	-10	301	451	10	167	0
42	307	52	-27	860	1010	10	470	0
43	111	192	-10	1139	1289	10	408	0
44	131	56	-40	227	377	10	885	0
45	88	286	10	192	342	10	0	302
46	69	414	-4	1203	1353	10	348	0
47	41	232	16	209	359	10	0	688
48	323	77	-30	1345	1495	10	676	0
49	340	416	36	261	411	10	0	807
50	86	199	23	218	368	10	0	145
51	314	124	20	171	321	10	0	235
52	375	191	-30	138	288	10	162	0
53	226	175	23	1583	1733	10	0	317
54	242	106	28	1208	1358	10	0	765
55	417	417	10	272	422	10	0	473
56	419	459	-10	268	418	10	582	0
57	389	11	-9	276	426	10	908	0
58	450	416	-15	517	667	10	194	0
59	246	255	-30	53	203	10	779	0
60	71	333	-20	197	347	10	845	0
61	105	474	27	411	561	10	0	697
62	20	489	-10	331	481	10	624	0
63	388	331	20	160	310	10	0	758
64	92	259	-20	339	489	10	160	0
65	200	261	10	106	256	10	0	868
66	400	288	30	154	304	10	0	216
67	299	285	-29	1194	1344	10	70	0
68	378	199	-10	147	297	10	602	0
69	325	147	-18	1127	1277	10	502	0
70	421	386	29	764	914	10	0	67
71	404	447	20	250	400	10	0	910
72	412	478	7	900	1050	10	0	460
73	26	67	-30	1257	1407	10	914	0
74	358	183	20	174	324	10	0	883
75	30	302	10	226	376	10	0	382
76	176	470	-20	487	637	10	996	0
77	96	270	-20	155	305	10	818	0
78	243	408	-10	1374	1524	10	549	0
79	60	29	32	1303	1453	10	0	156
80	34	169	-20	424	574	10	627	0
81	407	280	10	159	309	10	0	693
82	277	403	10	155	305	10	0	8
83	498	456	27	1339	1489	0	0	1003
84	384	491	20	288	438	10	0	680
85	355	174	-11	655	805	10	429	0
86	97	288	-17	1224	1374	10	817	0
87	316	284	20	74	224	10	0	224
88	334	403	26	174	324	10	0	656
89	415	223	-10	245	395	10	731	0
90	230	320	-5	1132	1282	10	442	0
91	432	199	7	579	729	10	0	191
92	92	18	-32	1064	1214	10	687	0
93	273	300	-20	55	205	10	659	0
94	269	112	-23	1203	1353	10	667	0
95	429	389	18	364	514	10	0	432
96	371	71	21	227	377	10	0	236
97	5	297	-20	271	421	10	615	0
98	414	378	-30	435	585	10	537	0
99	38	15	3	1031	1181	10	0	151
100	2	295	-10	252	402	10	421	0
101	237	254	-10	23	173	10	871	0
102	54	445	10	276	426	10	0	664
103	382	110	24	1052	1202	10	0	531
104	438	488	18	303	453	10	0	290
105	395	331	-10	166	316	10	973	0
106	230	487	20	1070	1220	10	0	622
107	249	407	-15	157	307	10	370	0
108	488	26	-10	373	523	10	969	0
109	151	81	-4	1466	1616	10	423	0
110	483	14	10	331	481	10	0	504
111	0	422	-20	761	911	10	376	0
112	429	67	16	672	822	10	0	620
113	195	464	20	1441	1591	0	0	1016
114	356	256	19	106	256	10	0	481
115	264	180	33	1590	1740	0	0	1040
116	94	235	-10	156	306	10	355	0
117	474	96	30	271	421	10	0	998
118	268	52	10	246	396	10	0	568
119	44	440	24	729	879	10	0	182
120	7	382	-14	710	860	10	496	0
121	459	53	20	1062	1212	10	0	132
122	491	25	-20	349	499	10	288	0
123	439	243	20	254	404	10	0	573
124	210	185	20	76	226	10	0	314
125	150	68	23	363	513	10	0	663
126	201	270	10	52	202	0	0	1042
127	0	188	-16	872	1022	10	988	0
128	103	464	-6	1213	1363	10	913	0
129	325	56	-10	736	886	10	819	0
130	44	344	-20	1019	1169	10	381	0
131	418	75	-10	388	538	10	638	0
132	472	57	-20	1235	1385	10	121	0
133	460	328	13	224	374	10	0	577
134	89	270	-10	162	312	10	424	0
135	374	190	20	137	287	10	0	360
136	463	253	-20	987	1137	10	486	0
137	97	93	-17	219	369	10	27	0
138	163	472	9	593	743	0	0	1014
139	29	336	22	272	422	10	0	880
140	84	453	-18	1163	1313	10	946	0
141	294	421	-29	1485	1635	10	968	0
142	343	62	10	297	447	10	0	781
143	371	193	20	133	283	10	0	806
144	142	372	18	162	312	0	0	1024
145	66	88	-23	770	920	10	50	0
146	395	332	-30	166	316	10	201	0
147	93	413	17	226	376	10	0	340
148	267	394	10	199	349	10	0	240
149	249	258	-20	67	217	10	176	0
150	472	129	10	252	402	10	0	361
151	87	3	-3	1366	1516	10	99	0
152	62	326	-20	226	376	10	334	0
153	212	186	-18	1587	1737	10	415	0
154	241	402	-40	965	1115	10	225	0
155	439	266	10	189	339	0	0	1027
156	79	80	-32	1322	1472	10	79	0
157	62	453	-10	276	426	10	12	0
158	188	151	-10	1237	1387	10	621	0
159	386	154	-13	1041	1191	10	379	0
160	38	301	20	236	386	10	0	64
161	192	265	10	64	214	10	0	872
162	371	192	30	134	284	10	0	52
163	64	294	12	1041	1191	0	0	1020
164	381	494	-10	276	426	10	681	0
165	437	12	-5	302	452	10	901	0
166	186	135	24	658	808	10	0	652
167	459	10	10	318	468	10	0	41
168	175	422	-20	1386	1536	10	220	0
169	274	48	10	203	353	10	0	849
170	488	173	-20	250	400	10	888	0
171	398	97	10	212	362	10	0	997
172	385	17	-10	749	899	10	282	0
173	180	283	23	684	834	10	0	590
174	71	12	2	297	447	10	0	942
175	343	49	-12	221	371	10	720	0
176	248	251	20	2	152	10	0	149
177	7	194	-19	891	1041	10	857	0
178	322	290	-23	1419	1569	10	398	0
179	410	399	25	218	368	10	0	897
180	398	103	30	218	368	10	0	814
181	385	285	-10	808	958	10	532	0
182	179	497	-24	1351	1501	10	119	0
183	464	13	-20	325	475	10	873	0
184	492	335	-10	768	918	10	188	0
185	27	464	-9	1231	1381	10	739	0
186	231	29	-18	1166	1316	10	558	0
187	157	38	-18	988	1138	10	333	0
188	439	268	10	238	388	10	0	184
189	149	214	7	422	572	10	0	259
190	187	73	18	232	382	10	0	543
191	429	169	-7	843	993	10	91	0
192	350	199	-27	1141	1291	10	951	0
193	60	231	-14	966	1116	10	319	0
194	448	404	15	539	689	10	0	58
195	481	20	-20	325	475	10	231	0
196	436	25	-20	1222	1372	10	242	0
197	111	459	-20	299	449	10	837	0
198	389	17	-10	306	456	10	990	0
199	148	208	22	466	616	10	0	7
200	475	477	20	345	495	10	0	3
201	390	325	30	191	341	10	0	146
202	346	354	8	757	907	10	0	284
203	91	266	10	173	323	0	0	1034
204	17	65	20	297	447	10	0	266
205	391	112	-20	940	1090	10	903	0
206	224	203	20	53	203	10	0	391
207	426	231	-10	968	1118	10	300	0
208	260	472	-35	976	1126	10	439	0
209	265	0	-14	836	986	10	564	0
210	391	293	-10	166	316	10	894	0
211	411	421	-8	255	405	10	724	0
212	132	30	20	266	416	10	0	413
213	475	480	-10	321	471	10	962	0
214	286	244	-12	1224	1374	10	384	0
215	436	237	-40	186	336	10	26	0
216	402	284	-30	155	305	10	66	0
217	287	397	-10	504	654	10	932	0
218	272	420	-7	1326	1476	10	475	0
219	477	120	-30	282	432	10	824	0
220	145	434	20	211	361	10	0	168
221	33	286	-30	1442	1592	10	243	0
222	370	262	15	1039	1189	10	0	541
223	393	20	-10	331	481	10	846	0
224	330	308	-20	1110	1260	10	87	0
225	246	398	40	148	298	10	0	154
226	482	184	14	1047	1197	10	0	648
227	451	305	-10	208	358	10	492	0
228	226	316	21	70	220	10	0	886
229	110	459	30	288	438	10	0	752
230	244	250	10	6	156	10	0	991
231	458	16	20	313	463	10	0	195
232	390	34	7	1000	1150	10	0	580
233	423	214	-20	176	326	10	891	0
234	219	215	32	46	196	10	0	959
235	326	118	-20	152	302	10	51	0
236	365	74	-21	788	938	10	96	0
237	331	356	13	652	802	10	0	597
238	210	398	-18	153	303	10	281	0
239	403	93	-10	281	431	10	321	0
240	248	404	-10	154	304	10	148	0
241	65	62	15	916	1066	10	0	921
242	460	13	20	316	466	10	0	196
243	0	293	30	253	403	10	0	221
244	211	248	26	39	189	10	0	610
245	484	174	-10	246	396	10	756	0
246	175	352	-11	1535	1685	10	785	0
247	455	168	-31	807	957	10	592	0
248	224	191	-40	64	214	10	5	0
249	439	156	-19	466	616	10	778	0
250	434	359	-10	1332	1482	10	516	0
251	118	314	-20	278	428	10	976	0
252	234	246	10	16	166	10	0	547
253	406	450	20	253	403	10	0	262
254	75	118	-30	349	499	10	788	0
255	115	395	-9	755	905	10	984	0
256	329	456	19	220	370	10	0	378
257	218	403	-10	1259	1409	10	487	0
258	149	341	6	344	494	10	0	626
259	253	74	-7	1290	1440	10	189	0
260	436	241	-20	267	417	10	971	0
261	238	203	10	48	198	10	0	344
262	405	455	-20	281	431	10	253	0
263	485	27	10	386	536	10	0	965
264	323	118	-20	150	300	10	933	0
265	330	371	-22	499	649	10	992	0
266	25	65	-20	316	466	10	204	0
267	406	96	-10	219	369	10	523	0
268	49	451	20	284	434	10	0	366
269	307	249	-24	1317	1467	10	556	0
270	178	135	21	1454	1604	0	0	1028
271	299	353	34	114	264	0	0	1018
272	236	213	20	39	189	10	0	501
273	355	177	-20	127	277	10	514	0
274	394	23	-20	344	494	10	952	0
275	306	235	25	57	207	10	0	757
276	90	477	18	277	427	10	0	335
277	379	486	22	612	762	10	0	4
278	435	16	10	307	457	10	0	546
279	8	497	-10	348	498	10	489	0
280	150	484	16	565	715	10	0	357
281	213	399	18	174	324	10	0	238
282	391	18	10	318	468	10	0	172
283	111	392	18	1109	1259	0	0	1023
284	330	281	-8	1270	1420	10	202	0
285	344	203	14	107	257	10	0	405
286	91	235	10	209	359	10	0	497
287	346	60	-10	261	411	10	1000	0
288	483	27	20	398	548	10	0	122
289	382	498	-30	280	430	10	639	0
290	457	492	-18	448	598	10	104	0
291	291	213	-30	1198	1348	10	316	0
292	154	374	-23	877	1027	10	666	0
293	225	196	10	59	209	10	0	706
294	94	40	-16	1008	1158	10	372	0
295	0	356	13	1026	1176	10	0	766
296	297	283	-30	1289	1439	10	402	0
297	371	423	10	211	361	10	0	15
298	417	217	30	170	320	10	0	801
299	500	228	8	722	872	10	0	775
300	412	214	10	165	315	10	0	207
301	442	289	25	195	345	10	0	338
302	157	269	-10	1516	1666	10	45	0
303	440	241	10	241	391	10	0	690
304	100	266	20	150	300	10	0	414
305	111	178	-35	156	306	10	508	0
306	91	101	-20	238	388	10	525	0
307	25	307	10	232	382	10	0	569
308	135	400	20	239	389	10	0	770
309	58	458	10	283	433	10	0	689
310	133	26	-10	252	402	10	31	0
311	211	386	20	141	291	10	0	17
312	94	97	-20	218	368	10	342	0
313	30	155	-10	1220	1370	10	640	0
314	208	184	-20	78	228	10	124	0
315	394	333	20	166	316	10	0	545
316	355	180	30	126	276	10	0	291
317	241	180	-23	1591	1741	10	53	0
318	21	485	30	328	478	10	0	9
319	80	251	14	244	394	10	0	193
320	476	61	36	389	539	0	0	1004
321	406	94	10	220	370	10	0	239
322	364	71	5	1288	1438	10	0	726
323	418	221	10	231	381	10	0	677
324	274	441	-20	635	785	10	37	0
325	304	97	-10	162	312	10	21	0
326	297	102	10	155	305	10	0	636
327	250	405	20	155	305	10	0	853
328	111	463	20	262	412	10	0	628
329	408	279	20	160	310	10	0	341
330	263	418	-20	218	368	10	878	0
331	480	119	-10	568	718	10	35	0
332	420	383	27	922	1072	10	0	662
333	142	14	18	775	925	10	0	187
334	73	328	20	193	343	10	0	152
335	50	438	-18	277	427	10	276	0
336	441	7	-10	332	482	10	452	0
337	462	14	20	337	487	10	0	454
338	360	294	-25	1358	1508	10	301	0
339	58	39	-26	1103	1253	10	632	0
340	58	391	-17	822	972	10	147	0
341	410	285	-20	163	313	10	329	0
342	96	97	20	217	367	10	0	312
343	21	64	-10	295	445	10	851	0
344	238	210	-10	74	224	10	261	0
345	479	121	10	262	412	10	0	784
346	200	178	-20	87	237	10	500	0
347	216	341	-10	594	744	10	507	0
348	48	437	4	744	894	10	0	46
349	200	270	20	53	203	10	0	509
350	357	181	-20	127	277	10	588	0
351	476	174	30	264	414	10	0	599
352	400	286	10	154	304	10	0	603
353	351	481	10	262	412	10	0	404
354	270	400	10	151	301	10	0	957
355	95	234	10	155	305	10	0	116
356	128	113	-25	303	453	10	388	0
357	133	455	-16	748	898	10	280	0
358	16	463	20	316	466	10	0	972
359	59	388	-19	603	753	10	642	0
360	376	190	-20	139	289	10	135	0
361	481	122	-10	264	414	10	150	0
362	266	405	20	157	307	10	0	761
363	374	232	33	125	275	10	0	956
364	398	20	20	273	423	10	0	844
365	481	26	-5	321	471	10	16	0
366	63	444	-20	320	470	10	268	0
367	89	290	-20	165	315	10	737	0
368	246	314	-21	1385	1535	10	451	0
369	40	304	-30	1085	1235	10	937	0
370	262	369	15	119	269	10	0	107
371	323	29	7	1077	1227	10	0	403
372	89	65	16	660	810	10	0	294
373	144	35	26	239	389	10	0	994
374	200	265	10	92	242	10	0	6
375	436	264	20	186	336	10	0	428
376	15	457	20	313	463	10	0	111
377	397	20	20	272	422	10	0	682
378	328	491	-19	618	768	10	256	0
379	399	175	13	687	837	10	0	159
380	432	2	-20	407	557	10	856	0
381	63	336	20	206	356	10	0	130
382	6	296	-10	260	410	10	75	0
383	146	376	8	174	324	10	0	387
384	295	247	12	1243	1393	10	0	214
385	235	33	-20	1277	1427	10	528	0
386	233	204	-10	49	199	10	695	0
387	142	360	-8	1472	1622	10	383	0
388	177	156	25	119	269	10	0	356
389	315	287	-30	88	238	10	792	0
390	452	172	-14	548	698	10	38	0
391	263	153	-20	352	502	10	206	0
392	493	493	-20	796	946	10	773	0
393	320	283	-10	77	227	10	771	0
394	64	5	-18	1069	1219	10	506	0
395	95	235	10	155	305	10	0	945
396	203	211	20	1246	1396	10	0	420
397	16	497	20	366	516	10	0	747
398	348	348	23	875	1025	10	0	178
399	485	104	-10	734	884	10	675	0
400	330	147	-10	788	938	10	767	0
401	443	237	20	193	343	10	0	600
402	316	286	30	77	227	10	0	296
403	335	46	-7	1282	1432	10	371	0
404	381	495	-10	277	427	10	353	0
405	364	173	-14	137	287	10	285	0
406	267	162	-25	1389	1539	10	584	0
407	214	245	8	36	186	10	0	993
408	92	234	10	175	325	10	0	43
409	347	459	-5	419	569	10	741	0
410	30	7	-8	1129	1279	10	717	0
411	120	37	28	715	865	10	0	526
412	397	153	29	822	972	0	0	1029
413	210	29	-20	991	1141	10	212	0
414	87	285	-20	181	331	10	304	0
415	132	32	18	724	874	10	0	153
416	390	294	20	177	327	10	0	691
417	67	451	-7	1156	1306	10	980	0
418	24	68	-10	354	504	10	816	0
419	146	439	10	215	365	10	0	860
420	209	212	-20	1468	1618	10	396	0
421	6	292	10	247	397	10	0	100
422	18	63	-10	297	447	10	881	0
423	149	98	4	1105	1255	10	0	109
424	91	268	10	185	335	10	0	134
425	103	177	-16	566	716	10	772	0
426	367	178	20	137	287	10	0	519
427	225	269	-30	1211	1361	10	838	0
428	443	246	-20	193	343	10	375	0
429	306	42	11	417	567	10	0	85
430	374	306	-12	934	1084	10	631	0
431	413	421	10	243	393	0	0	1017
432	470	405	-18	866	1016	10	95	0
433	33	278	-8	1427	1577	10	438	0
434	149	458	-25	1104	1254	10	815	0
435	257	57	-24	1166	1316	10	633	0
436	272	403	-20	154	304	10	974	0
437	221	291	9	50	200	10	0	581
438	1	101	8	1197	1347	10	0	433
439	332	459	35	309	459	10	0	208
440	220	392	20	198	348	10	0	10
441	253	50	27	200	350	10	0	810
442	250	441	5	696	846	10	0	90
443	471	484	10	321	471	10	0	949
444	480	152	26	962	1112	10	0	611
445	404	83	-20	238	388	10	20	0
446	476	94	-10	274	424	10	813	0
447	458	213	-10	1068	1218	10	768	0
448	215	395	20	182	332	10	0	657
449	85	288	20	169	319	10	0	923
450	179	75	-12	680	830	10	904	0
451	228	287	21	43	193	10	0	368
452	397	18	10	274	424	10	0	336
453	238	204	-17	47	197	10	929	0
454	488	3	-20	343	493	10	337	0
455	407	88	-20	264	414	10	861	0
456	459	14	20	315	465	10	0	829
457	120	17	-20	266	416	10	479	0
458	235	316	-20	596	746	10	679	0
459	370	382	-30	824	974	10	702	0
460	405	454	-7	1243	1393	10	72	0
461	17	458	10	373	523	10	0	783
462	43	135	31	236	386	10	0	488
463	318	497	21	794	944	10	0	893
464	199	268	20	54	204	10	0	647
465	111	467	20	257	407	10	0	13
466	138	438	20	227	377	10	0	920
467	172	314	-22	485	635	10	484	0
468	494	468	-10	327	477	10	671	0
469	35	303	20	221	371	10	0	513
470	341	59	27	730	880	10	0	42
471	423	221	-20	198	348	10	629	0
472	395	295	-30	151	301	10	960	0
473	413	417	-10	296	446	10	55	0
474	339	60	20	209	359	10	0	721
475	277	428	7	430	580	10	0	218
476	176	199	-10	89	239	10	754	0
477	265	240	9	18	168	10	0	33
478	365	190	22	1417	1567	0	0	1013
479	133	53	20	229	379	10	0	457
480	387	488	20	302	452	0	0	1011
481	385	295	-19	142	292	10	114	0
482	491	369	28	670	820	10	0	843
483	445	273	20	198	348	0	0	1005
484	195	273	22	59	209	10	0	467
485	313	493	-8	1133	1283	10	617	0
486	495	227	20	284	434	10	0	136
487	241	403	10	160	310	10	0	257
488	30	72	-31	372	522	10	462	0
489	21	487	10	329	479	10	0	279
490	324	99	-20	278	428	10	762	0
491	453	318	30	314	464	10	0	598
492	443	272	10	210	360	10	0	227
493	447	184	-37	364	514	10	672	0
494	366	288	29	624	774	0	0	1041
495	440	284	-12	792	942	10	718	0
496	13	314	14	245	395	10	0	120
497	72	227	-10	504	654	10	286	0
498	377	385	6	806	956	10	0	39
499	477	478	-30	332	482	10	999	0
500	204	185	20	103	253	10	0	346
501	226	191	-20	63	213	10	272	0
502	330	138	18	1050	1200	10	0	69
503	185	434	-30	514	664	10	839	0
504	483	22	-10	325	475	10	110	0
505	71	282	-40	582	732	10	803	0
506	60	5	18	984	1134	10	0	394
507	189	402	10	476	626	10	0	347
508	134	211	35	122	272	10	0	305
509	146	313	-20	1135	1285	10	349	0
510	21	146	-10	427	577	10	900	0
511	37	281	-10	433	583	10	684	0
512	416	417	-20	283	433	10	774	0
513	44	311	-20	347	497	10	469	0
514	361	181	20	137	287	10	0	273
515	444	242	-10	194	344	10	713	0
516	444	271	10	195	345	10	0	250
517	359	179	20	130	280	10	0	669
518	388	334	-20	161	311	10	685	0
519	401	164	-20	561	711	10	426	0
520	499	316	-29	562	712	10	928	0
521	399	106	20	242	392	10	0	841
522	425	215	10	178	328	10	0	711
523	407	98	10	218	368	10	0	267
524	406	460	-25	659	809	10	712	0
525	88	95	20	224	374	10	0	306
526	95	64	-28	706	856	10	411	0
527	306	229	10	1260	1410	0	0	1022
528	273	55	20	196	346	10	0	385
529	384	149	-9	1137	1287	10	674	0
530	122	35	-27	250	400	10	898	0
531	308	199	-24	1448	1598	10	103	0
532	390	301	10	149	299	10	0	181
533	300	108	10	150	300	10	0	941
534	267	400	-30	172	322	10	850	0
535	8	300	-30	296	446	10	19	0
536	105	181	19	1471	1621	0	0	1035
537	398	325	30	173	323	10	0	98
538	166	247	1	84	234	10	0	995
539	140	431	30	211	361	10	0	825
540	253	118	19	487	637	10	0	557
541	359	246	-15	1363	1513	10	222	0
542	321	277	10	75	225	10	0	989
543	168	59	-18	306	456	10	190	0
544	406	285	-20	159	309	10	567	0
545	391	334	-20	164	314	10	315	0
546	437	19	-10	954	1104	10	278	0
547	201	278	-10	56	206	10	252	0
548	435	267	20	263	413	10	0	764
549	245	408	10	158	308	10	0	78
550	16	462	10	326	476	10	0	899
551	107	374	-29	854	1004	10	668	0
552	477	97	10	273	423	0	0	1010
553	346	57	-10	248	398	10	22	0
554	14	459	20	315	465	10	0	589
555	102	6	3	1376	1526	0	0	1002
556	359	287	24	115	265	10	0	269
557	297	131	-19	1105	1255	10	540	0
558	282	1	18	982	1132	10	0	186
559	21	70	-24	711	861	10	694	0
560	440	244	10	206	356	10	0	692
561	482	104	19	747	897	10	0	780
562	120	261	5	733	883	10	0	979
563	125	29	-10	253	403	10	653	0
564	292	32	14	222	372	10	0	209
565	262	92	-23	570	720	10	578	0
566	68	160	-8	1076	1226	10	832	0
567	405	276	20	174	324	10	0	544
568	277	50	-10	201	351	10	118	0
569	32	319	-10	341	491	10	307	0
570	344	70	-8	1086	1236	10	982	0
571	481	84	-20	446	596	10	576	0
572	21	68	20	341	491	10	0	943
573	441	244	-20	217	367	10	123	0
574	57	43	15	963	1113	10	0	935
575	1	293	10	252	402	10	0	842
576	481	96	20	277	427	10	0	571
577	471	368	-13	368	518	10	133	0
578	236	126	23	124	274	10	0	565
579	406	99	20	217	367	10	0	594
580	303	186	-7	1294	1444	10	232	0
581	225	369	-9	121	271	10	437	0
582	412	453	10	259	409	10	0	56
583	104	349	-30	949	1099	10	867	0
584	173	182	25	102	252	10	0	406
585	111	464	10	255	405	10	0	740
586	53	440	10	273	423	10	0	705
587	69	336	-26	200	350	10	791	0
588	359	182	20	149	299	10	0	350
589	13	459	-20	315	465	10	554	0
590	244	277	-23	1241	1391	10	173	0
591	484	177	-20	245	395	10	875	0
592	452	206	31	432	582	10	0	247
593	22	483	30	325	475	10	0	905
594	452	110	-20	280	430	10	579	0
595	347	192	18	1428	1578	10	0	790
596	95	92	20	221	371	10	0	800
597	368	311	-13	866	1016	10	237	0
598	479	387	-30	337	487	10	491	0
599	479	169	-30	249	399	10	351	0
600	497	266	-20	688	838	10	401	0
601	66	336	-30	203	353	10	869	0
602	376	195	10	137	287	10	0	68
603	401	281	-10	201	351	10	352	0
604	441	177	-10	941	1091	10	683	0
605	231	203	-30	50	200	10	686	0
606	21	488	10	330	480	10	0	704
607	231	204	20	90	240	0	0	1043
608	122	422	-20	1397	1547	10	858	0
609	65	453	-11	274	424	10	833	0
610	206	261	-26	122	272	10	244	0
611	466	149	-26	1126	1276	10	444	0
612	313	119	30	156	306	10	0	870
613	90	274	20	161	311	10	0	882
614	39	162	-10	505	655	10	18	0
615	35	306	20	222	372	10	0	97
616	437	15	-40	300	450	10	809	0
617	307	412	8	344	494	10	0	485
618	79	291	10	175	325	10	0	30
619	64	437	-10	858	1008	10	917	0
620	376	92	-16	931	1081	10	112	0
621	129	27	10	253	403	10	0	158
622	196	489	-20	970	1120	10	106	0
623	51	286	-25	1399	1549	10	907	0
624	20	488	10	330	480	10	0	62
625	13	455	-20	313	463	10	966	0
626	170	347	-6	376	526	10	258	0
627	92	230	20	159	309	10	0	80
628	117	467	-20	254	404	10	328	0
629	413	217	20	166	316	10	0	471
630	405	450	20	253	403	10	0	936
631	394	322	12	965	1115	10	0	430
632	125	61	26	552	702	10	0	339
633	238	123	24	721	871	10	0	435
634	11	403	18	283	433	10	0	924
635	89	272	-20	162	312	10	823	0
636	304	102	-10	157	307	10	326	0
637	478	121	40	261	411	10	0	716
638	408	84	10	229	379	10	0	131
639	376	494	30	274	424	10	0	289
640	20	73	10	290	440	10	0	313
641	159	299	-5	956	1106	10	922	0
642	95	382	19	203	353	10	0	359
643	352	63	-12	1118	1268	10	646	0
644	365	274	14	117	267	0	0	1031
645	30	301	10	225	375	10	0	728
646	351	5	12	436	586	10	0	643
647	197	267	-20	55	205	10	464	0
648	498	171	-14	1196	1346	10	226	0
649	468	352	9	708	858	0	0	1012
650	418	251	21	1137	1287	0	0	1033
651	489	437	-10	647	797	10	939	0
652	251	63	-24	927	1077	10	166	0
653	132	55	10	227	377	10	0	563
654	281	96	-12	1066	1216	10	796	0
655	333	293	27	557	707	0	0	1039
656	255	487	-26	338	488	10	88	0
657	207	400	-20	156	306	10	448	0
658	469	489	-14	495	645	10	948	0
659	244	254	20	40	190	10	0	93
660	233	207	10	46	196	10	0	859
661	441	60	-20	1392	1542	10	701	0
662	411	379	-27	1133	1283	10	332	0
663	178	72	-23	697	847	10	125	0
664	51	447	-10	280	430	10	102	0
665	478	118	-10	294	444	10	736	0
666	141	426	23	471	621	10	0	292
667	295	89	23	682	832	10	0	94
668	112	433	29	229	379	10	0	551
669	320	211	-20	933	1083	10	517	0
670	400	103	10	210	360	10	0	963
671	408	453	10	257	407	10	0	468
672	435	180	37	197	347	10	0	493
673	432	66	30	1011	1161	10	0	804
674	374	116	9	527	677	10	0	529
675	478	102	10	271	421	10	0	399
676	335	57	30	210	360	10	0	48
677	385	239	-10	726	876	10	323	0
678	386	245	-21	419	569	10	854	0
679	208	396	20	151	301	10	0	458
680	380	489	-20	319	469	10	84	0
681	380	498	10	280	430	10	0	164
682	440	7	-20	308	458	10	377	0
683	434	245	10	282	432	10	0	604
684	90	232	10	161	311	10	0	511
685	389	334	20	162	312	10	0	518
686	241	205	30	58	208	10	0	605
687	18	24	32	568	718	10	0	92
688	57	183	-16	1040	1190	10	47	0
689	59	457	-10	281	431	10	309	0
690	442	243	-10	229	379	10	303	0
691	402	281	-20	190	340	10	416	0
692	445	237	-10	195	345	10	560	0
693	441	273	-10	222	372	10	81	0
694	31	175	24	231	381	10	0	559
695	234	202	10	50	200	10	0	386
696	52	303	25	381	531	0	0	1025
697	167	445	-27	1352	1502	10	61	0
698	179	286	-30	281	431	10	967	0
699	269	48	-18	221	371	10	715	0
700	165	59	27	883	1033	10	0	723
701	461	8	20	321	471	10	0	661
702	421	415	30	237	387	10	0	459
703	59	459	-30	283	433	10	782	0
704	24	492	-10	402	552	10	606	0
705	55	449	-10	278	428	10	586	0
706	224	192	-10	63	213	10	293	0
707	444	269	-10	194	344	10	777	0
708	491	20	20	334	484	10	0	953
709	313	126	10	183	333	10	0	787
710	283	438	3	190	340	10	0	986
711	352	241	-10	732	882	10	522	0
712	398	476	25	358	508	10	0	524
713	442	247	10	192	342	10	0	515
714	217	207	26	1322	1472	0	0	1044
715	233	87	18	193	343	10	0	699
716	479	127	-40	259	409	10	637	0
717	6	53	8	527	677	10	0	410
718	478	300	12	830	980	10	0	495
719	378	493	-20	274	424	10	915	0
720	303	78	12	179	329	10	0	175
721	344	62	-20	286	436	10	474	0
722	371	315	18	1106	1256	0	0	1038
723	200	78	-27	933	1083	10	700	0
724	413	391	8	215	365	10	0	211
725	415	216	10	168	318	10	0	958
726	397	57	-5	1416	1566	10	322	0
727	293	228	19	48	198	10	0	927
728	0	297	-10	254	404	10	645	0
729	435	20	20	321	471	0	0	1007
730	195	111	15	938	1088	10	0	34
731	417	218	10	218	368	10	0	89
732	340	54	10	215	365	10	0	751
733	132	57	-20	226	376	10	947	0
734	210	379	-10	649	799	10	2	0
735	228	260	-36	1546	1696	10	745	0
736	399	104	10	230	380	10	0	665
737	95	277	20	214	364	10	0	367
738	360	284	19	607	757	10	0	863
739	53	466	9	292	442	10	0	185
740	112	465	-10	255	405	10	585	0
741	313	391	5	154	304	10	0	409
742	93	235	10	186	336	10	0	887
743	125	32	30	251	401	10	0	916
744	215	282	21	1380	1530	10	0	911
745	224	320	36	1224	1374	10	0	735
746	134	428	20	248	398	10	0	835
747	26	490	-20	415	565	10	397	0
748	44	115	-30	246	396	10	786	0
749	438	127	2	881	1031	10	0	926
750	239	15	-20	544	694	10	797	0
751	342	54	-10	216	366	10	732	0
752	109	463	-30	274	424	10	229	0
753	199	187	20	81	231	0	0	1026
754	201	188	10	79	229	10	0	476
755	399	301	-10	157	307	10	909	0
756	484	171	10	246	396	10	0	245
757	272	234	-25	1530	1680	10	275	0
758	380	350	-20	806	956	10	63	0
759	140	108	-24	1011	1161	10	28	0
760	228	199	10	74	224	10	0	763
761	245	461	-20	589	739	10	362	0
762	305	107	20	165	315	10	0	490
763	231	195	-10	58	208	10	760	0
764	450	265	-20	200	350	10	548	0
765	273	149	-28	1443	1593	10	54	0
766	12	358	-13	1164	1314	10	295	0
767	315	121	10	144	294	10	0	400
768	420	213	10	173	323	10	0	447
769	331	134	-10	1064	1214	10	23	0
770	84	377	-20	866	1016	10	308	0
771	320	280	10	76	226	10	0	393
772	89	185	16	540	690	10	0	425
773	472	481	20	320	470	10	0	392
774	422	420	20	241	391	10	0	512
775	475	267	-8	720	870	10	299	0
776	470	125	20	253	403	10	0	985
777	435	268	10	252	402	10	0	707
778	409	155	19	185	335	10	0	249
779	243	248	30	7	157	10	0	59
780	488	96	-19	1006	1156	10	561	0
781	341	72	-10	745	895	10	142	0
782	58	449	30	303	453	10	0	703
783	16	460	-10	351	501	10	461	0
784	480	136	-10	256	406	10	345	0
785	162	388	11	1066	1216	10	0	246
786	47	208	30	207	357	10	0	748
787	324	127	-10	143	293	10	709	0
788	87	96	30	224	374	10	0	254
789	140	137	32	510	660	0	0	1008
790	314	205	-18	1467	1617	10	595	0
791	96	346	26	181	331	10	0	587
792	321	280	30	77	227	10	0	389
793	245	251	10	5	155	10	0	834
794	436	295	11	468	618	10	0	36
795	274	261	-15	1635	1785	10	934	0
796	271	128	12	286	436	10	0	654
797	275	45	20	206	356	10	0	750
798	422	409	10	234	384	10	0	892
799	146	188	-10	1175	1325	10	930	0
800	93	96	-20	219	369	10	596	0
801	409	255	-30	1462	1612	10	298	0
802	449	428	-18	1187	1337	10	1	0
803	90	285	40	216	366	10	0	505
804	415	95	-30	1117	1267	10	673	0
805	88	287	30	203	353	10	0	40
806	379	196	-20	139	289	10	143	0
807	368	452	-36	610	760	10	49	0
808	202	186	20	91	241	10	0	944
809	435	11	40	302	452	10	0	616
810	269	46	-27	209	359	10	441	0
811	7	292	-12	246	396	10	902	0
812	44	496	32	342	492	10	0	32
813	478	99	10	273	423	10	0	446
814	391	99	-30	206	356	10	180	0
815	132	477	25	267	417	10	0	434
816	24	65	10	305	455	10	0	418
817	130	247	17	120	270	10	0	86
818	133	273	20	119	269	10	0	77
819	347	62	10	273	423	10	0	129
820	404	140	-5	1199	1349	10	977	0
821	416	420	20	237	387	10	0	828
822	67	335	-20	201	351	10	830	0
823	92	270	20	197	347	10	0	635
824	411	95	30	223	373	10	0	219
825	132	479	-30	257	407	10	539	0
826	366	334	-14	350	500	10	24	0
827	125	39	20	245	395	0	0	1015
828	419	422	-20	241	391	10	821	0
829	460	2	-20	324	474	10	456	0
830	67	334	20	201	351	10	0	822
831	448	414	-11	1163	1313	10	840	0
832	46	163	8	866	1016	10	0	566
833	77	465	11	275	425	10	0	609
834	284	319	-10	757	907	10	793	0
835	102	422	-20	226	376	10	746	0
836	240	34	28	1445	1595	0	0	1021
837	141	428	20	208	358	10	0	197
838	204	269	30	49	199	10	0	427
839	144	439	30	216	366	10	0	503
840	470	417	11	677	827	10	0	831
841	404	103	-20	212	362	10	521	0
842	5	281	-10	1312	1462	10	575	0
843	487	320	-28	798	948	10	482	0
844	398	23	-20	270	420	10	364	0
845	90	296	20	166	316	10	0	60
846	386	13	10	277	427	10	0	223
847	115	465	10	253	403	10	0	25
848	473	475	10	357	507	0	0	1001
849	275	42	-10	209	359	10	169	0
850	286	356	30	111	261	10	0	534
851	15	69	10	296	446	10	0	343
852	267	44	20	206	356	10	0	981
853	243	399	-20	175	325	10	327	0
854	390	249	21	522	672	10	0	678
855	210	391	30	146	296	10	0	906
856	433	15	20	297	447	10	0	380
857	24	259	19	310	460	10	0	177
858	12	463	20	319	469	10	0	608
859	237	213	-10	87	237	10	660	0
860	182	480	-10	305	455	10	419	0
861	409	88	20	226	376	10	0	455
862	244	368	25	354	504	0	0	1030
863	381	328	-19	657	807	10	738	0
864	213	185	21	74	224	10	0	961
865	482	141	-10	951	1101	10	950	0
866	319	124	20	143	293	0	0	1036
867	141	431	30	211	361	10	0	583
868	198	264	-10	80	230	10	65	0
869	69	334	30	199	349	10	0	601
870	299	98	-30	159	309	10	612	0
871	240	250	10	10	160	10	0	101
872	199	203	-10	1397	1547	10	161	0
873	459	17	20	351	501	10	0	183
874	423	217	20	182	332	10	0	889
875	477	179	20	237	387	10	0	591
876	213	397	10	157	307	0	0	1037
877	405	187	-13	1191	1341	10	890	0
878	269	402	20	153	303	10	0	330
879	53	204	-4	995	1145	10	919	0
880	13	394	-22	313	463	10	139	0
881	15	68	10	297	447	10	0	422
882	56	268	-20	1004	1154	10	613	0
883	360	184	-20	161	311	10	74	0
884	307	102	40	158	308	0	0	1032
885	130	57	40	227	377	10	0	44
886	250	328	-21	189	339	10	228	0
887	91	231	-10	160	310	10	742	0
888	479	176	20	240	390	10	0	170
889	420	224	-20	369	519	10	874	0
890	461	182	13	569	719	10	0	877
891	418	218	20	207	357	10	0	233
892	419	418	-10	238	388	10	798	0
893	336	493	-21	1404	1554	10	463	0
894	389	300	10	147	297	10	0	210
895	92	76	4	1079	1229	10	0	964
896	476	102	20	276	426	10	0	938
897	418	399	-25	378	528	10	179	0
898	109	56	27	239	389	10	0	530
899	13	465	-10	714	864	10	550	0
900	92	232	10	159	309	10	0	510
901	394	47	5	253	403	10	0	165
902	16	287	12	236	386	10	0	811
903	399	102	20	210	360	10	0	205
904	143	158	12	141	291	10	0	450
905	18	484	-30	329	479	10	593	0
906	250	411	-30	161	311	10	855	0
907	19	273	25	957	1107	10	0	623
908	365	28	9	250	400	10	0	57
909	387	297	10	144	294	10	0	755
910	433	447	-20	734	884	10	71	0
911	214	274	-21	1309	1459	10	744	0
912	489	338	-31	1337	1487	10	918	0
913	130	494	6	699	849	10	0	128
914	23	67	30	329	479	10	0	73
915	374	489	20	269	419	10	0	719
916	126	30	-30	252	402	10	743	0
917	112	467	10	257	407	10	0	619
918	489	274	31	474	624	10	0	912
919	61	214	4	282	432	10	0	879
920	166	440	-20	207	357	10	466	0
921	56	75	-15	1378	1528	10	241	0
922	210	276	5	47	197	10	0	641
923	80	286	-20	173	323	10	449	0
924	17	459	-18	362	512	10	634	0
925	66	448	-30	270	420	10	987	0
926	351	128	-2	1193	1343	10	749	0
927	352	176	-19	126	276	10	727	0
928	490	286	29	462	612	10	0	520
929	247	219	17	31	181	10	0	453
930	86	268	10	164	314	10	0	799
931	398	329	17	167	317	10	0	29
932	272	402	10	153	303	10	0	217
933	317	123	20	143	293	10	0	264
934	408	318	15	583	733	10	0	795
935	66	31	-15	988	1138	10	574	0
936	425	448	-20	734	884	10	630	0
937	35	304	30	221	371	10	0	369
938	471	94	-20	939	1089	10	896	0
939	470	473	10	371	521	10	0	651
940	224	56	13	1126	1276	0	0	1019
941	343	47	-10	223	373	10	533	0
942	52	18	-2	797	947	10	174	0
943	16	68	-20	296	446	10	572	0
944	195	185	-20	85	235	10	808	0
945	92	236	-10	198	348	10	395	0
946	76	462	18	896	1046	10	0	140
947	124	56	20	231	381	10	0	733
948	481	454	14	308	458	10	0	658
949	477	483	-10	325	475	10	443	0
950	481	124	10	263	413	10	0	865
951	389	156	27	656	806	10	0	192
952	384	16	20	291	441	10	0	274
953	492	34	-20	751	901	10	708	0
954	371	200	10	164	314	10	0	978
955	153	235	10	98	248	10	0	14
956	428	202	-33	844	994	10	363	0
957	257	391	-10	1520	1670	10	354	0
958	421	218	-10	194	344	10	725	0
959	206	186	-32	128	278	10	234	0
960	393	301	30	151	301	10	0	472
961	204	187	-21	115	265	10	864	0
962	468	475	10	313	463	10	0	213
963	477	122	-10	270	420	10	670	0
964	100	66	-4	1340	1490	10	895	0
965	489	27	-10	361	511	10	263	0
966	12	451	20	311	461	10	0	625
967	197	270	30	56	206	10	0	698
968	311	422	29	928	1078	10	0	141
969	489	17	10	333	483	10	0	108
970	13	214	21	1294	1444	0	0	1009
971	440	247	20	193	343	10	0	260
972	28	467	-20	1283	1433	10	358	0
973	388	325	10	203	353	10	0	105
974	270	401	20	152	302	10	0	436
975	5	445	30	313	463	0	0	1006
976	198	271	20	56	206	10	0	251
977	480	131	5	628	778	10	0	820
978	437	98	-10	1054	1204	10	954	0
979	131	246	-5	772	922	10	562	0
980	49	437	7	367	517	10	0	417
981	270	49	-20	232	382	10	852	0
982	337	41	8	942	1092	10	0	570
983	318	280	-20	74	224	10	11	0
984	154	392	9	171	321	10	0	255
985	493	111	-20	481	631	10	776	0
986	399	450	-3	299	449	10	710	0
987	67	452	30	272	422	10	0	925
988	34	239	16	216	366	10	0	127
989	343	276	-10	96	246	10	542	0
990	393	12	10	277	427	10	0	198
991	236	247	-10	14	164	10	230	0
992	340	291	22	410	560	10	0	265
993	3	292	-8	250	400	10	407	0
994	209	68	-26	1475	1625	10	373	0
995	18	225	-1	631	781	10	538	0
996	147	435	20	211	361	10	0	76
997	335	99	-10	1158	1308	10	171	0
998	485	24	-30	326	476	10	117	0
999	470	475	30	314	464	10	0	499
1000	341	58	10	212	362	10	0	287
1001	473	475	-10	357	507	10	848	0
1002	102	6	-3	1376	1526	10	555	0
1003	498	456	-27	1339	1489	10	83	0
1004	476	61	-36	389	539	10	320	0
1005	445	273	-20	198	348	10	483	0
1006	5	445	-30	313	463	10	975	0
1007	435	20	-20	321	471	10	729	0
1008	140	137	-32	510	660	10	789	0
1009	13	214	-21	1294	1444	10	970	0
1010	477	97	-10	273	423	10	552	0
1011	387	488	-20	302	452	10	480	0
1012	468	352	-9	708	858	10	649	0
1013	365	190	-22	1417	1567	10	478	0
1014	163	472	-9	593	743	10	138	0
1015	125	39	-20	245	395	10	827	0
1016	195	464	-20	1441	1591	10	113	0
1017	413	421	-10	243	393	10	431	0
1018	299	353	-34	114	264	10	271	0
1019	224	56	-13	1126	1276	10	940	0
1020	64	294	-12	1041	1191	10	163	0
1021	240	34	-28	1445	1595	10	836	0
1022	306	229	-10	1260	1410	10	527	0
1023	111	392	-18	1109	1259	10	283	0
1024	142	372	-18	162	312	10	144	0
1025	52	303	-25	381	531	10	696	0
1026	199	187	-20	81	231	10	753	0
1027	439	266	-10	189	339	10	155	0
1028	178	135	-21	1454	1604	10	270	0
1029	397	153	-29	822	972	10	412	0
1030	244	368	-25	354	504	10	862	0
1031	365	274	-14	117	267	10	644	0
1032	307	102	-40	158	308	10	884	0
1033	418	251	-21	1137	1287	10	650	0
1034	91	266	-10	173	323	10	203	0
1035	105	181	-19	1471	1621	10	536	0
1036	319	124	-20	143	293	10	866	0
1037	213	397	-10	157	307	10	876	0
1038	371	315	-18	1106	1256	10	722	0
1039	333	293	-27	557	707	10	655	0
1040	264	180	-33	1590	1740	10	115	0
1041	366	288	-29	624	774	10	494	0
1042	201	270	-10	52	202	10	126	0
1043	231	204	-20	90	240	10	607	0
1044	217	207	-26	1322	1472	10	714	0
