200	200	1
0	200	200	0	0	1573	0	0	0
1	244	56	14	654	700	0	0	822
2	245	106	20	113	160	10	0	42
3	233	214	10	54	133	10	0	784
4	395	340	24	240	298	10	0	731
5	229	371	-20	995	1061	10	473	0
6	384	248	-20	197	276	10	760	0
7	277	163	-10	123	240	10	354	0
8	52	94	-14	1131	1182	10	77	0
9	89	152	-20	120	198	10	332	0
10	218	284	-10	181	249	10	553	0
11	340	276	-20	847	919	10	466	0
12	206	106	33	283	324	10	0	221
13	375	247	10	181	264	10	0	453
14	113	179	10	159	263	10	0	367
15	348	280	10	168	325	10	0	43
16	223	372	-10	246	257	10	572	0
17	361	287	-20	245	296	10	505	0
18	6	62	-10	891	932	10	308	0
19	37	397	-20	796	885	10	520	0
20	364	27	-10	293	348	10	587	0
21	14	201	-20	206	256	10	576	0
22	325	294	22	1104	1217	10	0	276
23	41	382	20	241	285	10	0	617
24	325	130	-20	1009	1098	10	214	0
25	384	47	-19	1087	1126	10	799	0
26	116	181	-10	203	270	10	746	0
27	346	155	-10	229	275	10	708	0
28	359	30	-20	342	376	10	174	0
29	222	284	10	86	143	10	0	503
30	91	150	10	119	156	10	0	310
31	140	387	8	196	231	10	0	788
32	176	154	15	51	56	10	0	35
33	352	383	16	787	838	10	0	741
34	213	332	-21	688	777	10	297	0
35	133	68	-15	174	206	10	32	0
36	151	188	18	50	93	10	0	286
37	105	250	-20	167	222	10	446	0
38	94	70	30	274	316	10	0	452
39	287	307	-19	211	270	10	385	0
40	267	321	-30	626	671	10	497	0
41	220	71	22	649	733	10	0	773
42	244	106	-20	103	215	10	2	0
43	338	290	-10	645	685	10	15	0
44	5	345	-7	1195	1256	10	461	0
45	145	301	8	115	156	10	0	371
46	393	301	10	217	250	10	0	695
47	359	23	30	237	296	10	0	307
48	196	107	-15	1322	1366	10	181	0
49	348	41	-20	643	702	10	294	0
50	59	51	14	207	235	10	0	137
51	126	91	30	131	278	10	0	388
52	234	214	10	90	159	10	0	507
53	108	395	-26	558	617	10	233	0
54	186	306	10	153	222	10	0	304
55	125	122	15	108	187	10	0	176
56	12	368	-20	771	801	10	545	0
57	348	279	10	175	266	10	0	457
58	26	247	-20	180	282	10	540	0
59	393	306	20	220	292	10	0	101
60	268	114	-10	182	199	10	337	0
61	2	17	11	269	331	10	0	217
62	62	258	20	164	197	10	0	192
63	186	145	-17	1421	1507	10	459	0
64	338	315	-9	926	1009	10	737	0
65	66	118	27	538	621	10	0	564
66	68	378	10	672	722	10	0	698
67	294	136	10	113	176	10	0	222
68	73	126	-20	381	488	10	220	0
69	68	263	-20	191	228	10	793	0
70	302	136	20	139	221	10	0	656
71	234	203	10	127	236	10	0	679
72	127	94	-10	228	235	10	685	0
73	233	208	30	33	85	10	0	472
74	210	1	-20	972	1057	10	240	0
75	102	252	10	169	194	10	0	212
76	152	237	-10	60	172	10	356	0
77	2	3	14	794	824	10	0	8
78	92	162	-10	246	289	10	211	0
79	177	55	-20	746	795	10	279	0
80	193	29	-10	738	806	10	370	0
81	105	360	-13	767	834	10	626	0
82	193	216	-22	1213	1279	10	653	0
83	338	150	-13	758	808	10	484	0
84	68	143	-25	1265	1275	10	108	0
85	180	15	-20	849	931	10	478	0
86	182	378	-25	178	301	10	177	0
87	39	384	-10	244	311	10	88	0
88	43	386	10	283	337	10	0	87
89	291	301	20	135	211	10	0	682
90	32	251	20	225	316	10	0	602
91	246	298	19	927	1015	10	0	210
92	32	229	-15	1008	1130	10	186	0
93	116	252	20	98	166	0	0	826
94	198	295	20	136	184	10	0	657
95	63	262	-10	178	210	10	394	0
96	119	179	10	220	279	10	0	568
97	174	375	-20	306	358	10	538	0
98	199	45	-16	760	849	10	498	0
99	150	236	20	61	106	10	0	790
100	363	24	-40	239	358	10	749	0
101	393	307	-20	249	305	10	59	0
102	331	251	20	140	205	10	0	798
103	293	306	20	141	167	10	0	675
104	18	102	-30	224	270	10	258	0
105	196	293	-30	100	149	10	142	0
106	299	141	10	227	261	10	0	430
107	364	25	40	252	364	10	0	658
108	41	183	25	1170	1215	10	0	84
109	342	385	-20	355	388	10	707	0
110	302	203	-20	196	231	10	584	0
111	212	197	-10	848	890	10	268	0
112	384	294	20	549	596	10	0	630
113	381	290	-20	467	502	10	499	0
114	110	254	20	104	228	10	0	477
115	196	51	19	507	582	10	0	396
116	264	341	-11	1015	1096	10	333	0
117	23	98	-30	321	373	10	231	0
118	278	265	23	641	686	10	0	392
119	23	97	20	322	350	10	0	285
120	281	155	-20	123	181	10	710	0
121	352	162	10	156	195	10	0	266
122	209	85	10	115	185	10	0	444
123	15	4	-14	670	758	10	399	0
124	177	379	-10	261	374	10	400	0
125	18	208	20	267	282	10	0	155
126	343	322	21	779	874	0	0	814
127	369	107	-20	281	307	10	238	0
128	31	360	23	232	362	10	0	596
129	263	110	10	131	176	10	0	522
130	240	246	-30	60	159	10	229	0
131	380	339	10	751	762	10	0	321
132	111	286	21	125	172	10	0	506
133	213	271	10	85	159	10	0	563
134	251	381	17	251	315	0	0	831
135	322	242	10	239	257	10	0	785
136	390	52	10	270	342	10	0	593
137	26	70	-14	891	982	10	50	0
138	300	132	10	120	227	10	0	219
139	342	384	-11	368	397	10	270	0
140	357	160	20	166	223	10	0	171
141	204	87	30	113	175	10	0	738
142	197	293	30	93	169	10	0	105
143	98	107	17	907	992	0	0	829
144	400	109	20	833	891	10	0	423
145	231	243	10	123	196	10	0	692
146	84	221	22	1111	1124	10	0	339
147	230	290	20	94	193	10	0	485
148	397	261	16	566	634	0	0	823
149	222	283	20	85	120	10	0	234
150	247	377	-10	1187	1274	10	645	0
151	60	319	29	242	299	10	0	383
152	79	154	10	168	205	10	0	306
153	256	385	-30	591	630	10	739	0
154	140	40	-20	1011	1049	10	458	0
155	8	119	-20	839	869	10	125	0
156	208	274	30	74	130	10	0	274
157	84	293	-30	543	599	10	419	0
158	74	351	-18	932	1017	10	605	0
159	95	64	20	171	255	10	0	243
160	329	236	10	177	196	10	0	751
161	248	286	-20	98	184	10	450	0
162	234	243	20	135	159	10	0	543
163	244	109	20	101	148	10	0	395
164	340	388	10	344	372	10	0	597
165	161	233	30	119	145	10	0	661
166	125	95	-16	183	256	10	439	0
167	351	199	-26	793	821	10	542	0
168	61	333	-15	289	312	10	479	0
169	146	324	-20	1384	1428	10	759	0
170	372	104	20	229	289	10	0	291
171	381	144	-20	474	536	10	140	0
172	394	299	-20	798	820	10	317	0
173	363	30	10	318	372	10	0	313
174	358	23	20	237	324	10	0	28
175	220	238	12	42	112	10	0	384
176	97	105	-15	925	993	10	55	0
177	186	355	25	155	253	10	0	86
178	391	42	-22	933	1026	10	667	0
179	48	326	20	197	268	10	0	753
180	74	87	-9	1362	1377	10	405	0
181	264	69	15	635	725	10	0	48
182	341	394	20	267	342	0	0	830
183	128	95	-11	238	291	10	547	0
184	362	383	-30	244	306	10	454	0
185	41	340	-10	863	892	10	762	0
186	13	220	15	1041	1119	10	0	92
187	85	61	20	180	248	10	0	487
188	340	290	39	428	503	0	0	810
189	396	106	18	276	294	10	0	322
190	79	344	-16	199	264	10	641	0
191	201	195	12	5	44	10	0	432
192	90	311	-20	662	705	10	62	0
193	207	185	-9	1184	1286	10	510	0
194	92	255	30	417	460	0	0	836
195	385	56	10	234	339	10	0	455
196	396	59	20	292	379	10	0	205
197	51	326	-20	195	238	10	256	0
198	169	352	-20	249	278	10	320	0
199	230	139	14	1267	1358	0	0	803
200	286	44	-21	569	593	10	475	0
201	286	308	-10	234	270	10	424	0
202	339	69	-10	964	998	10	647	0
203	206	296	30	195	214	10	0	463
204	142	385	16	530	554	10	0	501
205	370	57	-20	1102	1165	10	196	0
206	35	79	22	419	457	10	0	699
207	17	209	20	235	291	10	0	712
208	128	68	10	169	281	10	0	719
209	145	165	13	65	150	10	0	280
210	237	259	-19	1154	1223	10	91	0
211	89	154	10	191	284	10	0	78
212	72	257	-10	242	306	10	75	0
213	158	121	-30	1113	1127	10	271	0
214	323	243	20	191	283	10	0	24
215	367	361	22	470	535	10	0	357
216	165	126	-18	1244	1270	10	579	0
217	45	85	-11	918	943	10	61	0
218	137	68	25	146	238	10	0	577
219	310	143	-10	168	234	10	138	0
220	18	100	20	207	279	10	0	68
221	201	6	-33	589	611	10	12	0
222	297	135	-10	123	180	10	67	0
223	86	154	-20	202	226	10	575	0
224	374	175	18	335	382	10	0	678
225	91	70	-23	234	331	10	778	0
226	166	357	-22	1190	1267	10	245	0
227	113	183	-10	156	213	10	288	0
228	347	395	10	265	313	10	0	289
229	243	244	30	61	122	10	0	130
230	243	140	15	1269	1307	0	0	825
231	14	100	30	211	311	10	0	117
232	393	312	-20	283	354	10	651	0
233	92	384	26	369	467	10	0	53
234	294	249	-20	452	521	10	149	0
235	195	91	-30	181	266	10	341	0
236	235	212	20	37	133	10	0	349
237	350	271	10	165	246	10	0	426
238	353	164	20	160	198	10	0	127
239	262	233	-20	1108	1142	10	637	0
240	200	48	20	224	246	10	0	74
241	214	119	-30	1018	1042	10	440	0
242	234	37	-20	495	560	10	407	0
243	93	62	-20	186	247	10	159	0
244	234	73	8	131	224	10	0	536
245	157	378	22	883	980	10	0	226
246	194	43	-18	690	789	10	412	0
247	268	223	20	71	95	10	0	776
248	355	156	20	179	240	10	0	277
249	248	124	-20	655	703	10	386	0
250	364	213	-6	542	645	10	264	0
251	371	253	30	197	310	10	0	381
252	31	353	-30	227	300	10	544	0
253	41	337	-4	647	721	10	595	0
254	209	167	17	34	46	10	0	735
255	352	303	-20	1051	1124	10	355	0
256	53	326	20	193	270	10	0	197
257	388	106	-30	233	325	10	525	0
258	21	104	30	203	266	10	0	104
259	381	12	-17	589	623	10	612	0
260	221	379	-20	180	296	10	275	0
261	46	380	-10	322	355	10	650	0
262	192	332	-10	418	488	10	323	0
263	343	359	-27	417	525	10	470	0
264	320	211	6	120	194	10	0	250
265	34	355	-30	306	318	10	718	0
266	338	106	-10	948	985	10	121	0
267	397	283	-20	367	487	10	608	0
268	267	161	10	180	286	10	0	111
269	124	221	-10	987	1049	10	521	0
270	310	340	11	178	248	10	0	139
271	270	106	30	117	242	10	0	213
272	243	104	-20	141	221	10	701	0
273	68	250	14	551	607	0	0	820
274	213	305	-30	466	543	10	156	0
275	214	378	20	178	252	10	0	260
276	287	279	-22	1204	1220	10	22	0
277	313	64	-20	386	449	10	248	0
278	244	285	-10	1284	1381	10	340	0
279	154	68	20	703	804	10	0	79
280	14	53	-13	777	862	10	209	0
281	298	137	10	125	154	10	0	512
282	371	111	3	251	277	10	0	633
283	393	246	14	484	563	10	0	729
284	118	122	20	925	1005	10	0	541
285	9	47	-20	827	908	10	119	0
286	171	168	-18	1320	1416	10	36	0
287	321	212	30	121	185	0	0	833
288	115	185	10	86	134	10	0	227
289	336	387	-10	314	373	10	228	0
290	357	202	-1	490	539	10	524	0
291	374	104	-20	211	282	10	170	0
292	271	371	-10	723	811	10	684	0
293	291	398	-20	541	551	10	722	0
294	353	3	20	249	322	10	0	49
295	74	213	33	426	474	10	0	567
296	17	99	-10	1011	1031	10	580	0
297	253	316	21	390	482	10	0	34
298	369	118	12	1027	1106	10	0	422
299	11	328	-19	742	823	10	792	0
300	126	70	-30	225	278	10	389	0
301	165	264	20	72	107	10	0	441
302	377	282	-20	395	411	10	447	0
303	73	292	8	172	208	10	0	493
304	174	326	-10	950	989	10	54	0
305	135	161	-10	1326	1405	10	774	0
306	85	155	-10	175	229	10	152	0
307	360	23	-30	238	304	10	47	0
308	20	91	10	263	332	10	0	18
309	72	253	20	138	233	10	0	628
310	87	155	-10	194	257	10	30	0
311	134	63	10	152	224	10	0	330
312	349	275	10	172	241	10	0	724
313	325	45	-10	575	633	10	173	0
314	182	300	-20	119	130	10	736	0
315	328	239	-25	176	224	10	366	0
316	138	143	17	84	172	10	0	782
317	372	256	20	227	307	10	0	172
318	57	381	-10	230	319	10	425	0
319	162	251	21	63	143	10	0	416
320	183	301	20	113	158	10	0	198
321	381	375	-10	1078	1095	10	131	0
322	389	171	-18	429	503	10	189	0
323	179	305	10	161	248	10	0	262
324	14	210	10	220	280	10	0	468
325	290	311	30	169	236	10	0	676
326	345	158	-10	252	279	10	573	0
327	200	83	10	122	239	10	0	659
328	342	154	-20	390	439	10	662	0
329	18	294	45	462	542	10	0	624
330	156	4	-10	200	298	10	311	0
331	247	212	15	183	192	10	0	745
332	93	149	20	118	158	10	0	9
333	299	399	11	734	843	10	0	116
334	369	171	-1	171	197	10	491	0
335	246	247	21	679	708	10	0	486
336	356	223	-26	937	1028	10	643	0
337	266	116	10	183	223	10	0	60
338	39	34	10	231	333	10	0	560
339	51	205	-22	1222	1239	10	146	0
340	180	387	10	214	306	10	0	278
341	203	88	30	112	219	10	0	235
342	173	72	-10	243	335	10	620	0
343	129	85	20	135	221	0	0	828
344	45	291	18	200	257	10	0	413
345	294	311	10	154	202	10	0	670
346	305	198	20	105	147	10	0	428
347	338	391	-10	291	347	10	700	0
348	349	135	-20	517	608	10	796	0
349	237	213	-20	122	153	10	236	0
350	82	360	10	228	322	10	0	533
351	102	84	3	154	207	10	0	574
352	300	144	-20	235	279	10	717	0
353	236	38	38	414	482	10	0	380
354	278	159	10	138	196	10	0	7
355	344	280	20	249	271	10	0	255
356	149	234	10	61	143	10	0	76
357	320	373	-22	526	607	10	215	0
358	109	252	30	113	216	10	0	714
359	218	134	-14	1252	1328	10	673	0
360	184	282	19	83	134	10	0	598
361	32	78	23	639	689	10	0	418
362	395	310	10	227	356	10	0	397
363	19	206	-10	260	313	10	549	0
364	243	275	-20	878	991	10	436	0
365	175	192	13	892	986	0	0	806
366	299	227	25	102	192	10	0	315
367	159	164	-10	1295	1408	10	14	0
368	215	260	9	61	120	10	0	644
369	163	364	-11	755	850	10	794	0
370	208	20	10	610	622	10	0	80
371	97	387	-8	524	628	10	45	0
372	294	13	26	547	657	10	0	550
373	108	250	-23	176	266	10	772	0
374	389	306	30	303	389	10	0	502
375	262	30	8	180	197	10	0	442
376	334	92	-15	402	515	10	770	0
377	279	337	-20	588	649	10	557	0
378	3	15	20	1092	1141	10	0	531
379	210	271	20	71	156	10	0	631
380	256	145	-38	1123	1194	10	353	0
381	387	267	-30	879	935	10	251	0
382	8	285	-15	291	385	10	519	0
383	83	357	-29	282	338	10	151	0
384	267	295	-12	727	766	10	175	0
385	279	262	19	100	164	10	0	39
386	238	101	20	181	214	10	0	249
387	219	377	20	210	261	10	0	761
388	126	90	-30	842	919	10	51	0
389	129	67	30	177	251	10	0	300
390	166	115	13	1226	1302	0	0	802
391	238	250	20	80	135	10	0	652
392	246	244	-23	649	738	10	118	0
393	131	95	20	125	171	10	0	552
394	115	257	10	102	192	10	0	95
395	243	106	-20	135	181	10	163	0
396	202	158	-19	1154	1193	10	115	0
397	389	307	-10	316	355	10	362	0
398	237	109	-20	184	266	10	546	0
399	117	148	14	97	182	10	0	123
400	180	375	10	176	246	10	0	124
401	276	157	-10	97	153	10	755	0
402	303	358	-10	327	386	10	689	0
403	17	96	10	212	302	10	0	715
404	173	381	10	245	360	10	0	706
405	70	81	9	866	919	10	0	180
406	46	197	-9	415	461	10	421	0
407	206	81	20	134	194	10	0	242
408	348	343	-12	291	419	10	640	0
409	95	63	10	195	214	0	0	817
410	324	216	-30	127	172	10	660	0
411	265	127	35	97	127	10	0	532
412	196	138	18	72	103	10	0	246
413	26	260	-18	633	655	10	344	0
414	384	307	-29	363	427	10	768	0
415	23	317	10	434	504	0	0	821
416	204	292	-21	207	231	10	319	0
417	321	287	-30	560	652	10	791	0
418	56	97	-23	907	1006	10	361	0
419	70	264	30	192	252	10	0	157
420	152	240	30	62	140	10	0	756
421	0	155	9	205	218	10	0	406
422	317	68	-12	1166	1185	10	298	0
423	395	167	-20	977	1013	10	144	0
424	289	306	10	200	256	10	0	201
425	75	367	10	208	338	10	0	318
426	353	276	-10	170	216	10	237	0
427	183	71	-30	739	820	10	431	0
428	312	200	-20	131	211	10	346	0
429	49	222	-30	1097	1188	10	713	0
430	297	137	-10	449	497	10	106	0
431	200	89	30	173	243	10	0	427
432	242	113	-12	96	206	10	191	0
433	341	33	27	290	299	10	0	648
434	55	341	14	663	717	10	0	664
435	99	67	10	167	267	10	0	438
436	236	243	20	86	184	10	0	364
437	229	209	20	30	82	10	0	690
438	93	59	-10	217	242	10	435	0
439	143	159	16	70	92	10	0	166
440	267	112	30	139	217	10	0	241
441	196	295	-20	130	165	10	301	0
442	334	100	-8	1119	1186	10	375	0
443	122	183	20	79	161	10	0	590
444	225	53	-10	1064	1131	10	122	0
445	28	353	20	230	293	10	0	705
446	158	239	20	79	151	10	0	37
447	392	307	20	252	281	10	0	302
448	13	59	-18	560	588	10	649	0
449	127	90	20	169	218	10	0	504
450	221	281	20	83	123	10	0	161
451	326	374	-15	550	635	10	765	0
452	178	103	-30	607	658	10	38	0
453	376	251	-10	192	219	10	13	0
454	293	310	30	144	243	10	0	184
455	386	60	-10	310	401	10	195	0
456	300	272	15	668	748	0	0	808
457	243	209	-10	1357	1432	10	57	0
458	102	67	20	165	263	10	0	154
459	285	107	17	486	544	10	0	63
460	82	365	30	203	249	10	0	621
461	5	344	7	1240	1309	10	0	44
462	366	97	-20	784	790	10	754	0
463	220	283	-30	185	270	10	203	0
464	79	95	-23	1195	1286	10	680	0
465	369	100	30	196	270	10	0	622
466	371	244	20	176	184	10	0	11
467	366	340	-2	727	734	10	730	0
468	85	128	-10	1273	1332	10	324	0
469	231	6	32	650	781	0	0	813
470	330	313	27	172	192	10	0	263
471	202	85	-20	157	230	10	674	0
472	236	204	-30	153	186	10	73	0
473	220	381	20	182	215	10	0	5
474	206	286	-20	481	521	10	582	0
475	274	7	21	306	383	10	0	200
476	369	211	20	431	525	0	0	816
477	126	208	-20	1348	1422	10	114	0
478	134	62	20	152	237	10	0	85
479	67	318	15	207	315	10	0	168
480	232	127	13	79	172	10	0	725
481	96	209	28	104	199	10	0	565
482	146	301	-20	349	388	10	671	0
483	308	178	-50	393	433	10	509	0
484	294	118	13	124	177	10	0	83
485	280	224	-20	208	275	10	147	0
486	241	275	-21	664	759	10	335	0
487	82	65	-20	217	287	10	187	0
488	159	11	7	1171	1236	10	0	615
489	300	64	-23	1142	1203	10	514	0
490	22	96	10	254	310	0	0	818
491	334	186	1	134	217	10	0	334
492	310	200	30	147	219	10	0	591
493	52	331	-8	241	296	10	303	0
494	25	256	-30	213	247	10	558	0
495	210	268	30	68	152	10	0	697
496	310	196	20	124	157	10	0	578
497	183	375	30	181	198	10	0	40
498	194	65	16	361	441	10	0	98
499	366	251	20	275	318	10	0	113
500	285	184	-30	1019	1071	10	666	0
501	160	313	-16	862	885	10	204	0
502	349	324	-30	536	571	10	374	0
503	225	288	-10	91	155	10	29	0
504	124	69	-20	185	294	10	449	0
505	349	272	20	165	204	10	0	17
506	87	365	-21	199	239	10	132	0
507	240	210	-10	87	217	10	52	0
508	40	380	30	240	270	10	0	551
509	276	116	50	113	160	10	0	483
510	280	5	9	1011	1051	10	0	193
511	20	204	-30	180	237	10	646	0
512	301	139	-10	197	264	10	281	0
513	195	294	10	94	190	0	0	835
514	377	144	23	474	491	10	0	489
515	34	242	30	171	240	10	0	681
516	324	217	-20	125	216	10	635	0
517	348	371	-8	636	699	10	743	0
518	70	256	-10	237	288	10	704	0
519	48	304	15	223	266	10	0	382
520	41	378	20	238	250	10	0	19
521	114	254	10	101	187	10	0	269
522	264	112	-10	124	206	10	129	0
523	244	176	24	50	125	10	0	763
524	349	181	1	263	345	10	0	290
525	346	163	30	150	210	10	0	257
526	52	334	-30	276	288	10	691	0
527	53	51	18	237	262	10	0	623
528	177	174	10	34	115	10	0	726
529	114	178	-10	201	243	10	720	0
530	367	255	20	257	307	10	0	711
531	19	61	-20	1125	1209	10	378	0
532	273	118	-35	109	136	10	411	0
533	84	359	-10	259	337	10	350	0
534	244	114	10	96	160	10	0	654
535	321	144	16	1054	1105	0	0	809
536	384	53	-8	931	998	10	244	0
537	29	250	30	229	286	10	0	599
538	172	383	20	261	321	10	0	97
539	84	360	40	266	307	10	0	757
540	28	246	20	178	280	10	0	58
541	107	159	-20	1033	1061	10	284	0
542	319	160	26	179	187	10	0	167
543	230	241	-20	129	215	10	162	0
544	32	352	30	226	265	10	0	252
545	32	357	20	250	347	10	0	56
546	237	108	20	167	261	10	0	398
547	162	94	11	112	147	10	0	183
548	185	299	10	100	166	10	0	727
549	110	188	10	92	158	10	0	363
550	259	4	-26	579	662	10	372	0
551	34	385	-30	258	324	10	508	0
552	156	32	-20	779	832	10	393	0
553	201	297	10	157	223	10	0	10
554	311	344	26	181	297	10	0	665
555	174	329	-23	712	718	10	723	0
556	119	286	-30	808	880	10	569	0
557	179	383	20	217	239	10	0	377
558	26	250	30	188	240	10	0	494
559	84	363	20	200	293	10	0	686
560	6	20	-10	264	295	10	338	0
561	373	253	-20	204	280	10	588	0
562	184	233	19	36	106	0	0	801
563	177	300	-10	186	254	10	133	0
564	88	121	-27	576	590	10	65	0
565	22	205	-28	178	258	10	481	0
566	306	361	4	681	759	0	0	804
567	87	164	-33	649	704	10	295	0
568	123	176	-10	1155	1215	10	96	0
569	131	275	30	492	596	10	0	556
570	315	237	-16	513	557	10	764	0
571	85	67	-10	225	306	10	634	0
572	197	300	10	132	217	10	0	16
573	308	196	10	108	179	10	0	326
574	114	88	-3	629	749	10	351	0
575	87	153	20	162	174	10	0	223
576	21	201	20	179	262	10	0	21
577	137	64	-25	149	203	10	218	0
578	361	194	-20	390	449	10	496	0
579	115	51	18	814	912	10	0	216
580	24	96	10	316	334	10	0	296
581	2	200	35	308	404	10	0	687
582	211	274	20	97	120	10	0	474
583	102	149	-10	498	546	10	589	0
584	307	196	20	107	221	10	0	110
585	127	87	-10	159	203	10	616	0
586	302	274	-40	274	341	10	702	0
587	383	53	10	234	330	10	0	20
588	376	254	20	194	244	10	0	561
589	15	100	10	210	301	10	0	583
590	111	179	-20	158	240	10	443	0
591	308	204	-30	183	212	10	492	0
592	85	358	10	300	344	10	0	800
593	391	54	-10	300	337	10	136	0
594	385	55	20	253	262	10	0	688
595	65	335	4	329	360	10	0	253
596	46	378	-23	335	366	10	128	0
597	310	363	-10	1031	1117	10	164	0
598	217	286	-19	169	237	10	360	0
599	33	247	-30	260	309	10	537	0
600	88	150	10	122	216	10	0	733
601	397	73	15	234	288	10	0	787
602	70	231	-20	1101	1124	10	90	0
603	72	315	11	676	716	0	0	815
604	131	67	30	184	220	10	0	638
605	117	381	18	611	663	10	0	158
606	31	357	20	256	319	10	0	627
607	299	351	14	180	235	10	0	694
608	393	297	20	216	277	10	0	267
609	102	118	-10	1149	1218	10	789	0
610	273	160	-20	171	221	10	655	0
611	350	131	-10	780	854	10	779	0
612	364	55	17	332	379	10	0	259
613	47	328	-10	199	293	10	703	0
614	109	186	10	141	156	10	0	775
615	143	20	-7	1218	1246	10	488	0
616	134	98	10	121	226	10	0	585
617	42	384	-20	282	362	10	23	0
618	255	80	-37	499	571	10	677	0
619	52	194	-20	517	611	10	732	0
620	128	93	10	208	278	10	0	342
621	50	385	-30	796	880	10	460	0
622	386	57	-30	240	319	10	465	0
623	86	112	-18	701	754	10	527	0
624	26	275	-45	1140	1154	10	329	0
625	40	336	-12	1165	1275	10	771	0
626	135	384	13	236	281	10	0	81
627	52	301	-20	909	971	10	606	0
628	68	261	-20	203	267	10	309	0
629	36	288	1	951	993	0	0	812
630	375	294	-20	580	656	10	112	0
631	220	288	-20	147	207	10	379	0
632	186	304	-20	130	191	10	669	0
633	369	106	-3	275	290	10	282	0
634	96	69	10	272	343	10	0	571
635	321	217	20	145	201	10	0	516
636	177	77	-10	774	854	10	781	0
637	320	216	20	155	214	10	0	239
638	246	47	-30	1099	1172	10	604	0
639	350	207	16	347	438	10	0	734
640	279	247	12	91	164	10	0	408
641	153	315	16	124	213	10	0	190
642	68	386	16	281	367	0	0	807
643	399	179	26	434	492	10	0	336
644	297	240	-9	241	309	10	368	0
645	199	290	10	90	99	10	0	150
646	21	204	30	179	206	10	0	511
647	362	28	10	315	350	10	0	202
648	353	65	-27	290	351	10	433	0
649	24	57	18	226	275	10	0	448
650	75	368	10	209	292	10	0	261
651	393	305	20	219	336	10	0	232
652	239	254	-20	72	114	10	391	0
653	146	320	22	472	551	10	0	82
654	369	6	-10	523	601	10	534	0
655	277	154	20	97	179	10	0	610
656	304	141	-20	185	249	10	70	0
657	205	372	-20	875	933	10	94	0
658	339	3	-40	780	855	10	107	0
659	254	0	-10	667	708	10	327	0
660	321	209	30	121	153	10	0	410
661	114	250	-30	201	274	10	165	0
662	318	219	20	173	243	10	0	328
663	209	283	24	603	661	0	0	824
664	48	358	-14	850	932	10	434	0
665	339	384	-26	376	415	10	554	0
666	351	153	30	185	263	10	0	500
667	377	29	22	715	809	10	0	178
668	317	183	29	118	163	10	0	750
669	183	303	20	138	157	10	0	632
670	299	308	-10	533	624	10	345	0
671	197	292	20	92	146	10	0	482
672	370	98	-20	202	257	10	777	0
673	188	67	14	1046	1082	10	0	359
674	207	87	20	113	196	10	0	471
675	295	307	-20	143	200	10	103	0
676	325	311	-30	602	654	10	325	0
677	228	96	37	300	374	10	0	618
678	368	215	-18	705	778	10	224	0
679	208	86	-10	933	1012	10	71	0
680	75	76	23	289	398	10	0	464
681	27	251	-30	227	263	10	515	0
682	308	314	-20	606	703	10	89	0
683	217	289	20	168	212	10	0	744
684	337	388	10	277	387	10	0	292
685	133	94	10	127	169	10	0	72
686	91	388	-20	217	326	10	559	0
687	87	147	-35	823	955	10	581	0
688	389	54	-20	241	347	10	594	0
689	185	386	10	224	266	10	0	402
690	234	212	-20	36	141	10	437	0
691	53	330	30	219	295	10	0	526
692	237	247	-10	93	147	10	145	0
693	369	19	10	268	313	10	0	696
694	346	385	-14	237	255	10	607	0
695	397	313	-10	258	352	10	46	0
696	355	41	-10	817	891	10	693	0
697	211	266	-30	114	161	10	495	0
698	8	363	-10	842	947	10	66	0
699	59	89	-22	767	801	10	206	0
700	344	391	10	269	279	10	0	347
701	242	105	20	128	212	10	0	272
702	327	242	40	212	233	10	0	586
703	55	324	10	190	292	10	0	613
704	114	252	10	106	116	10	0	518
705	29	355	-20	230	296	10	445	0
706	102	377	-10	969	1029	10	404	0
707	345	382	20	232	304	10	0	109
708	313	194	10	134	174	10	0	27
709	285	136	-20	1074	1134	10	728	0
710	272	154	20	85	142	10	0	120
711	379	254	-20	278	330	10	530	0
712	22	210	-20	290	313	10	207	0
713	117	187	30	84	147	10	0	429
714	157	220	-30	1331	1452	10	358	0
715	21	96	-10	219	323	10	403	0
716	182	379	20	179	257	0	0	811
717	298	138	20	115	166	10	0	352
718	28	356	30	265	285	10	0	265
719	130	70	-10	244	288	10	208	0
720	111	184	10	136	188	10	0	529
721	319	113	-10	1149	1216	10	747	0
722	347	385	20	236	338	10	0	293
723	220	337	23	316	339	10	0	555
724	344	283	-10	208	285	10	312	0
725	217	98	-13	103	190	10	480	0
726	76	90	-10	754	770	10	528	0
727	175	299	-10	211	252	10	548	0
728	270	151	20	85	111	10	0	709
729	398	258	-14	581	645	10	283	0
730	344	321	2	228	309	10	0	467
731	266	234	-24	896	959	10	4	0
732	49	187	20	169	243	10	0	619
733	92	155	-10	202	299	10	600	0
734	344	236	-16	889	909	10	639	0
735	226	52	-17	481	540	10	254	0
736	183	294	20	95	142	10	0	314
737	237	243	9	56	89	10	0	64
738	184	69	-30	511	526	10	141	0
739	222	383	30	184	282	10	0	153
740	21	255	29	753	799	0	0	827
741	390	357	-16	1035	1077	10	33	0
742	272	161	20	169	245	0	0	834
743	371	349	8	234	321	10	0	517
744	220	296	-20	131	186	10	683	0
745	184	235	-15	1123	1155	10	331	0
746	113	184	10	151	197	10	0	26
747	370	104	10	239	302	10	0	721
748	273	182	-30	837	893	10	766	0
749	382	54	40	233	296	10	0	100
750	379	126	-29	858	905	10	668	0
751	327	241	-10	188	236	10	160	0
752	189	306	40	145	203	10	0	797
753	26	326	-20	609	687	10	179	0
754	367	104	20	192	272	10	0	462
755	271	154	10	84	120	10	0	401
756	67	258	-30	240	258	10	420	0
757	86	357	-40	283	384	10	539	0
758	107	98	21	138	188	10	0	783
759	66	254	20	144	242	10	0	169
760	374	253	20	204	257	10	0	6
761	228	341	-20	1001	1044	10	387	0
762	60	328	10	275	356	10	0	185
763	268	160	-24	156	288	10	523	0
764	201	255	16	55	156	10	0	570
765	397	362	15	255	305	10	0	451
766	236	210	30	37	102	10	0	748
767	349	157	10	178	300	10	0	780
768	348	319	29	318	375	10	0	414
769	186	75	35	761	829	0	0	819
770	327	115	15	266	370	10	0	376
771	77	319	12	1203	1305	10	0	625
772	147	210	23	53	59	10	0	373
773	195	148	-22	1302	1380	10	41	0
774	108	186	10	115	161	10	0	305
775	26	199	-10	784	862	10	614	0
776	305	255	-20	309	344	10	247	0
777	368	102	20	196	213	10	0	672
778	146	174	23	59	80	10	0	225
779	319	217	10	150	242	10	0	611
780	335	202	-10	818	871	10	767	0
781	128	94	10	234	274	10	0	636
782	82	78	-17	1162	1240	10	316	0
783	92	68	-21	700	771	10	758	0
784	231	219	-10	84	134	10	3	0
785	309	274	-10	341	371	10	135	0
786	336	386	21	730	754	0	0	805
787	324	194	-15	1051	1111	10	601	0
788	174	387	-8	241	311	10	31	0
789	24	93	10	283	341	10	0	609
790	107	247	-20	179	238	10	99	0
791	291	308	30	191	239	10	0	417
792	13	322	19	345	420	10	0	299
793	68	254	20	142	198	10	0	69
794	142	379	11	765	826	10	0	369
795	43	121	12	969	1030	0	0	832
796	329	241	20	154	189	10	0	348
797	260	352	-40	364	455	10	752	0
798	328	243	-20	137	182	10	102	0
799	384	64	19	1051	1111	10	0	25
800	80	365	-10	429	499	10	592	0
801	184	233	-19	36	106	10	562	0
802	166	115	-13	1226	1302	10	390	0
803	230	139	-14	1267	1358	10	199	0
804	306	361	-4	681	759	10	566	0
805	336	386	-21	730	754	10	786	0
806	175	192	-13	892	986	10	365	0
807	68	386	-16	281	367	10	642	0
808	300	272	-15	668	748	10	456	0
809	321	144	-16	1054	1105	10	535	0
810	340	290	-39	428	503	10	188	0
811	182	379	-20	179	257	10	716	0
812	36	288	-1	951	993	10	629	0
813	231	6	-32	650	781	10	469	0
814	343	322	-21	779	874	10	126	0
815	72	315	-11	676	716	10	603	0
816	369	211	-20	431	525	10	476	0
817	95	63	-10	195	214	10	409	0
818	22	96	-10	254	310	10	490	0
819	186	75	-35	761	829	10	769	0
820	68	250	-14	551	607	10	273	0
821	23	317	-10	434	504	10	415	0
822	244	56	-14	654	700	10	1	0
823	397	261	-16	566	634	10	148	0
824	209	283	-24	603	661	10	663	0
825	243	140	-15	1269	1307	10	230	0
826	116	252	-20	98	166	10	93	0
827	21	255	-29	753	799	10	740	0
828	129	85	-20	135	221	10	343	0
829	98	107	-17	907	992	10	143	0
830	341	394	-20	267	342	10	182	0
831	251	381	-17	251	315	10	134	0
832	43	121	-12	969	1030	10	795	0
833	321	212	-30	121	185	10	287	0
834	272	161	-20	169	245	10	742	0
835	195	294	-10	94	190	10	513	0
836	92	255	-30	417	460	10	194	0
