200	1000	1
0	200	200	0	0	6289	0	0	0
1	244	56	-17	2408	3008	10	735	0
2	245	106	20	246	846	10	0	550
3	233	214	10	74	674	10	0	89
4	395	340	-10	660	1260	10	312	0
5	229	371	7	3811	4411	10	0	210
6	384	248	-20	647	1247	10	530	0
7	277	163	-10	424	1024	10	610	0
8	52	94	-17	4327	4927	10	623	0
9	89	152	20	324	924	10	0	403
10	218	284	-9	561	1161	10	737	0
11	340	276	-39	3231	3831	10	188	0
12	206	106	33	912	1512	10	0	235
13	375	247	10	466	1066	10	0	22
14	113	179	10	544	1144	10	0	590
15	348	280	-40	628	1228	10	702	0
16	223	372	30	706	1306	10	0	134
17	361	287	-20	782	1382	10	499	0
18	6	62	23	3348	3948	10	0	180
19	37	397	-16	3060	3660	10	642	0
20	364	27	-10	980	1580	10	747	0
21	14	201	10	623	1223	10	0	295
22	325	294	-10	4343	4943	10	13	0
23	41	382	-8	753	1353	10	303	0
24	325	130	19	3913	4513	10	0	380
25	384	47	-30	4125	4725	10	688	0
26	116	181	20	644	1244	10	0	537
27	346	155	-20	709	1309	10	248	0
28	359	30	-10	1134	1734	10	195	0
29	222	284	10	128	728	10	0	237
30	91	150	10	223	823	10	0	715
31	140	387	-7	534	1134	10	198	0
32	176	154	15	51	651	10	0	435
33	352	383	16	2951	3551	10	0	116
34	213	332	-22	2631	3231	10	653	0
35	133	68	20	458	1058	10	0	342
36	151	188	18	50	650	10	0	223
37	105	250	30	479	1079	10	0	394
38	94	70	30	881	1481	10	0	487
39	287	307	10	662	1262	10	0	345
40	267	321	-10	2293	2893	10	632	0
41	220	71	22	2465	3065	0	0	807
42	244	106	40	290	890	10	0	471
43	338	290	12	2361	2961	10	0	417
44	5	345	14	4602	5202	10	0	714
45	145	301	-10	160	760	10	75	0
46	393	301	10	620	1220	10	0	397
47	359	23	30	693	1293	10	0	396
48	196	107	-7	5077	5677	10	488	0
49	348	41	-20	2391	2991	10	140	0
50	59	51	-10	584	1184	10	409	0
51	126	91	30	520	1120	10	0	343
52	234	214	10	199	799	10	0	270
53	108	395	-10	2050	2650	10	592	0
54	186	306	-10	449	1049	10	553	0
55	125	122	15	204	804	10	0	243
56	12	368	-10	2846	3446	10	261	0
57	348	279	-10	584	1184	10	133	0
58	26	247	10	503	1103	10	0	299
59	393	306	20	720	1320	10	0	678
60	268	114	30	462	1062	10	0	67
61	2	17	-21	837	1437	10	758	0
62	62	258	20	421	1021	10	0	192
63	186	145	-15	5623	6223	10	564	0
64	338	315	9	3569	4169	10	0	239
65	66	118	27	2018	2618	10	0	284
66	68	378	-20	2486	3086	10	559	0
67	294	136	-30	155	755	10	60	0
68	73	126	-18	1438	2038	10	104	0
69	68	263	10	538	1138	10	0	650
70	302	136	20	421	1021	10	0	401
71	234	203	10	427	1027	10	0	472
72	127	94	10	626	1226	10	0	123
73	233	208	30	33	633	10	0	267
74	210	1	11	3758	4358	10	0	615
75	102	252	10	424	1024	10	0	45
76	152	237	10	60	660	10	0	114
77	2	3	14	2937	3537	10	0	285
78	92	162	20	770	1370	10	0	490
79	177	55	-20	2782	3382	10	546	0
80	193	29	16	2788	3388	10	0	246
81	105	360	10	2902	3502	10	0	706
82	193	216	-40	4684	5284	10	539	0
83	338	150	16	2832	3432	10	0	144
84	68	143	-18	4781	5381	10	468	0
85	180	15	-26	3259	3859	10	372	0
86	182	378	-30	509	1109	10	739	0
87	39	384	-20	804	1404	10	309	0
88	43	386	-29	941	1541	10	151	0
89	291	301	-10	244	844	10	3	0
90	32	251	-23	782	1382	10	772	0
91	246	298	-10	3584	4184	10	681	0
92	32	229	-16	3978	4578	10	204	0
93	116	252	20	98	698	10	0	626
94	198	295	20	339	939	10	0	320
95	63	262	-20	478	1078	10	443	0
96	119	179	10	699	1299	10	0	406
97	174	375	-10	1029	1629	10	404	0
98	199	45	-25	2919	3519	10	221	0
99	150	236	20	61	661	10	0	434
100	363	24	20	790	1390	10	0	658
101	393	307	-20	810	1410	10	437	0
102	331	251	-20	262	862	10	751	0
103	293	306	20	305	905	10	0	665
104	18	102	18	689	1289	10	0	68
105	196	293	20	199	799	10	0	555
106	299	141	10	674	1274	10	0	354
107	364	25	-10	932	1532	10	173	0
108	41	183	-30	4469	5069	10	512	0
109	342	385	-10	1185	1785	10	694	0
110	302	203	30	552	1152	10	0	696
111	212	197	-21	3175	3775	10	335	0
112	384	294	20	1988	2588	10	0	276
113	381	290	-20	1637	2237	10	317	0
114	110	254	-10	307	907	10	76	0
115	196	51	19	1879	2479	10	0	241
116	264	341	-16	3923	4523	10	33	0
117	23	98	-13	1090	1690	10	209	0
118	278	265	23	2354	2954	10	0	731
119	23	97	-20	1046	1646	10	733	0
120	281	155	10	308	908	10	0	578
121	352	162	10	367	967	10	0	334
122	209	85	-20	297	897	10	728	0
123	15	4	-10	2558	3158	10	72	0
124	177	379	-10	969	1569	10	323	0
125	18	208	-10	797	1397	10	746	0
126	343	322	-16	3006	3606	10	148	0
127	369	107	-26	875	1475	10	542	0
128	31	360	23	869	1469	10	0	740
129	263	110	10	312	912	10	0	138
130	240	246	20	60	660	10	0	463
131	380	339	-20	2726	3326	10	214	0
132	111	286	-21	292	892	10	319	0
133	213	271	10	188	788	10	0	57
134	251	381	-30	831	1431	10	16	0
135	322	242	10	693	1293	10	0	453
136	390	52	10	926	1526	10	0	587
137	26	70	3	3445	4045	0	0	801
138	300	132	-10	363	963	10	129	0
139	342	384	-10	1229	1829	10	684	0
140	357	160	20	478	1078	10	0	49
141	204	87	30	194	794	10	0	475
142	197	293	30	155	755	10	0	387
143	98	107	-9	3497	4097	10	421	0
144	400	109	-16	3149	3749	10	83	0
145	231	243	-30	338	938	10	229	0
146	84	221	-26	4172	4772	10	775	0
147	230	290	-20	249	849	10	450	0
148	397	261	16	2099	2699	10	0	126
149	222	283	20	85	685	10	0	765
150	247	377	28	4622	5222	10	0	169
151	60	319	29	781	1381	10	0	88
152	79	154	-10	445	1045	10	600	0
153	256	385	5	2143	2743	10	0	566
154	140	40	-32	3820	4420	10	469	0
155	8	119	-10	3114	3714	10	634	0
156	208	274	30	81	681	10	0	157
157	84	293	-30	1984	2584	10	156	0
158	74	351	32	3599	4199	10	0	568
159	95	64	-10	473	1073	10	781	0
160	329	236	10	445	1045	10	0	608
161	248	286	-9	134	734	10	368	0
162	234	243	-10	286	886	10	652	0
163	244	109	20	193	793	10	0	244
164	340	388	-37	1130	1730	10	402	0
165	161	233	30	226	826	10	0	265
166	125	95	10	577	1177	10	0	527
167	351	199	-20	2928	3528	10	447	0
168	61	333	-30	903	1503	10	526	0
169	146	324	-28	5406	6006	10	150	0
170	372	104	-20	734	1334	10	672	0
171	381	144	-13	1718	2318	10	480	0
172	394	299	-2	2935	3535	10	630	0
173	363	30	10	1078	1678	10	0	107
174	358	23	-40	649	1249	10	749	0
175	220	238	12	42	642	10	0	451
176	97	105	-20	3534	4134	10	576	0
177	186	355	25	323	923	10	0	400
178	391	42	44	3616	4216	10	0	205
179	48	326	20	614	1214	10	0	551
180	74	87	-23	5179	5779	10	18	0
181	264	69	-12	2422	3022	10	242	0
182	341	394	-19	919	1519	10	385	0
183	128	95	10	759	1359	10	0	438
184	362	383	21	783	1383	10	0	347
185	41	340	26	3210	3810	10	0	627
186	13	220	-30	4020	4620	10	260	0
187	85	61	20	422	1022	10	0	405
188	340	290	39	1564	2164	10	0	11
189	396	106	18	841	1441	10	0	593
190	79	344	16	627	1227	10	0	771
191	201	195	12	5	605	10	0	742
192	90	311	-20	2434	3034	10	62	0
193	207	185	-24	4641	5241	10	359	0
194	92	255	-10	1456	2056	10	697	0
195	385	56	10	774	1374	10	0	28
196	396	59	-6	1043	1643	10	264	0
197	51	326	10	562	1162	10	0	595
198	169	352	7	756	1356	10	0	31
199	230	139	-30	4951	5551	10	341	0
200	286	44	-20	2023	2623	10	710	0
201	286	308	10	708	1308	10	0	554
202	339	69	26	3623	4223	10	0	489
203	206	296	-30	519	1119	10	495	0
204	142	385	16	1869	2469	10	0	92
205	370	57	-44	4234	4834	10	178	0
206	35	79	-27	1450	2050	10	560	0
207	17	209	-10	751	1351	10	599	0
208	128	68	10	601	1201	10	0	604
209	145	165	13	65	665	10	0	117
210	237	259	-7	4455	5055	10	5	0
211	89	154	10	650	1250	10	0	609
212	72	257	10	798	1398	10	0	324
213	158	121	-30	4181	4781	10	258	0
214	323	243	20	648	1248	10	0	131
215	367	361	-2	1708	2308	10	730	0
216	165	126	-24	4729	5329	10	574	0
217	45	85	-20	3421	4021	10	511	0
218	137	68	25	335	935	10	0	498
219	310	143	-30	503	1103	10	440	0
220	18	100	-20	572	1172	10	565	0
221	201	6	25	2101	2701	10	0	98
222	297	135	-17	306	906	10	254	0
223	86	154	-18	555	1155	10	36	0
224	374	175	18	1136	1736	10	0	639
225	91	70	20	829	1429	10	0	448
226	166	357	-15	4613	5213	10	292	0
227	113	183	30	438	1038	10	0	558
228	347	395	-10	854	1454	10	424	0
229	243	244	30	61	661	10	0	145
230	243	140	-13	4854	5454	10	422	0
231	14	100	30	668	1268	10	0	388
232	393	312	-20	975	1575	10	485	0
233	92	384	-30	1372	1972	10	544	0
234	294	249	8	1644	2244	10	0	734
235	195	91	-33	593	1193	10	12	0
236	235	212	20	37	637	10	0	787
237	350	271	-10	408	1008	10	29	0
238	353	164	20	416	1016	10	0	535
239	262	233	-9	4198	4798	10	64	0
240	200	48	-30	639	1239	10	719	0
241	214	119	-19	3818	4418	10	115	0
242	234	37	12	1809	2409	10	0	181
243	93	62	-15	566	1166	10	55	0
244	234	73	-20	380	980	10	163	0
245	157	378	-20	3425	4025	10	441	0
246	194	43	-16	2658	3258	10	80	0
247	268	223	20	71	671	10	0	760
248	355	156	20	536	1136	10	0	27
249	248	124	-37	2417	3017	10	677	0
250	364	213	-25	2073	2673	10	366	0
251	371	253	30	716	1316	10	0	374
252	31	353	-30	652	1252	10	718	0
253	41	337	-45	2436	3036	10	329	0
254	209	167	17	34	634	10	0	222
255	352	303	-20	4049	4649	10	588	0
256	53	326	-20	514	1114	10	756	0
257	388	106	-10	814	1414	10	573	0
258	21	104	30	512	1112	10	0	213
259	381	12	15	2122	2722	0	0	802
260	221	379	30	589	1189	10	0	186
261	46	380	10	1052	1652	10	0	56
262	192	332	-20	1513	2113	10	275	0
263	343	359	-20	1584	2184	10	355	0
264	320	211	6	182	782	10	0	196
265	34	355	-30	946	1546	10	165	0
266	338	106	-30	3566	4166	10	287	0
267	397	283	-30	1407	2007	10	73	0
268	267	161	10	632	1232	10	0	322
269	124	221	27	3772	4372	10	0	745
270	310	340	-10	453	1053	10	52	0
271	270	106	-10	240	840	10	534	0
272	243	104	20	425	1025	10	0	725
273	68	250	-10	2015	2615	10	572	0
274	213	305	-20	1720	2320	10	744	0
275	214	378	20	414	1014	10	0	262
276	287	279	-20	4546	5146	10	112	0
277	313	64	-10	1369	1969	10	767	0
278	244	285	-10	5030	5630	10	415	0
279	154	68	20	2715	3315	10	0	510
280	14	53	-23	2979	3579	10	680	0
281	298	137	10	257	857	10	0	483
282	371	111	-29	757	1357	10	668	0
283	393	246	-20	1794	2394	10	695	0
284	118	122	-27	3562	4162	10	65	0
285	9	47	-14	3171	3771	10	77	0
286	171	168	-15	5173	5773	10	305	0
287	321	212	30	237	837	10	0	266
288	115	185	10	136	736	10	0	712
289	336	387	10	1074	1674	10	0	586
290	357	202	-10	1757	2357	10	432	0
291	374	104	10	686	1286	10	0	307
292	271	371	15	2767	3367	10	0	226
293	291	398	-12	1884	2484	10	408	0
294	353	3	-10	782	1382	10	693	0
295	74	213	-10	1498	2098	10	21	0
296	17	99	-7	3786	4386	10	687	0
297	253	316	21	1442	2042	10	0	794
298	369	118	-8	3968	4568	10	750	0
299	11	328	-10	2829	3429	10	58	0
300	126	70	10	706	1306	10	0	504
301	165	264	20	72	672	10	0	425
302	377	282	-15	1313	1913	10	331	0
303	73	292	8	462	1062	10	0	23
304	174	326	-18	3579	4179	10	556	0
305	135	161	15	5162	5762	10	0	286
306	85	155	-20	510	1110	10	575	0
307	360	23	-10	737	1337	10	291	0
308	20	91	-16	890	1490	10	439	0
309	72	253	20	254	854	10	0	87
310	87	155	-20	601	1201	10	332	0
311	134	63	10	398	998	10	0	353
312	349	275	10	527	1127	10	0	4
313	325	45	-29	2116	2716	10	376	0
314	182	300	-10	196	796	10	548	0
315	328	239	10	498	1098	10	0	362
316	138	143	-10	88	688	10	528	0
317	372	256	20	768	1368	10	0	113
318	57	381	-18	676	1276	10	344	0
319	162	251	21	63	663	10	0	132
320	183	301	-20	242	842	10	94	0
321	381	375	-23	4046	4646	10	517	0
322	389	171	-10	1566	2166	10	268	0
323	179	305	10	517	1117	10	0	124
324	14	210	-10	699	1299	10	212	0
325	290	311	30	509	1109	10	0	722
326	345	158	-10	761	1361	10	779	0
327	200	83	10	422	1022	10	0	407
328	342	154	-30	1360	1960	10	660	0
329	18	294	45	1709	2309	10	0	253
330	156	4	-30	602	1202	10	577	0
331	247	212	15	449	1049	10	0	302
332	93	149	20	174	774	10	0	310
333	299	399	11	2854	3454	0	0	804
334	369	171	-10	386	986	10	121	0
335	246	247	21	2475	3075	10	0	111
336	356	223	28	3632	4232	10	0	500
337	266	116	10	513	1113	10	0	348
338	39	34	-20	729	1329	10	458	0
339	51	205	-10	4624	5224	10	352	0
340	180	387	-30	740	1340	10	497	0
341	203	88	30	148	748	10	0	199
342	173	72	-20	857	1457	10	35	0
343	129	85	-30	371	971	10	51	0
344	45	291	18	614	1214	10	0	318
345	294	311	-10	411	1011	10	39	0
346	305	198	20	120	720	10	0	637
347	338	391	-21	976	1576	10	184	0
348	349	135	-10	1951	2551	10	337	0
349	237	213	-10	252	852	10	690	0
350	82	360	10	800	1400	10	0	800
351	102	84	-10	422	1022	10	616	0
352	300	144	10	727	1327	10	0	339
353	236	38	-10	1491	2091	10	311	0
354	278	159	-10	368	968	10	106	0
355	344	280	20	740	1340	10	0	263
356	149	234	10	61	661	10	0	790
357	320	373	-8	1966	2566	10	743	0
358	109	252	30	356	956	10	0	545
359	218	134	24	4859	5459	10	0	193
360	184	282	19	83	683	10	0	645
361	32	78	23	2354	2954	10	0	378
362	395	310	-10	864	1464	10	315	0
363	19	206	20	846	1446	10	0	753
364	243	275	-30	3438	4038	10	515	0
365	175	192	-20	3456	4056	10	478	0
366	299	227	25	152	752	10	0	250
367	159	164	-2	5105	5705	10	726	0
368	215	260	9	61	661	10	0	161
369	163	364	-10	2908	3508	10	689	0
370	208	20	10	2164	2764	10	0	638
371	97	387	-20	2005	2605	10	606	0
372	294	13	26	2107	2707	10	0	85
373	108	250	10	586	1186	10	0	445
374	389	306	-30	1085	1685	10	251	0
375	262	30	-10	424	1024	10	395	0
376	334	92	29	1534	2134	10	0	313
377	279	337	5	2173	2773	10	0	392
378	3	15	-23	4166	4766	10	361	0
379	210	271	20	71	671	10	0	563
380	256	145	-19	4335	4935	10	24	0
381	387	267	-10	3328	3928	10	561	0
382	8	285	-10	1053	1653	10	720	0
383	83	357	10	941	1541	10	0	757
384	267	295	-10	2685	3285	10	543	0
385	279	262	19	102	702	10	0	182
386	238	101	-24	489	1089	10	523	0
387	219	377	-30	640	1240	10	142	0
388	126	90	-30	3222	3822	10	231	0
389	129	67	30	555	1155	10	0	738
390	166	115	13	4755	5355	10	0	773
391	238	250	20	129	729	10	0	683
392	246	244	-5	2475	3075	10	377	0
393	131	95	20	243	843	10	0	649
394	115	257	-30	244	844	10	37	0
395	243	106	10	334	934	10	0	375
396	202	158	-30	4393	4993	10	47	0
397	389	307	-10	1041	1641	10	46	0
398	237	109	10	601	1201	10	0	674
399	117	148	-23	97	697	10	778	0
400	180	375	-25	405	1005	10	177	0
401	276	157	-20	198	798	10	70	0
402	303	358	37	1125	1725	10	0	164
403	17	96	-20	728	1328	10	9	0
404	173	381	10	911	1511	10	0	97
405	70	81	-20	3269	3869	10	187	0
406	46	197	-10	1453	2053	10	96	0
407	206	81	-10	357	957	10	327	0
408	348	343	12	1119	1719	10	0	293
409	95	63	10	517	1117	10	0	50
410	324	216	20	297	897	10	0	662
411	265	127	35	97	697	10	0	431
412	196	138	18	62	662	10	0	449
413	26	260	-10	2277	2877	10	705	0
414	384	307	-37	1279	1879	10	644	0
415	23	317	10	1575	2175	10	0	278
416	204	292	-30	577	1177	10	692	0
417	321	287	-12	2123	2723	10	43	0
418	56	97	-18	3526	4126	10	579	0
419	70	264	30	587	1187	10	0	596
420	152	240	30	95	695	10	0	641
421	0	155	9	520	1120	10	0	143
422	317	68	13	4401	5001	10	0	230
423	395	167	24	3680	4280	10	0	442
424	289	306	10	613	1213	10	0	228
425	75	367	-20	720	1320	10	301	0
426	353	276	-20	471	1071	10	631	0
427	183	71	14	2819	3419	10	0	636
428	312	200	30	382	982	10	0	525
429	49	222	11	4270	4870	10	0	602
430	297	137	18	1592	2192	10	0	452
431	200	89	-35	532	1132	10	411	0
432	242	113	10	135	735	10	0	290
433	341	33	-10	877	1477	10	708	0
434	55	341	-20	2462	3062	10	99	0
435	99	67	-15	413	1013	10	32	0
436	236	243	20	238	838	10	0	598
437	229	209	20	30	630	10	0	101
438	93	59	-10	618	1218	10	183	0
439	143	159	16	70	670	10	0	308
440	267	112	30	413	1013	10	0	219
441	196	295	20	291	891	10	0	245
442	334	100	-24	4310	4910	10	423	0
443	122	183	20	79	679	10	0	95
444	225	53	23	4089	4689	10	0	673
445	28	353	-10	704	1304	10	373	0
446	158	239	20	159	759	10	0	617
447	392	307	20	766	1366	10	0	167
448	13	59	-20	1997	2597	10	225	0
449	127	90	-18	475	1075	10	412	0
450	221	281	20	83	683	10	0	147
451	326	374	-12	2071	2671	10	175	0
452	178	103	-18	2230	2830	10	430	0
453	376	251	-10	523	1123	10	135	0
454	293	310	30	456	1056	10	0	676
455	386	60	30	1123	1723	10	0	612
456	300	272	-20	2532	3132	10	727	0
457	243	209	11	5276	5876	0	0	805
458	102	67	20	361	961	10	0	338
459	285	107	17	1762	2362	10	0	619
460	82	365	30	606	1206	10	0	605
461	5	344	7	4797	5397	10	0	625
462	366	97	-30	2848	3448	10	666	0
463	220	283	-20	610	1210	10	130	0
464	79	95	-10	4663	5263	10	571	0
465	369	100	-20	568	1168	10	496	0
466	371	244	20	406	1006	10	0	651
467	366	340	23	2621	3221	10	0	597
468	85	128	18	4911	5511	10	0	84
469	231	6	32	2564	3164	10	0	154
470	330	313	-20	389	989	10	505	0
471	202	85	-40	474	1074	10	42	0
472	236	204	-10	378	978	10	71	0
473	220	381	20	481	1081	10	0	538
474	206	286	-10	1705	2305	10	784	0
475	274	7	-30	1078	1678	10	141	0
476	369	211	-20	1611	2211	10	763	0
477	126	208	-50	5238	5838	10	509	0
478	134	62	20	354	954	10	0	365
479	67	318	-20	743	1343	10	793	0
480	232	127	13	79	679	10	0	171
481	96	209	28	252	852	10	0	518
482	146	301	34	1172	1772	10	0	486
483	308	178	-10	1353	1953	10	281	0
484	294	118	13	199	799	10	0	514
485	280	224	20	667	1267	10	0	232
486	241	275	-34	2544	3144	10	482	0
487	82	65	-30	708	1308	10	38	0
488	159	11	7	4514	5114	10	0	48
489	300	64	-26	4388	4988	10	202	0
490	22	96	-20	828	1428	10	78	0
491	334	186	-30	383	983	10	516	0
492	310	200	30	430	1030	10	0	648
493	52	331	10	774	1374	10	0	621
494	25	256	20	619	1219	10	0	657
495	210	268	30	68	668	10	0	203
496	310	196	20	263	863	10	0	465
497	183	375	30	457	1057	10	0	340
498	194	65	-25	1305	1905	10	218	0
499	366	251	20	885	1485	10	0	17
500	285	184	-28	3879	4479	10	336	0
501	160	313	8	3195	3795	0	0	808
502	349	324	33	1913	2513	10	0	741
503	225	288	20	188	788	10	0	798
504	124	69	-10	657	1257	10	300	0
505	349	272	20	362	962	10	0	470
506	87	365	-20	500	1100	10	661	0
507	240	210	10	309	909	10	0	729
508	40	380	-15	704	1304	10	519	0
509	276	116	50	153	753	10	0	477
510	280	5	-20	3824	4424	10	279	0
511	20	204	20	502	1102	10	0	217
512	301	139	30	623	1223	10	0	108
513	195	294	10	245	845	10	0	788
514	377	144	-13	1629	2229	10	484	0
515	34	242	30	385	985	10	0	364
516	324	217	30	341	941	10	0	491
517	348	371	23	2368	2968	10	0	321
518	70	256	-28	749	1349	10	481	0
519	48	304	15	679	1279	10	0	508
520	41	378	-50	655	1255	10	613	0
521	114	254	10	191	791	10	0	686
522	264	112	20	361	961	10	0	618
523	244	176	24	50	650	10	0	386
524	349	181	-10	916	1516	10	656	0
525	346	163	-30	302	902	10	428	0
526	52	334	30	826	1426	10	0	168
527	53	51	-10	698	1298	10	166	0
528	177	174	10	34	634	10	0	316
529	114	178	10	590	1190	10	0	761
530	367	255	20	829	1429	10	0	6
531	19	61	16	4370	4970	10	0	782
532	273	118	34	182	782	10	0	655
533	84	359	-10	892	1492	10	704	0
534	244	114	10	96	696	10	0	271
535	321	144	-20	4017	4617	10	238	0
536	384	53	-10	3558	4158	10	622	0
537	29	250	-20	730	1330	10	26	0
538	172	383	-20	862	1462	10	473	0
539	84	360	40	848	1448	10	0	82
540	28	246	20	454	1054	10	0	581
541	107	159	-13	3887	4487	10	797	0
542	319	160	26	431	1031	10	0	127
543	230	241	10	387	987	10	0	384
544	32	352	30	606	1206	10	0	233
545	32	357	-30	895	1495	10	358	0
546	237	108	20	557	1157	10	0	79
547	162	94	11	150	750	10	0	620
548	185	299	10	144	744	10	0	314
549	110	188	-10	200	800	10	614	0
550	259	4	-20	2183	2783	10	2	0
551	34	385	-20	864	1464	10	179	0
552	156	32	-4	2921	3521	10	659	0
553	201	297	10	459	1059	10	0	54
554	311	344	-10	509	1109	10	201	0
555	174	329	-20	2560	3160	10	105	0
556	119	286	18	3074	3674	10	0	304
557	179	383	20	613	1213	10	0	723
558	26	250	-30	555	1155	10	227	0
559	84	363	20	554	1154	10	0	66
560	6	20	27	812	1412	10	0	206
561	373	253	10	668	1268	10	0	381
562	184	233	19	36	636	10	0	628
563	177	300	-20	579	1179	10	379	0
564	88	121	15	2032	2632	10	0	63
565	22	205	20	412	1012	10	0	220
566	306	361	-5	2581	3181	10	153	0
567	87	164	-12	2407	3007	10	583	0
568	123	176	-32	4439	5039	10	158	0
569	131	275	-20	1875	2475	10	669	0
570	315	237	-20	1838	2438	10	675	0
571	85	67	10	762	1362	10	0	464
572	197	300	10	399	999	10	0	273
573	308	196	10	215	815	10	0	257
574	114	88	24	2458	3058	10	0	216
575	87	153	20	373	973	10	0	306
576	21	201	20	555	1155	10	0	176
577	137	64	30	300	900	10	0	330
578	361	194	-10	1379	1979	10	120	0
579	115	51	18	3152	3752	10	0	418
580	24	96	-10	1000	1600	10	589	0
581	2	200	-20	1126	1726	10	540	0
582	211	274	20	133	733	10	0	663
583	102	149	12	1788	2388	10	0	567
584	307	196	20	171	771	10	0	777
585	127	87	-10	423	1023	10	685	0
586	302	274	-10	928	1528	10	289	0
587	383	53	-10	679	1279	10	136	0
588	376	254	20	575	1175	10	0	255
589	15	100	10	624	1224	10	0	580
590	111	179	-10	496	1096	10	14	0
591	308	204	30	488	1088	10	0	635
592	85	358	10	990	1590	10	0	53
593	391	54	-18	975	1575	10	189	0
594	385	55	-20	730	1330	10	754	0
595	65	335	-10	1078	1678	10	197	0
596	46	378	-30	1100	1700	10	419	0
597	310	363	-23	3997	4597	10	467	0
598	217	286	-20	512	1112	10	436	0
599	33	247	10	839	1439	10	0	207
600	88	150	10	275	875	10	0	152
601	397	73	-10	638	1238	10	633	0
602	70	231	-11	4148	4748	10	429	0
603	72	315	-19	2486	3086	10	792	0
604	131	67	-10	507	1107	10	208	0
605	117	381	-30	2250	2850	10	460	0
606	31	357	20	851	1451	10	0	371
607	299	351	14	422	1022	10	0	670
608	393	297	-10	564	1164	10	160	0
609	102	118	-10	4435	5035	10	211	0
610	273	160	10	484	1084	10	0	7
611	350	131	12	2967	3567	10	0	721
612	364	55	-30	1121	1721	10	455	0
613	47	328	50	663	1263	10	0	520
614	109	186	10	295	895	10	0	549
615	143	20	-11	4630	5230	10	74	0
616	134	98	10	186	786	10	0	351
617	42	384	-20	989	1589	10	446	0
618	255	80	-20	1839	2439	10	522	0
619	52	194	-17	1955	2555	10	459	0
620	128	93	-11	671	1271	10	547	0
621	50	385	-10	3052	3652	10	493	0
622	386	57	10	820	1420	10	0	536
623	86	112	17	2610	3210	10	0	8
624	26	275	16	4286	4886	0	0	806
625	40	336	-7	4581	5181	10	461	0
626	135	384	-20	736	1336	10	93	0
627	52	301	-26	3459	4059	10	185	0
628	68	261	-19	642	1242	10	562	0
629	36	288	-20	3586	4186	10	716	0
630	375	294	2	2172	2772	10	0	172
631	220	288	20	408	1008	10	0	426
632	186	304	10	343	943	10	0	40
633	369	106	10	831	1431	10	0	601
634	96	69	10	930	1530	10	0	155
635	321	217	-30	393	993	10	591	0
636	177	77	-14	2955	3555	10	427	0
637	320	216	-20	439	1039	10	346	0
638	246	47	-10	4243	4843	10	370	0
639	350	207	-18	1271	1871	10	224	0
640	279	247	12	91	691	10	0	707
641	153	315	-30	197	797	10	420	0
642	68	386	16	998	1598	10	0	19
643	399	179	-20	1550	2150	10	717	0
644	297	240	37	800	1400	10	0	414
645	199	290	-19	90	690	10	360	0
646	21	204	-20	458	1058	10	732	0
647	362	28	10	1029	1629	10	0	667
648	353	65	-30	983	1583	10	492	0
649	24	57	-20	607	1207	10	393	0
650	75	368	-10	676	1276	10	69	0
651	393	305	-20	676	1276	10	466	0
652	239	254	10	73	673	10	0	162
653	146	320	22	1747	2347	10	0	34
654	369	6	16	1950	2550	10	0	799
655	277	154	-34	251	851	10	532	0
656	304	141	10	568	1168	10	0	524
657	205	372	-20	3317	3917	10	494	0
658	339	3	-20	2971	3571	10	100	0
659	254	0	4	2451	3051	10	0	552
660	321	209	30	185	785	10	0	328
661	114	250	20	650	1250	10	0	506
662	318	219	-20	534	1134	10	410	0
663	209	283	-20	2229	2829	10	582	0
664	48	358	-20	3262	3862	10	736	0
665	339	384	-20	1281	1881	10	103	0
666	351	153	30	596	1196	10	0	462
667	377	29	-10	2746	3346	10	647	0
668	317	183	29	234	834	10	0	282
669	183	303	20	290	890	10	0	569
670	299	308	-14	2013	2613	10	607	0
671	197	292	-16	111	711	10	764	0
672	370	98	20	617	1217	10	0	170
673	188	67	-23	3958	4558	10	444	0
674	207	87	-10	246	846	10	398	0
675	295	307	20	354	954	10	0	570
676	325	311	-30	2210	2810	10	454	0
677	228	96	37	1049	1649	10	0	249
678	368	215	-20	2666	3266	10	59	0
679	208	86	-35	3591	4191	10	769	0
680	75	76	23	1075	1675	10	0	280
681	27	251	10	681	1281	10	0	91
682	308	314	-10	2319	2919	10	700	0
683	217	289	-20	460	1060	10	391	0
684	337	388	10	1028	1628	10	0	139
685	133	94	10	292	892	10	0	585
686	91	388	-10	620	1220	10	521	0
687	87	147	7	3258	3858	10	0	296
688	389	54	30	877	1477	10	0	25
689	185	386	10	680	1280	10	0	369
690	234	212	10	36	636	10	0	349
691	53	330	30	729	1329	10	0	762
692	237	247	30	182	782	10	0	416
693	369	19	10	861	1461	10	0	294
694	346	385	10	683	1283	10	0	109
695	397	313	20	919	1519	10	0	283
696	355	41	-30	3116	3716	10	110	0
697	211	266	10	249	849	10	0	194
698	8	363	39	3277	3877	0	0	803
699	59	89	-19	2838	3438	10	783	0
700	344	391	10	794	1394	10	0	682
701	242	105	-10	380	980	10	755	0
702	327	242	40	591	1191	10	0	15
703	55	324	-20	463	1063	10	759	0
704	114	252	10	143	743	10	0	533
705	29	355	10	753	1353	10	0	413
706	102	377	-10	3697	4297	10	81	0
707	345	382	-12	631	1231	10	640	0
708	313	194	10	318	918	10	0	433
709	285	136	-15	4115	4715	10	770	0
710	272	154	20	138	738	10	0	200
711	379	254	-30	917	1517	10	766	0
712	22	210	-10	906	1506	10	288	0
713	117	187	30	85	685	10	0	774
714	157	220	-14	5265	5865	10	44	0
715	21	96	-10	784	1384	10	30	0
716	182	379	20	553	1153	10	0	629
717	298	138	20	213	813	10	0	643
718	28	356	30	798	1398	10	0	252
719	130	70	30	762	1362	10	0	240
720	111	184	10	346	946	10	0	382
721	319	113	-12	4429	5029	10	611	0
722	347	385	-30	727	1327	10	325	0
723	220	337	-20	1008	1608	10	557	0
724	344	283	20	688	1288	10	0	786
725	217	98	-20	114	714	10	272	0
726	76	90	2	2747	3347	10	0	367
727	175	299	20	628	1228	10	0	456
728	270	151	20	85	685	10	0	122
729	398	258	-10	2152	2752	10	507	0
730	344	321	2	774	1374	10	0	215
731	266	234	-23	3412	4012	10	118	0
732	49	187	20	525	1125	10	0	646
733	92	155	20	702	1302	10	0	119
734	344	236	-8	3297	3897	10	234	0
735	226	52	17	1741	2341	10	0	1
736	183	294	20	95	695	10	0	664
737	237	243	9	56	656	10	0	10
738	184	69	-30	1773	2373	10	389	0
739	222	383	30	532	1132	10	0	86
740	21	255	-23	2802	3402	10	128	0
741	390	357	-33	3925	4525	10	502	0
742	272	161	-12	530	1130	10	191	0
743	371	349	8	811	1411	10	0	357
744	220	296	20	336	936	10	0	274
745	184	235	-27	4255	4855	10	269	0
746	113	184	10	394	994	10	0	125
747	370	104	10	782	1382	10	0	20
748	273	182	-40	3162	3762	10	752	0
749	382	54	40	633	1233	10	0	174
750	379	126	8	3226	3826	10	0	298
751	327	241	20	547	1147	10	0	102
752	189	306	40	397	997	10	0	748
753	26	326	-20	2291	2891	10	363	0
754	367	104	20	471	1071	10	0	594
755	271	154	10	94	694	10	0	701
756	67	258	20	694	1294	10	0	256
757	86	357	-10	1035	1635	10	383	0
758	107	98	21	292	892	10	0	61
759	66	254	20	359	959	10	0	703
760	374	253	-20	624	1224	10	247	0
761	228	341	-10	3789	4389	10	529	0
762	60	328	-30	963	1563	10	691	0
763	268	160	20	586	1186	10	0	476
764	201	255	16	55	655	10	0	671
765	397	362	-20	761	1361	10	149	0
766	236	210	30	37	637	10	0	711
767	349	157	10	654	1254	10	0	277
768	348	319	-20	1085	1685	10	796	0
769	186	75	35	2879	3479	10	0	679
770	327	115	15	974	1574	10	0	709
771	77	319	-16	4716	5316	10	190	0
772	147	210	23	53	653	10	0	90
773	195	148	-13	5063	5663	10	390	0
774	108	186	-30	251	851	10	713	0
775	26	199	26	2990	3590	10	0	146
776	305	255	11	1004	1604	10	0	780
777	368	102	-20	519	1119	10	584	0
778	146	174	23	59	659	10	0	399
779	319	217	10	485	1085	10	0	326
780	335	202	-11	3077	3677	10	776	0
781	128	94	10	715	1315	10	0	159
782	82	78	-16	4503	5103	10	531	0
783	92	68	19	2641	3241	10	0	699
784	231	219	10	136	736	10	0	474
785	309	274	-30	1122	1722	10	791	0
786	336	386	-20	2668	3268	10	724	0
787	324	194	-20	4024	4624	10	236	0
788	174	387	-10	804	1404	10	513	0
789	24	93	10	948	1548	10	0	795
790	107	247	-10	533	1133	10	356	0
791	291	308	30	562	1162	10	0	785
792	13	322	19	1230	1830	10	0	603
793	68	254	20	311	911	10	0	479
794	142	379	-21	2881	3481	10	297	0
795	43	121	-10	3700	4300	10	789	0
796	329	241	20	385	985	10	0	768
797	260	352	13	1339	1939	10	0	541
798	328	243	-20	336	936	10	503	0
799	384	64	-16	4023	4623	10	654	0
800	80	365	-10	1558	2158	10	350	0
801	26	70	-3	3445	4045	10	137	0
802	381	12	-15	2122	2722	10	259	0
803	8	363	-39	3277	3877	10	698	0
804	299	399	-11	2854	3454	10	333	0
805	243	209	-11	5276	5876	10	457	0
806	26	275	-16	4286	4886	10	624	0
807	220	71	-22	2465	3065	10	41	0
808	160	313	-8	3195	3795	10	501	0
