100	1000	1
0	100	100	0	0	3060	0	0	0
1	134	6	20	0	2951	10	0	26
2	63	58	-30	0	2995	10	239	0
3	64	52	-10	0	2990	10	271	0
4	139	7	-24	0	2950	10	136	0
5	110	8	-30	1912	2032	10	307	0
6	79	193	-13	0	2955	10	193	0
7	80	190	13	1776	1896	10	0	37
8	158	81	-30	0	2989	10	375	0
9	60	153	-27	0	2984	10	82	0
10	141	8	-19	0	2950	10	276	0
11	13	81	30	0	2961	10	0	341
12	68	115	20	0	3015	10	0	256
13	151	132	6	0	2990	10	0	31
14	88	143	17	0	3006	10	0	333
15	16	84	-20	0	2965	10	144	0
16	155	17	-10	0	2951	10	65	0
17	69	150	17	0	2992	10	0	194
18	55	87	30	0	3004	10	0	303
19	22	133	-24	0	2966	10	126	0
20	10	20	14	0	2930	10	0	154
21	187	142	10	465	585	10	0	70
22	114	122	-20	0	3024	10	176	0
23	78	119	30	0	3021	10	0	283
24	199	115	-20	461	581	10	189	0
25	185	124	-11	0	2962	10	201	0
26	46	22	-20	0	2956	10	1	0
27	7	152	-20	0	2944	10	140	0
28	144	92	-17	2045	2165	10	55	0
29	5	162	-10	0	2937	10	146	0
30	197	113	-30	513	633	10	346	0
31	189	95	-6	0	2961	10	13	0
32	84	118	-20	0	3026	10	393	0
33	28	77	-2	0	2975	10	388	0
34	105	26	24	0	2976	10	0	111
35	113	100	-10	0	3037	10	141	0
36	139	97	-32	0	3011	10	309	0
37	143	179	-13	0	2961	10	7	0
38	111	189	-10	2011	2131	10	399	0
39	119	37	20	0	2985	10	0	226
40	87	191	10	0	2959	10	0	167
41	80	167	10	0	2981	10	0	371
42	23	137	-15	630	750	10	208	0
43	181	70	-20	0	2964	10	366	0
44	178	123	30	0	2969	10	0	50
45	45	142	15	0	2981	10	0	94
46	151	66	-10	0	2989	10	177	0
47	68	50	10	545	665	10	0	288
48	159	196	-23	0	2938	10	397	0
49	87	30	10	0	2979	10	0	219
50	187	92	-30	0	2963	10	44	0
51	10	153	20	0	2946	10	0	143
52	54	30	-9	0	2967	10	313	0
53	54	37	-26	2584	2704	10	385	0
54	180	147	-20	580	700	10	395	0
55	154	59	17	0	2983	10	0	28
56	93	13	30	0	2963	10	0	77
57	38	190	10	547	667	10	0	68
58	104	88	25	0	3038	10	0	169
59	78	169	10	0	2978	10	0	251
60	127	143	-18	0	3000	10	359	0
61	24	131	-10	0	2968	10	238	0
62	82	194	10	0	2955	10	0	63
63	165	117	-10	0	2983	10	62	0
64	23	176	20	0	2942	10	0	99
65	55	24	10	492	612	10	0	16
66	148	157	-10	0	2976	10	269	0
67	186	91	10	0	2964	10	0	252
68	26	138	-10	0	2967	10	57	0
69	78	184	20	0	2964	10	0	162
70	165	181	-10	0	2947	10	21	0
71	11	151	-30	0	2948	10	113	0
72	103	66	20	0	3016	10	0	157
73	188	125	-13	0	2959	10	84	0
74	197	140	10	452	572	10	0	134
75	100	70	30	0	3020	10	0	76
76	83	118	-30	0	3026	10	75	0
77	66	58	-30	0	2996	10	56	0
78	83	188	30	299	419	10	0	358
79	12	154	10	0	2947	0	0	405
80	158	20	-30	0	2952	10	260	0
81	161	158	-20	0	2966	10	171	0
82	41	186	27	0	2946	10	0	9
83	162	162	20	0	2963	10	0	223
84	89	176	13	1708	1828	10	0	73
85	86	69	-10	0	3016	10	348	0
86	20	72	-26	1005	1125	10	337	0
87	41	182	30	0	2949	10	0	322
88	178	147	-23	0	2959	10	186	0
89	140	11	-8	0	2953	10	107	0
90	60	51	20	332	452	10	0	172
91	100	6	30	0	2956	10	0	118
92	18	89	10	0	2968	10	0	124
93	85	110	-20	0	3032	10	265	0
94	37	146	-15	0	2972	10	45	0
95	181	89	-10	0	2969	10	101	0
96	26	147	-16	0	2963	10	234	0
97	52	38	30	254	374	10	0	391
98	131	136	-10	0	3003	10	306	0
99	46	131	-20	0	2988	10	64	0
100	35	160	-11	335	455	10	328	0
101	187	97	10	0	2963	10	0	95
102	172	179	-10	2246	2366	10	148	0
103	156	93	25	0	2994	10	0	187
104	85	164	23	0	2985	10	0	335
105	17	32	-10	1882	2002	10	339	0
106	175	60	-20	0	2965	10	390	0
107	82	48	8	0	2995	10	0	89
108	62	50	-10	0	2988	10	360	0
109	137	1	-15	0	2945	10	245	0
110	140	4	10	0	2946	10	0	151
111	143	0	-24	724	844	10	34	0
112	198	132	10	0	2947	10	0	357
113	25	146	30	428	548	10	0	71
114	137	10	-22	0	2953	10	150	0
115	15	88	10	0	2965	10	0	174
116	38	183	-20	1235	1355	10	263	0
117	121	48	-17	1133	1253	10	133	0
118	62	15	-30	0	2957	10	91	0
119	19	38	16	0	2948	10	0	284
120	144	59	-20	0	2990	10	125	0
121	125	78	-16	0	3017	10	227	0
122	12	156	30	580	700	10	0	296
123	53	29	-10	554	674	10	168	0
124	22	61	-10	1080	1200	10	92	0
125	159	121	20	637	757	10	0	120
126	59	83	24	0	3006	10	0	19
127	59	57	-20	0	2991	10	210	0
128	168	58	29	888	1008	10	0	244
129	12	85	10	535	655	10	0	166
130	85	193	25	1241	1361	10	0	325
131	155	107	-24	2200	2320	10	247	0
132	195	132	-20	0	2950	10	155	0
133	55	51	17	0	2984	10	0	117
134	189	120	-10	540	660	10	74	0
135	59	139	26	0	2994	10	0	220
136	121	50	24	450	570	10	0	4
137	10	67	-10	0	2955	10	302	0
138	52	28	-30	0	2964	10	316	0
139	17	150	-8	0	2954	10	315	0
140	101	67	20	388	508	10	0	27
141	69	47	10	0	2989	10	0	35
142	164	113	-22	0	2985	10	250	0
143	79	115	-20	0	3025	10	51	0
144	80	108	20	74	194	10	0	15
145	184	116	20	0	2965	10	0	197
146	27	135	10	805	925	10	0	29
147	29	139	-26	0	2969	10	298	0
148	84	194	10	0	2955	10	0	102
149	186	94	20	0	2964	10	0	190
150	114	72	22	0	3019	10	0	114
151	90	4	-10	0	2954	10	110	0
152	41	187	20	0	2945	10	0	278
153	92	178	26	0	2972	10	0	255
154	46	40	-14	0	2970	10	20	0
155	174	128	20	256	376	10	0	132
156	30	142	-10	0	2969	10	280	0
157	28	193	-20	0	2933	10	72	0
158	185	96	30	0	2965	10	0	290
159	74	55	3	0	2999	10	0	266
160	23	123	-23	0	2970	10	308	0
161	103	70	10	0	3020	10	0	301
162	42	174	-20	451	571	10	69	0
163	8	8	11	0	2920	10	0	310
164	83	81	21	42	162	10	0	179
165	57	54	20	0	2988	10	0	370
166	26	45	-10	0	2958	10	129	0
167	83	180	-10	0	2969	10	40	0
168	70	37	10	0	2981	10	0	123
169	97	65	-25	0	3015	10	58	0
170	53	31	10	0	2967	10	0	242
171	179	141	20	0	2961	10	0	81
172	100	53	-20	0	3003	10	90	0
173	55	64	30	383	503	10	0	243
174	8	71	-10	690	810	10	115	0
175	174	185	-15	448	568	10	387	0
176	176	144	20	764	884	10	0	22
177	123	36	10	0	2982	10	0	46
178	142	60	-3	0	2992	10	216	0
179	53	61	-21	0	2989	10	164	0
180	62	38	-20	0	2978	10	224	0
181	123	33	20	512	632	10	0	347
182	136	111	-17	2404	2524	10	262	0
183	28	160	27	0	2957	10	0	342
184	85	85	14	0	3029	10	0	204
185	12	66	20	0	2956	10	0	268
186	107	96	23	8	128	10	0	88
187	168	119	-25	0	2980	10	103	0
188	171	36	-11	0	2955	10	386	0
189	188	88	20	335	455	10	0	24
190	135	45	-20	0	2985	10	149	0
191	26	41	-20	0	2956	10	367	0
192	195	129	40	0	2951	0	0	401
193	108	141	13	0	3009	10	0	6
194	75	134	-17	0	3008	10	17	0
195	141	4	20	0	2946	10	0	345
196	60	58	20	0	2992	0	0	406
197	196	137	-20	0	2948	10	145	0
198	7	142	20	807	927	10	0	363
199	190	112	20	343	463	10	0	264
200	63	192	12	0	2951	10	0	282
201	97	129	11	0	3021	10	0	25
202	71	131	11	0	3008	10	0	289
203	159	105	20	0	2991	10	0	218
204	109	48	-14	0	2998	10	184	0
205	189	83	-10	0	2960	10	287	0
206	142	27	-10	0	2966	10	249	0
207	68	40	23	0	2982	10	0	332
208	56	90	15	0	3005	10	0	42
209	98	193	-10	809	929	10	392	0
210	121	36	20	0	2983	10	0	127
211	101	70	20	104	224	10	0	354
212	134	157	-20	1673	1793	10	248	0
213	103	77	21	0	3027	10	0	225
214	87	117	10	0	3029	0	0	402
215	183	170	-27	0	2942	10	311	0
216	193	12	3	1495	1615	10	0	178
217	127	60	-26	0	3002	10	383	0
218	178	140	-20	0	2963	10	203	0
219	95	50	-10	949	1069	10	49	0
220	25	165	-26	1494	1614	10	135	0
221	124	191	-10	0	2956	10	372	0
222	138	69	-20	0	3001	10	235	0
223	177	145	-20	0	2961	10	83	0
224	50	31	20	322	442	10	0	180
225	37	177	-21	1687	1807	10	213	0
226	48	30	-20	0	2963	10	39	0
227	197	29	16	1635	1755	10	0	121
228	40	130	-20	0	2983	10	241	0
229	23	168	13	0	2948	10	0	350
230	24	140	20	0	2965	10	0	343
231	20	59	-30	0	2961	10	257	0
232	81	183	11	0	2965	10	0	253
233	190	109	-12	0	2960	10	378	0
234	28	187	16	0	2938	10	0	96
235	145	19	20	0	2958	10	0	222
236	164	37	19	0	2961	10	0	376
237	186	96	20	0	2964	10	0	353
238	105	70	10	0	3020	10	0	61
239	140	6	30	478	598	10	0	2
240	146	166	-21	1466	1586	10	398	0
241	56	148	20	0	2985	10	0	228
242	66	52	-10	0	2992	10	170	0
243	53	59	-30	0	2988	10	173	0
244	179	5	-29	2145	2265	10	128	0
245	122	58	15	170	290	10	0	109
246	37	190	-13	0	2941	10	338	0
247	155	22	24	0	2955	10	0	131
248	175	143	20	0	2964	10	0	212
249	199	132	10	0	2946	10	0	206
250	131	92	22	0	3018	10	0	142
251	83	197	-10	653	773	10	59	0
252	180	66	-10	0	2964	10	67	0
253	87	195	-11	552	672	10	232	0
254	129	176	-28	0	2969	10	299	0
255	185	123	-26	0	2962	10	153	0
256	77	115	-20	0	3023	10	12	0
257	7	119	30	0	2956	10	0	231
258	195	97	20	0	2955	10	0	270
259	162	118	-30	0	2986	10	275	0
260	196	111	30	0	2954	10	0	80
261	32	47	-14	0	2964	10	300	0
262	100	144	17	0	3006	10	0	182
263	13	152	20	0	2949	10	0	116
264	192	113	-20	0	2958	10	199	0
265	25	143	20	0	2964	10	0	93
266	51	31	-3	0	2966	10	159	0
267	14	84	20	644	764	10	0	319
268	12	69	-20	794	914	10	185	0
269	165	113	10	245	365	10	0	66
270	138	72	-20	0	3003	10	258	0
271	135	0	10	837	957	10	0	3
272	8	89	13	0	2958	10	0	327
273	110	110	-27	2367	2487	10	329	0
274	177	146	10	674	794	10	0	368
275	87	196	30	0	2954	10	0	259
276	89	39	19	0	2989	10	0	10
277	65	77	-19	0	3009	10	314	0
278	63	149	-20	0	2989	10	152	0
279	143	5	-20	0	2946	10	297	0
280	32	178	10	0	2947	10	0	156
281	193	111	-10	656	776	10	320	0
282	162	123	-12	0	2984	10	200	0
283	67	127	-30	0	3008	10	23	0
284	73	81	-16	0	3017	10	119	0
285	50	67	10	446	566	10	0	295
286	38	188	20	0	2943	10	0	321
287	183	120	10	0	2965	10	0	205
288	129	38	-10	0	2982	10	47	0
289	35	186	-11	0	2943	10	202	0
290	180	93	-30	0	2970	10	158	0
291	146	3	-21	1727	1847	10	317	0
292	8	154	-10	0	2944	10	361	0
293	200	162	24	0	2933	10	0	323
294	8	69	-20	0	2953	10	382	0
295	131	38	-10	0	2981	10	285	0
296	78	115	-30	0	3024	10	122	0
297	123	31	20	0	2978	10	0	279
298	39	151	26	0	2971	10	0	147
299	53	175	28	0	2962	10	0	254
300	1	54	14	1150	1270	10	0	261
301	40	95	-10	0	2990	10	161	0
302	5	73	10	0	2952	10	0	137
303	7	151	-30	0	2944	10	18	0
304	166	117	20	380	500	10	0	365
305	39	186	5	0	2945	10	0	381
306	165	116	10	0	2984	10	0	98
307	99	12	30	0	2962	10	0	5
308	48	106	23	0	2998	10	0	160
309	154	7	32	0	2943	10	0	36
310	18	35	-11	0	2946	10	163	0
311	135	171	27	0	2971	10	0	215
312	11	118	33	448	568	10	0	340
313	78	72	9	82	202	10	0	52
314	19	51	19	0	2956	10	0	277
315	69	133	8	121	241	10	0	139
316	56	59	30	0	2990	10	0	138
317	99	45	21	0	2995	10	0	291
318	103	67	20	0	3017	10	0	356
319	53	79	-20	0	2999	10	267	0
320	194	112	10	0	2956	10	0	281
321	42	165	-20	0	2963	10	286	0
322	68	156	-30	0	2986	10	87	0
323	172	114	-24	0	2977	10	293	0
324	98	4	-30	0	2954	10	355	0
325	104	176	-25	0	2974	10	130	0
326	200	136	-20	512	632	10	362	0
327	21	85	-13	0	2970	10	272	0
328	67	138	11	0	3000	10	0	100
329	111	129	27	0	3019	10	0	273
330	97	7	20	0	2957	10	0	373
331	114	112	17	0	3032	10	0	377
332	125	49	-23	0	2994	10	207	0
333	75	173	-17	249	369	10	14	0
334	42	72	-20	0	2986	10	394	0
335	53	180	-23	0	2958	10	104	0
336	174	194	8	0	2931	10	0	351
337	39	112	26	0	2988	10	0	86
338	6	193	13	1597	1717	10	0	246
339	6	67	10	0	2951	10	0	105
340	14	92	-33	0	2964	10	312	0
341	3	75	-30	0	2950	10	11	0
342	23	142	-27	0	2963	10	183	0
343	57	118	-20	0	3004	10	230	0
344	65	53	-20	690	810	10	352	0
345	140	3	-20	570	690	10	195	0
346	187	112	30	0	2963	10	0	30
347	112	6	-20	0	2956	10	181	0
348	63	55	10	0	2992	10	0	85
349	104	68	10	249	369	10	0	389
350	30	187	-13	781	901	10	229	0
351	194	129	-8	0	2952	10	336	0
352	53	67	20	0	2993	10	0	344
353	186	65	-20	0	2958	10	237	0
354	12	131	-20	0	2957	10	211	0
355	122	37	30	415	535	10	0	324
356	36	193	-20	0	2938	10	318	0
357	113	105	-10	0	3037	10	112	0
358	84	180	-30	0	2969	10	78	0
359	136	90	18	0	3013	10	0	60
360	61	50	10	0	2987	10	0	108
361	97	67	10	0	3017	10	0	292
362	190	110	20	0	2960	10	0	326
363	87	118	-20	0	3028	10	198	0
364	137	4	-3	0	2948	10	400	0
365	179	151	-20	1277	1397	10	304	0
366	189	97	20	666	786	10	0	43
367	15	87	20	0	2965	10	0	191
368	157	142	-10	0	2980	10	274	0
369	138	61	19	0	2996	0	0	403
370	65	42	-20	0	2983	10	165	0
371	60	184	-10	0	2957	10	41	0
372	85	192	10	0	2957	10	0	221
373	93	7	-20	0	2957	10	330	0
374	95	16	-27	635	755	10	380	0
375	125	38	30	0	2984	10	0	8
376	149	78	-19	1789	1909	10	236	0
377	185	115	-17	0	2964	10	331	0
378	158	132	12	0	2984	10	0	233
379	29	121	46	0	2976	10	0	396
380	122	13	27	558	678	10	0	374
381	57	157	-5	0	2979	10	305	0
382	8	73	20	0	2955	10	0	294
383	115	75	26	57	177	10	0	217
384	41	43	30	2028	2148	0	0	404
385	104	5	26	0	2955	10	0	53
386	172	55	11	0	2966	10	0	188
387	184	140	15	0	2957	10	0	175
388	12	113	2	0	2962	10	0	33
389	40	183	-10	0	2948	10	349	0
390	193	131	20	0	2952	10	0	106
391	129	40	-30	0	2984	10	97	0
392	84	192	10	451	571	10	0	209
393	95	74	20	563	683	10	0	32
394	8	74	20	0	2955	10	0	334
395	181	147	20	0	2957	10	0	54
396	17	93	-46	0	2967	10	379	0
397	66	196	23	0	2949	10	0	48
398	123	90	21	40	160	10	0	240
399	110	184	10	1803	1923	10	0	38
400	121	46	3	0	2993	10	0	364
401	195	129	-40	0	2951	10	192	0
402	87	117	-10	0	3029	10	214	0
403	138	61	-19	0	2996	10	369	0
404	41	43	-30	2028	2148	10	384	0
405	12	154	-10	0	2947	10	79	0
406	60	58	-20	0	2992	10	196	0
