# n=100 p=0.100 seed=4330
  0  30
  0  38
  0  40
  0  55
  0  61
  0  70
  0  86
  0  89
  0  92
  1   2
  1  17
  1  20
  1  42
  1  60
  1  62
  1  72
  1  78
  1  79
  1  93
  1  97
  2  20
  2  36
  2  56
  2  61
  2  63
  2  79
  2  84
  3   4
  3  13
  3  27
  3  38
  3  50
  3  51
  3  56
  3  77
  3  78
  3  85
  4  11
  4  14
  4  26
  4  32
  4  34
  4  38
  4  43
  4  50
  4  52
  4  65
  4  77
  4  82
  4  84
  4  87
  4  93
  4  94
  4  98
  5  15
  5  17
  5  23
  5  25
  5  51
  5  54
  5  67
  5  80
  5  83
  5  89
  5  93
  6   8
  6  25
  6  45
  6  47
  6  58
  6  86
  6  89
  6  90
  6  94
  6  96
  7  28
  7  34
  7  44
  7  46
  7  55
  7  58
  7  70
  7  71
  7  79
  7  83
  7  99
  8  11
  8  35
  8  36
  8  39
  8  48
  8  53
  8  69
  8  83
  8  90
  9  15
  9  36
  9  42
  9  49
  9  56
  9  61
  9  66
  9  71
  9  76
  9  81
  9  86
  9  88
 10  24
 10  25
 10  29
 10  32
 10  33
 10  59
 11  15
 11  21
 11  22
 11  23
 11  36
 11  40
 11  46
 11  47
 11  51
 12  18
 12  19
 12  36
 12  48
 12  55
 12  65
 12  90
 13  27
 13  35
 13  52
 13  60
 13  63
 13  66
 13  70
 13  78
 14  21
 14  53
 14  93
 15  20
 15  45
 15  49
 15  56
 15  62
 15  68
 15  89
 15  99
 16  19
 16  24
 16  25
 16  27
 16  33
 16  34
 16  37
 16  49
 16  56
 16  68
 16  72
 16  85
 17  26
 17  48
 17  49
 17  58
 17  68
 17  69
 17  71
 17  73
 17  81
 18  59
 18  72
 18  73
 18  77
 18  78
 18  84
 18  97
 19  22
 19  29
 19  50
 19  53
 19  62
 19  72
 20  58
 20  64
 20  66
 20  72
 20  80
 20  86
 20  88
 20  89
 21  30
 21  34
 21  47
 21  58
 21  67
 21  75
 21  85
 21  86
 21  90
 21  94
 22  37
 22  40
 22  49
 22  63
 22  65
 22  67
 22  92
 23  29
 23  43
 23  48
 23  54
 23  55
 23  74
 24  31
 24  32
 24  38
 24  47
 24  51
 24  53
 24  58
 24  80
 24  86
 24  88
 24  89
 25  30
 25  40
 25  43
 25  86
 25  94
 26  30
 26  56
 26  57
 26  64
 26  76
 26  92
 26  96
 27  30
 27  34
 27  45
 27  68
 27  79
 27  81
 27  85
 27  88
 27  95
 28  29
 28  36
 28  40
 28  51
 28  61
 28  62
 28  76
 28  88
 28  97
 29  31
 29  43
 29  44
 29  50
 29  56
 29  83
 29  84
 29  87
 29  98
 30  33
 30  37
 30  64
 30  86
 31  33
 31  50
 31  54
 31  63
 31  71
 31  77
 31  88
 31  97
 32  52
 32  60
 32  67
 32  71
 32  73
 32  77
 32  80
 32  99
 33  36
 33  45
 33  53
 33  85
 33  86
 33  94
 34  44
 34  56
 34  63
 34  64
 34  82
 34  97
 35  36
 35  37
 35  38
 35  40
 35  60
 35  64
 35  67
 35  78
 35  80
 36  48
 36  55
 36  57
 36  71
 36  78
 36  91
 36  96
 37  38
 37  44
 37  47
 37  50
 37  78
 37  80
 37  81
 37  82
 37  91
 38  40
 38  53
 38  58
 38  62
 38  72
 38  87
 38  90
 38  91
 39  52
 39  59
 39  62
 39  66
 39  74
 39  88
 39  90
 40  65
 40  81
 40  85
 41  44
 41  57
 41  61
 41  62
 41  74
 41  89
 41  99
 42  47
 42  49
 42  50
 42  65
 42  77
 42  82
 42  88
 42  90
 43  45
 43  50
 43  55
 43  57
 43  67
 43  80
 43  86
 44  51
 44  66
 44  68
 44  69
 44  93
 45  49
 45  50
 45  62
 45  66
 45  85
 46  48
 46  60
 46  67
 46  68
 47  83
 47  85
 47  95
 48  85
 48  87
 48  89
 48  91
 48  92
 48  96
 48  99
 49  53
 49  54
 49  84
 50  51
 50  55
 50  75
 50  76
 50  88
 50  96
 51  63
 51  72
 51  83
 52  77
 52  87
 52  89
 53  65
 53  70
 53  73
 53  74
 53  79
 53  87
 53  94
 53  95
 53  97
 54  81
 54  86
 55  59
 55  93
 56  66
 56  76
 56  77
 56  79
 56  94
 56  99
 57  65
 57  72
 57  89
 57  97
 58  78
 58  89
 58  94
 59  60
 59  64
 59  69
 59  70
 59  74
 59  76
 59  81
 59  86
 60  71
 60  80
 60  88
 60  90
 61  62
 61  77
 61  82
 61  89
 61  96
 62  66
 62  80
 62  96
 62  98
 63  89
 63  97
 64  72
 64  73
 64  80
 64  87
 66  79
 66  80
 67  74
 67  82
 68  85
 68  91
 68  92
 68  94
 69  73
 69  75
 69  92
 69  95
 69  96
 70  74
 70  85
 71  84
 71  89
 72  97
 73  85
 74  92
 74  93
 75  90
 76  88
 76  89
 77  85
 77  93
 77  95
 77  98
 78  83
 78  91
 78  93
 79  84
 79  89
 79  95
 79  99
 80  83
 81  85
 81  86
 83  85
 84  97
 85  90
 85  94
 85  95
 86  88
 87  88
 88  89
 89  93
 92  93
 95  97
 95  99
