# n=100 p=0.100 seed=4317
  0   8
  0  17
  0  59
  0  70
  0  86
  1   3
  1  15
  1  17
  1  28
  1  67
  1  74
  1  84
  1  99
  2  12
  2  16
  2  23
  2  40
  2  41
  2  43
  2  64
  2  73
  2  94
  3  22
  3  35
  3  41
  3  54
  3  59
  3  64
  3  67
  3  68
  3  74
  3  82
  3  85
  3  92
  3  96
  4  12
  4  14
  4  20
  4  28
  4  44
  4  63
  4  75
  4  79
  5  18
  5  21
  5  46
  5  49
  5  52
  5  74
  5  77
  5  80
  5  83
  6  18
  6  21
  6  22
  6  32
  6  33
  6  59
  6  62
  6  67
  6  71
  6  91
  6  92
  6  99
  7  11
  7  13
  7  37
  7  75
  7  92
  7  96
  8  15
  8  35
  8  39
  8  44
  8  55
  8  63
  9  15
  9  20
  9  30
  9  31
  9  37
  9  41
  9  53
  9  66
  9  74
  9  82
  9  92
 10  14
 10  15
 10  20
 10  37
 10  39
 10  40
 10  46
 10  50
 10  66
 10  77
 10  78
 10  87
 10  95
 10  96
 11  31
 11  51
 11  52
 11  63
 11  68
 11  73
 11  77
 11  83
 11  85
 11  90
 11  92
 11  96
 12  19
 12  20
 12  27
 12  43
 12  53
 12  59
 12  68
 12  91
 13  28
 13  34
 13  39
 13  44
 13  72
 13  73
 13  75
 13  98
 14  21
 14  23
 14  24
 14  28
 14  50
 14  55
 14  78
 14  94
 14  96
 15  24
 15  25
 15  26
 15  32
 15  44
 15  47
 15  59
 15  92
 15  98
 16  21
 16  29
 16  38
 16  43
 16  46
 16  55
 16  70
 16  73
 16  77
 16  88
 16  99
 17  20
 17  21
 17  23
 17  44
 17  46
 17  66
 17  69
 17  89
 17  91
 18  26
 18  31
 18  34
 18  35
 18  45
 18  54
 18  67
 18  70
 18  96
 19  25
 19  29
 19  69
 19  78
 19  96
 20  22
 20  43
 20  50
 20  52
 20  64
 20  69
 20  82
 20  91
 21  26
 21  45
 21  53
 21  56
 21  62
 21  68
 21  83
 21  89
 21  94
 22  24
 22  62
 22  63
 22  70
 22  86
 22  92
 22  98
 23  33
 23  43
 23  45
 23  51
 23  53
 23  55
 23  68
 23  96
 23  99
 24  34
 24  47
 24  51
 24  52
 24  55
 24  65
 24  70
 24  77
 24  80
 24  83
 24  89
 24  99
 25  45
 25  52
 25  64
 25  73
 25  78
 25  84
 25  85
 25  96
 26  31
 26  38
 26  64
 26  66
 26  69
 26  77
 26  83
 26  91
 26  99
 27  29
 27  30
 27  39
 27  41
 27  42
 27  44
 27  52
 27  57
 27  59
 27  75
 27  85
 27  87
 27  90
 27  92
 27  98
 27  99
 28  45
 28  52
 28  61
 28  67
 28  71
 28  82
 28  89
 28  93
 29  30
 29  32
 29  47
 29  50
 29  54
 29  71
 29  75
 29  77
 29  80
 29  87
 29  90
 29  97
 30  63
 30  90
 31  44
 31  48
 31  54
 31  56
 32  33
 32  53
 32  70
 33  44
 33  49
 33  59
 33  82
 33  86
 33  89
 33  90
 34  39
 34  41
 34  68
 35  41
 35  44
 35  91
 35  93
 36  54
 36  71
 36  75
 36  82
 36  85
 36  96
 37  45
 37  54
 37  67
 37  72
 37  78
 37  89
 38  39
 38  42
 38  64
 38  65
 38  78
 38  83
 38  84
 39  40
 39  50
 39  51
 39  57
 39  63
 39  77
 39  81
 39  97
 40  56
 40  68
 40  75
 40  90
 40  96
 41  52
 41  53
 41  57
 41  59
 41  64
 41  75
 41  78
 41  79
 41  93
 42  56
 42  58
 42  73
 43  52
 43  53
 43  61
 43  79
 43  88
 43  93
 44  45
 44  47
 44  50
 44  63
 44  68
 44  82
 44  84
 44  95
 45  46
 45  66
 45  68
 45  79
 45  81
 45  82
 46  48
 46  62
 46  72
 46  73
 46  81
 47  62
 47  75
 47  82
 47  88
 47  93
 48  53
 48  76
 48  87
 49  60
 49  61
 49  71
 50  69
 50  71
 50  75
 50  76
 50  80
 50  82
 50  96
 50  97
 51  59
 51  70
 51  73
 51  75
 51  89
 52  62
 52  84
 53  54
 53  64
 53  70
 53  75
 53  76
 53  87
 53  89
 53  94
 54  58
 54  61
 54  65
 54  75
 54  84
 54  92
 54  99
 55  57
 55  78
 55  84
 55  89
 55  90
 56  58
 56  82
 56  94
 57  60
 57  68
 57  71
 57  74
 57  75
 57  89
 57  95
 58  63
 58  80
 58  98
 59  60
 59  67
 59  78
 59  80
 59  90
 60  78
 60  94
 60  95
 60  99
 61  67
 61  70
 61  73
 61  83
 61  94
 62  96
 63  66
 63  75
 63  98
 64  72
 64  78
 64  84
 65  82
 66  70
 66  75
 66  95
 66  99
 67  69
 67  71
 67  74
 67  75
 67  80
 67  85
 67  86
 68  70
 68  87
 68  93
 68  99
 69  98
 70  72
 70  93
 70  94
 71  76
 71  83
 72  81
 72  88
 72  99
 73  75
 73  92
 74  75
 74  85
 74  87
 75  92
 75  93
 76  94
 76  96
 77  84
 78  80
 78  86
 78  94
 79  81
 79  86
 79  88
 79  90
 79  91
 80  89
 80  91
 80  96
 82  83
 82  94
 82  95
 83  84
 83  91
 84  85
 84  97
 85  88
 85  93
 86  89
 86  91
 87  95
 89  91
 90  94
 90  99
 91  92
 95  96
 96  97
 98  99
