# n=100 p=0.100 seed=4362
  0   9
  0  13
  0  19
  0  20
  0  26
  0  61
  0  72
  0  87
  0  99
  1   7
  1  48
  1  49
  1  68
  1  81
  1  83
  1  88
  1  95
  1  99
  2  20
  2  45
  2  52
  2  60
  2  65
  2  78
  2  82
  3   6
  3  15
  3  16
  3  18
  3  19
  3  25
  3  28
  3  71
  3  72
  3  80
  3  90
  3  92
  3  96
  4  24
  4  42
  4  47
  4  78
  4  81
  4  87
  4  91
  4  98
  5  22
  5  25
  5  39
  5  54
  5  55
  5  63
  5  95
  5  96
  6   7
  6  41
  6  45
  6  46
  6  68
  6  76
  6  80
  7  16
  7  19
  7  41
  7  48
  7  58
  7  69
  7  72
  7  74
  7  85
  7  86
  7  89
  8  21
  8  28
  8  46
  8  73
  8  83
  8  99
  9  25
  9  31
  9  32
  9  38
  9  52
  9  58
  9  59
  9  62
  9  63
  9  65
  9  83
  9  87
  9  91
  9  94
 10  15
 10  17
 10  18
 10  38
 10  58
 10  59
 10  69
 11  17
 11  38
 11  39
 11  43
 11  51
 11  56
 11  58
 11  60
 11  74
 11  88
 11  91
 12  17
 12  31
 12  46
 12  65
 12  80
 12  81
 12  82
 13  15
 13  22
 13  25
 13  50
 13  51
 13  53
 13  56
 13  69
 13  80
 14  20
 14  27
 14  29
 14  32
 14  43
 14  69
 14  75
 14  79
 14  81
 14  90
 14  99
 15  94
 16  26
 16  31
 16  41
 16  63
 16  83
 16  91
 16  94
 17  18
 17  25
 17  29
 17  36
 17  38
 17  43
 17  51
 17  60
 17  65
 17  73
 17  74
 17  79
 17  80
 17  82
 17  84
 17  89
 17  90
 17  94
 18  31
 18  51
 18  58
 18  71
 18  86
 18  88
 18  89
 18  95
 18  96
 19  20
 19  48
 19  74
 19  76
 19  79
 19  83
 19  87
 19  88
 19  93
 20  30
 20  32
 20  54
 20  65
 21  31
 21  32
 21  36
 21  45
 21  53
 21  59
 21  64
 21  99
 22  28
 22  29
 22  35
 22  39
 22  46
 22  53
 22  62
 22  68
 22  71
 22  79
 22  86
 22  87
 23  32
 23  41
 23  50
 23  55
 23  75
 23  83
 23  92
 24  39
 24  46
 24  50
 24  51
 24  64
 24  66
 24  67
 24  70
 24  76
 24  87
 25  32
 25  43
 25  45
 25  55
 25  74
 26  29
 26  32
 26  34
 26  50
 26  53
 26  70
 26  86
 26  98
 27  29
 27  50
 27  51
 27  55
 27  68
 27  73
 27  74
 27  79
 27  89
 27  93
 27  95
 28  62
 28  67
 28  90
 28  93
 29  45
 29  67
 29  74
 29  79
 29  93
 29  95
 30  34
 30  38
 30  52
 30  55
 30  67
 30  69
 30  94
 30  95
 30  97
 30  98
 31  48
 31  54
 31  69
 31  73
 31  89
 31  91
 31  95
 31  98
 31  99
 32  41
 32  56
 32  60
 32  61
 32  64
 32  69
 32  72
 32  98
 33  37
 33  44
 33  47
 33  57
 33  64
 33  66
 33  75
 33  77
 33  78
 33  84
 33  87
 34  35
 34  37
 34  44
 34  51
 34  56
 34  65
 34  67
 34  77
 34  78
 34  85
 34  86
 34  96
 34  97
 34  98
 35  44
 35  53
 35  86
 36  52
 36  54
 36  58
 36  68
 36  71
 36  72
 36  77
 36  81
 36  95
 37  40
 37  62
 37  73
 38  45
 38  51
 38  53
 38  92
 39  46
 39  53
 39  55
 39  69
 40  45
 40  47
 40  52
 40  53
 40  63
 40  73
 40  98
 41  58
 41  60
 41  64
 41  66
 41  81
 41  86
 42  44
 42  50
 42  80
 42  85
 42  93
 42  98
 43  45
 43  51
 43  53
 43  69
 43  86
 44  45
 44  75
 44  87
 44  94
 45  46
 45  47
 45  52
 45  57
 45  81
 45  87
 45  92
 45  99
 46  61
 46  88
 46  95
 47  49
 47  59
 47  75
 47  78
 47  80
 47  91
 47  94
 48  67
 48  68
 48  73
 48  78
 48  96
 49  58
 49  67
 49  68
 49  72
 49  79
 49  81
 49  94
 49  98
 50  64
 50  95
 51  60
 51  64
 51  74
 51  96
 52  71
 52  73
 52  75
 52  81
 52  83
 52  93
 53  59
 54  65
 54  73
 54  81
 55  56
 55  61
 55  62
 55  71
 55  88
 55  91
 55  94
 55  95
 55  99
 56  63
 56  67
 56  68
 57  60
 57  68
 57  73
 57  81
 57  89
 57  91
 58  62
 59  63
 59  75
 59  76
 59  91
 59  92
 59  94
 59  97
 60  80
 61  67
 61  70
 61  71
 61  81
 61  87
 61  91
 61  99
 62  70
 62  72
 62  84
 62  86
 62  90
 63  80
 63  89
 63  91
 63  96
 64  81
 64  83
 64  88
 64  99
 65  71
 65  82
 65  94
 65  96
 66  67
 66  82
 67  73
 67  95
 68  73
 69  82
 69  83
 69  84
 69  93
 69  97
 70  76
 70  77
 70  82
 70  85
 70  91
 70  96
 70  99
 71  77
 71  79
 71  80
 71  81
 73  89
 73  94
 74  81
 74  82
 74  91
 75  76
 75  77
 75  79
 75  87
 75  98
 76  92
 76  94
 76  95
 76  98
 78  89
 78  93
 79  83
 79  85
 79  91
 80  92
 80  95
 80  98
 81  97
 81  98
 83  93
 84  88
 85  90
 85  97
 86  87
 86  98
 87  88
 87  96
 88  91
 88  93
 88  99
 90  95
 91  99
 92  93
 92  96
 93  99
