# n=100 p=0.100 seed=4266
  0   3
  0   4
  0   7
  0   8
  0  20
  0  40
  0  64
  0  73
  0  78
  0  84
  0  85
  0  86
  0  89
  1   7
  1  16
  1  19
  1  23
  1  24
  1  26
  1  32
  1  61
  1  71
  1  75
  1  82
  1  83
  1  89
  1  92
  1  93
  1  94
  2   5
  2   7
  2  25
  2  27
  2  28
  2  29
  2  59
  2  63
  2  73
  2  78
  2  81
  2  86
  2  90
  3   7
  3  13
  3  15
  3  16
  3  26
  3  34
  3  35
  3  37
  3  46
  3  51
  3  53
  3  57
  3  62
  3  63
  3  64
  3  65
  3  66
  3  68
  3  91
  3  94
  4  12
  4  23
  4  76
  4  79
  5   8
  5  10
  5  24
  5  37
  5  41
  5  50
  5  61
  5  63
  5  70
  5  74
  5  75
  5  80
  5  86
  5  93
  6  37
  6  41
  6  48
  6  69
  6  72
  6  88
  6  95
  7  12
  7  18
  7  30
  7  41
  7  46
  7  55
  7  64
  7  65
  7  66
  7  73
  7  83
  7  84
  7  86
  7  91
  8  36
  8  41
  8  59
  8  66
  8  78
  8  83
  8  84
  9  28
  9  38
  9  49
  9  50
  9  51
  9  62
  9  63
  9  85
 10  12
 10  13
 10  23
 10  33
 10  53
 10  91
 11  25
 11  53
 11  56
 11  60
 11  68
 11  69
 11  78
 11  83
 12  18
 12  62
 12  66
 12  81
 12  93
 12  94
 12  97
 12  98
 13  15
 13  24
 13  27
 13  31
 13  32
 13  35
 13  38
 13  44
 13  55
 13  58
 13  63
 13  66
 13  80
 13  83
 13  86
 13  87
 13  89
 14  22
 14  59
 15  24
 15  28
 15  42
 15  46
 15  47
 15  50
 15  62
 15  75
 15  91
 15  96
 16  20
 16  22
 16  28
 16  37
 16  54
 16  71
 16  72
 16  79
 16  80
 17  20
 17  26
 17  35
 17  39
 17  69
 17  81
 17  96
 18  20
 18  30
 18  44
 18  45
 18  49
 18  70
 18  71
 18  81
 19  30
 19  32
 19  42
 19  51
 19  54
 19  75
 19  81
 19  93
 19  96
 20  29
 20  35
 20  53
 20  79
 20  87
 20  94
 21  42
 21  53
 21  54
 21  85
 21  90
 22  27
 22  35
 22  38
 22  57
 22  72
 22  80
 22  82
 22  86
 22  90
 22  96
 23  49
 23  56
 23  68
 23  69
 23  70
 23  77
 23  80
 23  84
 23  87
 23  93
 24  30
 24  33
 24  39
 24  59
 24  69
 24  77
 24  81
 24  85
 24  89
 25  37
 25  49
 25  75
 25  97
 26  38
 26  40
 26  44
 26  52
 26  55
 26  61
 26  90
 26  97
 27  33
 27  35
 27  39
 27  47
 27  62
 27  66
 27  82
 27  99
 28  40
 28  41
 28  52
 28  57
 28  58
 28  59
 28  61
 28  70
 29  41
 29  43
 29  75
 29  85
 29  89
 30  36
 30  68
 30  70
 30  75
 30  76
 30  80
 30  84
 30  87
 30  88
 30  89
 30  95
 31  35
 31  38
 31  43
 31  45
 31  62
 31  63
 31  65
 31  66
 31  77
 31  79
 31  91
 31  92
 32  36
 32  38
 32  55
 32  71
 33  55
 33  74
 33  82
 33  83
 33  86
 33  89
 33  99
 34  36
 34  43
 34  63
 34  72
 34  81
 34  87
 34  88
 34  91
 34  94
 34  95
 35  48
 35  65
 35  81
 35  86
 35  90
 36  39
 36  44
 36  50
 36  51
 36  54
 36  59
 36  62
 36  69
 36  77
 36  79
 37  51
 37  63
 37  65
 37  70
 37  84
 37  96
 37  97
 38  39
 38  47
 38  59
 38  83
 38  96
 39  42
 39  50
 39  57
 39  63
 39  77
 39  93
 40  43
 40  75
 40  77
 40  99
 41  46
 41  58
 41  66
 41  85
 42  45
 42  63
 42  74
 42  78
 42  79
 42  84
 42  89
 42  92
 43  45
 43  56
 43  63
 43  75
 43  87
 43  88
 43  95
 44  46
 44  53
 44  54
 44  65
 44  66
 44  84
 44  90
 44  99
 45  54
 45  64
 45  89
 45  97
 45  98
 46  47
 46  73
 46  76
 46  84
 46  98
 46  99
 47  48
 47  61
 47  68
 47  88
 47  89
 47  92
 48  53
 48  54
 48  76
 48  80
 48  81
 48  82
 48  84
 48  85
 48  99
 49  76
 49  87
 49  93
 50  52
 50  61
 50  67
 50  74
 50  79
 50  86
 51  90
 51  92
 52  53
 52  67
 52  81
 52  84
 53  63
 53  88
 54  68
 54  93
 55  61
 55  76
 55  89
 55  92
 56  71
 56  83
 56  84
 56  90
 56  91
 56  99
 57  93
 58  70
 58  85
 58  90
 58  93
 58  97
 59  69
 59  73
 60  62
 60  75
 60  77
 60  81
 60  93
 60  94
 61  66
 61  70
 61  76
 61  80
 61  83
 61  86
 62  63
 62  70
 62  84
 62  85
 62  92
 62  93
 63  64
 63  73
 63  79
 63  98
 64  80
 64  92
 65  84
 65  87
 66  99
 67  74
 67  78
 68  77
 68  81
 71  74
 71  84
 71  85
 71  88
 71  92
 71  99
 72  89
 72  92
 72  99
 73  84
 74  76
 74  79
 74  80
 74  93
 75  99
 77  81
 78  95
 79  91
 79  92
 79  98
 80  87
 80  96
 81  84
 81  91
 81  93
 81  98
 82  96
 84  85
 84  88
 85  90
 86  89
 86  96
 88  92
 89  97
 94  99
