# n=100 p=0.100 seed=4255
  0   6
  0  18
  0  28
  0  32
  0  44
  0  53
  0  74
  0  85
  0  94
  0  97
  1  19
  1  23
  1  26
  1  42
  1  50
  1  65
  1  69
  1  78
  1  81
  1  86
  1  91
  2  12
  2  15
  2  21
  2  41
  2  44
  2  59
  2  62
  2  88
  2  93
  3   9
  3  10
  3  17
  3  24
  3  35
  3  51
  3  78
  3  86
  4   7
  4   9
  4  11
  4  15
  4  24
  4  31
  4  41
  4  43
  4  45
  4  46
  4  59
  4  64
  4  73
  4  81
  4  82
  5  32
  5  39
  5  43
  5  50
  5  52
  5  57
  5  82
  5  88
  6   9
  6  15
  6  22
  6  34
  6  52
  6  61
  6  79
  6  93
  7   9
  7  16
  7  44
  7  49
  7  61
  7  67
  7  72
  7  84
  7  96
  8  18
  8  23
  8  35
  8  37
  8  43
  8  87
  8  94
  9  12
  9  30
  9  31
  9  32
  9  36
  9  52
  9  53
  9  80
  9  83
  9  86
 10  17
 10  47
 10  56
 10  57
 10  60
 10  61
 10  74
 11  12
 11  16
 11  18
 11  24
 11  26
 11  34
 11  50
 11  78
 11  85
 12  15
 12  18
 12  39
 12  47
 12  60
 12  66
 12  70
 12  73
 12  84
 12  99
 13  21
 13  33
 13  62
 13  69
 13  86
 13  88
 14  16
 14  28
 14  39
 14  40
 14  45
 14  62
 14  75
 14  80
 14  82
 14  88
 14  90
 14  91
 14  92
 15  17
 15  26
 15  27
 15  29
 15  66
 15  68
 15  83
 15  99
 16  19
 16  21
 16  24
 16  26
 16  34
 16  36
 16  43
 16  53
 16  60
 16  72
 16  90
 16  95
 17  21
 17  31
 17  38
 17  68
 17  77
 17  90
 17  92
 18  25
 18  32
 18  37
 18  51
 18  57
 18  71
 18  79
 18  82
 18  89
 18  97
 19  35
 19  56
 19  59
 19  65
 19  67
 19  69
 19  96
 20  34
 20  40
 20  52
 20  62
 20  63
 20  65
 20  89
 21  29
 21  30
 21  39
 21  42
 21  44
 21  60
 21  66
 21  84
 21  99
 22  44
 22  59
 22  72
 22  79
 22  81
 22  87
 22  90
 22  92
 22  95
 23  29
 23  33
 23  55
 23  73
 23  78
 23  83
 23  84
 23  86
 24  25
 24  31
 24  36
 24  39
 24  42
 24  48
 24  49
 24  55
 24  57
 24  63
 24  69
 24  75
 24  90
 25  32
 25  34
 25  36
 25  37
 25  66
 25  70
 25  87
 25  88
 26  29
 26  38
 26  40
 26  42
 26  53
 26  70
 26  72
 26  73
 26  80
 27  59
 27  63
 27  76
 27  79
 27  83
 27  91
 27  95
 28  31
 28  47
 28  54
 28  86
 28  94
 28  95
 29  39
 29  47
 29  55
 29  61
 29  89
 29  95
 30  39
 30  49
 30  50
 30  67
 30  75
 31  38
 31  43
 31  50
 31  53
 31  55
 31  88
 31  96
 32  33
 32  37
 32  54
 32  63
 32  84
 32  86
 33  50
 33  54
 33  55
 33  56
 33  67
 33  71
 33  75
 33  77
 33  84
 33  85
 34  47
 34  57
 34  62
 34  99
 35  43
 35  54
 35  56
 35  62
 35  64
 35  71
 35  75
 35  77
 35  88
 35  92
 35  93
 35  95
 36  51
 36  52
 36  67
 36  78
 37  38
 37  42
 37  44
 37  47
 37  61
 37  74
 37  78
 37  79
 37  83
 37  87
 37  91
 37  93
 37  97
 38  41
 38  45
 38  48
 38  51
 38  81
 39  57
 39  78
 39  88
 39  91
 39  93
 39  97
 40  43
 40  51
 40  62
 40  78
 40  98
 41  52
 41  60
 41  64
 41  82
 41  85
 41  98
 42  44
 42  59
 42  61
 42  66
 42  67
 42  68
 42  72
 42  75
 42  77
 42  86
 42  91
 43  53
 43  69
 43  77
 43  96
 44  51
 44  59
 44  96
 45  48
 45  61
 45  72
 45  74
 45  98
 46  52
 46  55
 46  63
 46  68
 46  75
 47  53
 47  62
 47  68
 47  83
 47  88
 47  91
 48  57
 48  67
 48  77
 48  82
 48  83
 48  92
 48  99
 49  76
 49  78
 49  88
 49  96
 50  57
 50  60
 50  81
 50  85
 50  88
 51  53
 51  59
 51  70
 51  77
 52  62
 52  64
 52  81
 52  83
 52  88
 52  99
 53  67
 53  72
 53  85
 54  55
 54  67
 54  84
 54  97
 55  65
 55  72
 55  74
 55  86
 55  88
 55  94
 56  65
 56  78
 56  79
 56  82
 56  85
 56  93
 56  96
 57  64
 57  75
 57  96
 58  71
 58  76
 58  88
 58  94
 59  61
 59  72
 59  89
 59  91
 60  65
 60  68
 60  71
 60  84
 60  97
 61  65
 61  67
 61  85
 61  94
 61  95
 61  98
 62  73
 62  74
 62  87
 62  90
 62  94
 62  99
 63  65
 63  97
 64  69
 64  96
 65  67
 65  71
 65  86
 65  91
 65  97
 66  71
 66  72
 66  73
 66  85
 66  86
 66  93
 66  94
 67  74
 67  76
 67  98
 68  75
 68  77
 68  82
 68  84
 68  87
 68  89
 68  92
 69  73
 69  76
 69  83
 70  71
 70  81
 70  93
 70  95
 71  85
 72  90
 73  86
 73  97
 74  80
 74  87
 75  90
 76  81
 76  85
 76  86
 76  88
 77  85
 77  96
 77  98
 78  87
 78  91
 79  80
 80  88
 80  93
 81  87
 81  97
 84  96
 84  97
 85  90
 85  97
 85  98
 86  87
 86  96
 86  98
 88  95
 89  93
 89  95
 92  97
 96  98
 97  98
