# n=100 p=0.100 seed=4340
  0  11
  0  20
  0  25
  0  26
  0  27
  0  29
  0  42
  0  60
  0  66
  0  77
  0  90
  1  35
  1  38
  1  47
  1  51
  1  79
  1  80
  1  97
  2  23
  2  24
  2  26
  2  34
  2  35
  2  68
  2  77
  3  21
  3  26
  3  32
  3  54
  3  57
  3  63
  3  69
  3  72
  3  75
  3  87
  3  95
  4   9
  4  10
  4  18
  4  38
  4  57
  4  61
  4  83
  4  84
  4  85
  4  87
  4  88
  4  99
  5  15
  5  23
  5  40
  5  42
  5  56
  5  57
  5  61
  5  80
  6   7
  6   8
  6  12
  6  23
  6  25
  6  27
  6  42
  6  60
  6  85
  7  33
  7  39
  7  79
  7  87
  7  88
  8  20
  8  38
  8  47
  8  90
  8  92
  9  15
  9  20
  9  30
  9  33
  9  52
  9  53
  9  77
  9  79
  9  97
 10  56
 10  77
 10  90
 10  97
 11  27
 11  29
 11  30
 11  33
 11  40
 11  60
 11  62
 11  81
 11  99
 12  19
 12  21
 12  28
 12  41
 12  46
 12  61
 12  80
 12  99
 13  17
 13  19
 13  23
 13  31
 13  36
 13  59
 13  62
 13  74
 13  87
 13  90
 13  91
 13  95
 13  99
 14  18
 14  26
 14  27
 14  28
 14  35
 14  46
 14  48
 14  49
 14  54
 14  57
 14  63
 14  82
 14  85
 14  97
 15  19
 15  24
 15  25
 15  62
 15  71
 15  72
 15  80
 16  21
 16  40
 16  72
 16  80
 16  83
 16  89
 16  91
 16  94
 17  26
 17  60
 17  66
 17  73
 17  80
 17  97
 18  35
 18  59
 18  71
 18  74
 18  76
 18  85
 18  89
 18  94
 19  20
 19  26
 19  42
 19  47
 19  56
 19  75
 20  26
 20  37
 20  52
 20  66
 20  75
 20  87
 20  94
 20  97
 20  99
 21  33
 21  35
 21  37
 21  40
 21  66
 21  73
 21  74
 21  76
 21  85
 21  98
 22  32
 22  41
 22  49
 22  54
 22  71
 22  99
 23  28
 23  32
 23  34
 23  50
 23  51
 23  54
 23  63
 23  84
 23  98
 24  29
 24  35
 24  45
 24  50
 24  60
 24  65
 24  72
 24  90
 24  94
 25  29
 25  31
 25  46
 25  54
 25  56
 25  80
 25  90
 25  99
 26  53
 26  69
 26  73
 26  89
 26  93
 27  34
 27  45
 27  48
 27  53
 27  64
 27  72
 27  93
 28  39
 28  57
 28  77
 28  79
 28  93
 29  42
 29  46
 29  59
 29  67
 29  72
 29  78
 29  82
 29  86
 29  89
 29  94
 30  33
 30  36
 30  52
 30  55
 30  77
 30  79
 30  84
 30  97
 31  46
 31  54
 31  56
 31  59
 31  65
 31  83
 31  99
 32  35
 32  45
 32  68
 32  70
 32  77
 32  83
 32  91
 32  99
 33  39
 33  47
 33  53
 33  56
 33  80
 33  96
 33  98
 34  50
 34  57
 34  66
 34  77
 34  79
 34  89
 35  39
 35  49
 35  50
 35  58
 35  67
 35  69
 35  70
 35  79
 35  84
 36  39
 36  50
 36  71
 36  75
 36  98
 37  52
 37  53
 37  58
 37  59
 37  69
 38  40
 38  47
 38  77
 38  81
 38  84
 39  41
 39  42
 39  52
 39  55
 39  64
 39  66
 39  68
 39  78
 39  81
 40  42
 40  49
 40  55
 40  59
 40  66
 40  67
 40  81
 40  97
 40  99
 41  46
 41  86
 42  45
 42  48
 42  51
 42  52
 42  59
 43  57
 43  83
 44  47
 44  53
 44  63
 44  71
 44  96
 45  46
 45  51
 45  52
 45  53
 45  58
 45  69
 45  71
 45  87
 45  98
 46  52
 46  53
 46  79
 46  91
 46  93
 47  67
 47  82
 47  90
 48  55
 48  68
 48  73
 48  92
 48  96
 48  99
 49  58
 49  64
 49  72
 49  87
 49  91
 50  54
 50  65
 50  67
 50  75
 50  81
 50  92
 50  94
 50  95
 51  56
 51  70
 51  81
 51  83
 52  64
 52  66
 52  69
 52  70
 52  71
 52  93
 53  55
 53  76
 53  87
 53  89
 53  98
 54  62
 54  82
 54  85
 54  91
 55  57
 55  82
 55  83
 55  94
 56  60
 56  61
 56  73
 56  99
 57  61
 57  69
 57  75
 57  78
 57  89
 57  96
 58  72
 59  64
 59  65
 59  82
 59  85
 59  99
 60  76
 60  79
 60  80
 60  87
 60  91
 61  79
 61  90
 61  94
 62  68
 62  85
 64  68
 64  80
 64  90
 65  74
 65  94
 66  83
 66  87
 66  89
 66  95
 67  79
 67  82
 68  75
 68  76
 68  79
 68  98
 69  84
 69  96
 70  93
 70  94
 71  74
 72  76
 72  77
 72  93
 72  98
 73  76
 73  80
 73  84
 73  93
 73  96
 74  77
 74  81
 74  91
 75  80
 75  84
 78  87
 78  97
 79  91
 80  96
 80  98
 81  87
 81  88
 81  96
 82  88
 83  84
 83  91
 83  92
 84  93
 84  99
 85  97
 86  89
 87  90
 87  97
 88  94
 88  98
 89  98
 90  99
 92  96
 93  95
 93  99
 95  97
 95  99
 96  97
 97  99
 98  99
