# n=100 p=0.100 seed=4273
  0   2
  0   5
  0  47
  0  48
  0  54
  0  55
  0  61
  0  62
  0  75
  0  91
  1   9
  1  20
  1  22
  1  42
  1  43
  1  44
  1  81
  1  90
  2   8
  2  32
  2  34
  2  38
  2  56
  2  64
  2  89
  3  12
  3  18
  3  29
  3  58
  3  92
  3  93
  3  95
  4   9
  4  15
  4  39
  4  48
  4  59
  4  67
  4  87
  4  88
  4  90
  5  13
  5  25
  5  33
  5  41
  5  44
  5  47
  5  49
  5  59
  5  79
  5  84
  5  85
  5  98
  6  19
  6  24
  6  35
  6  38
  6  62
  6  66
  6  67
  6  89
  7   8
  7  15
  7  32
  7  59
  7  63
  7  82
  7  86
  7  87
  7  93
  7  97
  8  15
  8  21
  8  43
  8  53
  8  92
  8  99
  9  17
  9  24
  9  34
  9  40
  9  47
  9  50
  9  57
  9  72
  9  73
  9  77
  9  83
 10  14
 10  34
 10  37
 10  43
 10  51
 10  58
 10  69
 10  93
 11  32
 11  33
 11  36
 11  40
 11  45
 11  69
 11  73
 11  76
 11  81
 11  95
 12  41
 12  63
 12  72
 12  78
 12  96
 13  36
 13  41
 13  42
 13  53
 13  55
 13  59
 14  16
 14  18
 14  26
 14  32
 14  42
 14  43
 14  52
 14  56
 14  67
 14  84
 14  86
 14  87
 15  17
 15  36
 15  43
 15  48
 15  51
 15  56
 15  65
 15  71
 15  78
 15  94
 15  95
 16  19
 16  57
 16  62
 16  96
 17  24
 17  34
 17  42
 17  45
 17  49
 17  53
 17  59
 17  75
 17  94
 18  32
 18  42
 18  51
 18  63
 18  77
 18  84
 18  85
 19  20
 19  31
 19  44
 19  46
 19  80
 20  31
 20  32
 20  37
 20  52
 20  67
 20  70
 20  78
 20  85
 21  48
 21  50
 21  57
 21  72
 21  77
 21  86
 21  95
 22  24
 22  68
 22  82
 22  98
 23  26
 23  31
 23  32
 23  33
 23  39
 23  40
 23  59
 23  62
 23  66
 23  70
 23  83
 23  94
 23  97
 23  99
 24  36
 24  39
 24  55
 24  59
 24  63
 24  78
 25  31
 25  51
 25  52
 25  56
 25  64
 25  77
 25  85
 25  86
 25  91
 26  36
 26  37
 26  50
 26  66
 26  71
 26  84
 27  40
 27  41
 27  42
 27  43
 27  45
 27  55
 27  64
 27  65
 27  66
 27  73
 27  90
 28  29
 28  32
 28  37
 28  39
 28  46
 28  79
 28  80
 28  84
 28  93
 28  98
 29  53
 29  63
 29  73
 29  77
 29  78
 29  95
 29  98
 29  99
 30  41
 30  71
 30  86
 30  87
 30  91
 30  95
 31  38
 31  84
 32  37
 32  39
 32  45
 32  48
 32  56
 32  59
 32  63
 32  64
 32  85
 33  71
 34  42
 34  47
 34  48
 34  53
 34  57
 34  69
 34  81
 34  84
 34  86
 34  98
 35  38
 35  42
 35  50
 35  53
 35  60
 35  61
 35  71
 35  77
 35  82
 35  84
 36  71
 37  54
 37  68
 38  40
 38  51
 38  67
 38  80
 38  86
 39  44
 39  55
 39  59
 39  62
 39  72
 39  75
 39  84
 39  90
 39  98
 39  99
 40  48
 40  59
 40  61
 40  63
 40  94
 41  42
 41  43
 41  48
 41  62
 41  81
 42  45
 42  47
 42  51
 42  67
 42  72
 42  82
 42  90
 42  94
 43  61
 43  78
 43  86
 43  90
 44  77
 44  78
 45  58
 45  64
 45  67
 45  92
 46  70
 46  74
 46  88
 46  90
 46  91
 46  92
 47  73
 47  92
 48  64
 48  67
 48  72
 48  82
 49  65
 49  85
 50  59
 50  67
 50  76
 50  77
 50  83
 50  84
 50  86
 50  96
 51  55
 51  62
 51  68
 51  70
 51  85
 51  89
 52  61
 52  76
 52  93
 52  94
 53  63
 53  75
 53  77
 53  78
 53  80
 54  55
 54  78
 54  91
 54  96
 55  63
 55  92
 55  96
 58  60
 58  92
 59  63
 59  69
 59  82
 59  97
 59  99
 60  79
 60  91
 60  96
 61  87
 62  65
 62  81
 62  87
 62  89
 63  65
 63  71
 63  73
 63  76
 64  82
 65  83
 66  67
 67  73
 67  77
 67  79
 67  80
 67  86
 68  71
 69  74
 69  81
 69  83
 69  93
 70  74
 71  90
 72  74
 72  92
 72  94
 72  96
 72  98
 73  79
 73  85
 73  89
 73  91
 73  98
 74  75
 74  76
 74  78
 75  78
 75  79
 75  82
 75  85
 76  77
 76  98
 77  94
 77  95
 78  79
 79  81
 79  86
 80  90
 81  94
 81  98
 83  88
 83  89
 83  98
 84  88
 85  94
 87  94
 87  97
 88  91
 88  97
 89  91
 89  92
 89  99
 91  92
 93  98
 94  99
