# n=100 p=0.100 seed=4360
  0  21
  0  35
  0  39
  0  45
  0  50
  0  56
  0  69
  0  75
  0  78
  0  84
  1  10
  1  46
  1  52
  1  57
  1  68
  1  85
  2   3
  2  18
  2  21
  2  23
  2  34
  2  42
  2  56
  2  61
  2  68
  2  90
  3  12
  3  33
  3  37
  3  47
  3  60
  3  64
  3  67
  3  85
  3  89
  3  92
  4   5
  4  19
  4  20
  4  25
  4  28
  4  74
  4  93
  5   9
  5  21
  5  24
  5  29
  5  44
  5  50
  5  53
  5  60
  5  61
  5  63
  5  76
  5  85
  6   9
  6  14
  6  51
  6  92
  6  97
  7  24
  7  29
  7  40
  7  42
  7  44
  7  46
  7  66
  7  68
  7  72
  7  74
  7  80
  7  81
  7  84
  7  90
  8  20
  8  21
  8  24
  8  28
  8  45
  8  47
  8  48
  8  51
  8  61
  8  74
  8  79
  8  81
  8  82
  8  87
  9  18
  9  19
  9  22
  9  24
  9  29
  9  32
  9  39
  9  61
  9  65
  9  75
  9  84
 10  47
 10  83
 10  84
 11  14
 11  19
 11  24
 11  33
 11  34
 11  63
 11  67
 11  68
 11  80
 11  88
 12  13
 12  14
 12  33
 12  44
 12  51
 12  61
 12  64
 12  79
 12  85
 13  22
 13  23
 13  36
 13  37
 13  45
 13  46
 13  51
 13  73
 13  76
 13  78
 13  85
 13  94
 14  32
 14  39
 14  41
 14  42
 14  47
 14  52
 14  60
 14  61
 14  70
 14  73
 14  75
 14  82
 15  23
 15  33
 15  36
 15  39
 15  40
 15  71
 15  84
 15  91
 15  94
 15  98
 16  29
 16  30
 16  32
 16  38
 16  50
 16  55
 16  76
 16  82
 16  91
 17  29
 17  30
 17  54
 17  81
 17  99
 18  60
 18  63
 18  68
 18  74
 18  75
 18  83
 19  46
 19  61
 19  86
 20  21
 20  36
 20  40
 20  45
 20  80
 20  85
 21  23
 21  60
 21  72
 21  84
 21  95
 22  23
 22  28
 22  36
 22  47
 22  57
 22  86
 22  89
 23  25
 23  35
 23  39
 23  51
 23  53
 23  56
 23  77
 23  84
 23  95
 23  97
 24  25
 24  33
 24  37
 24  50
 24  57
 24  78
 25  36
 25  42
 25  51
 25  53
 25  76
 25  92
 25  93
 26  28
 26  35
 26  37
 26  57
 26  66
 26  99
 27  49
 27  50
 27  54
 27  71
 27  73
 27  76
 27  82
 27  85
 27  96
 28  33
 28  36
 28  46
 28  50
 28  71
 28  92
 29  31
 29  48
 29  56
 29  65
 29  67
 30  36
 30  50
 30  59
 30  73
 30  82
 30  97
 31  50
 31  55
 31  58
 31  64
 31  67
 31  83
 31  87
 31  90
 32  34
 32  44
 32  52
 32  60
 32  75
 32  80
 32  82
 32  83
 32  86
 32  92
 33  53
 33  62
 33  66
 33  89
 33  94
 33  95
 33  97
 34  53
 34  57
 34  60
 34  70
 34  85
 34  99
 35  43
 35  44
 35  52
 35  69
 35  79
 35  84
 35  85
 35  95
 36  57
 36  69
 36  77
 36  84
 36  92
 37  41
 37  46
 37  59
 37  62
 37  67
 37  81
 38  42
 38  47
 38  56
 38  57
 38  59
 38  61
 38  65
 38  77
 38  93
 38  99
 39  45
 39  48
 39  68
 39  72
 39  90
 39  91
 40  44
 40  59
 40  62
 40  76
 40  79
 40  80
 40  98
 41  44
 41  51
 41  90
 41  96
 42  47
 42  48
 42  55
 42  68
 42  71
 42  72
 42  84
 43  49
 43  55
 43  61
 43  62
 43  69
 43  70
 44  45
 44  53
 44  75
 44  83
 44  97
 45  54
 45  59
 45  69
 46  89
 46  94
 47  49
 47  63
 47  64
 47  65
 47  67
 47  68
 47  81
 48  72
 48  87
 48  88
 48  96
 49  56
 49  76
 49  78
 49  82
 49  84
 49  87
 50  57
 50  60
 50  71
 50  85
 50  87
 50  88
 50  91
 50  95
 50  97
 51  68
 51  71
 51  97
 52  53
 52  67
 52  75
 52  76
 52  83
 52  87
 53  70
 53  83
 53  85
 54  58
 54  63
 54  65
 54  74
 54  87
 54  95
 54  97
 55  57
 55  63
 55  67
 55  69
 55  74
 55  78
 55  87
 55  92
 55  97
 56  72
 56  75
 56  81
 56  92
 57  67
 57  68
 57  73
 57  79
 57  80
 57  97
 58  77
 58  82
 58  92
 59  60
 59  61
 59  68
 59  85
 60  64
 60  76
 60  84
 60  89
 60  94
 61  70
 61  76
 61  77
 61  84
 61  87
 62  69
 62  81
 62  94
 62  95
 62  97
 63  64
 63  77
 63  80
 63  98
 65  91
 65  92
 66  74
 66  76
 66  83
 66  93
 67  75
 67  86
 67  87
 68  71
 68  85
 68  88
 68  95
 69  79
 69  97
 70  82
 70  96
 70  99
 71  77
 71  91
 72  91
 72  98
 73  74
 73  76
 73  99
 74  94
 74  98
 75  80
 76  81
 76  82
 76  90
 77  79
 77  96
 77  99
 80  91
 81  86
 82  86
 83  98
 84  92
 85  89
 85  91
 86  90
 87  88
 87  92
 87  95
 88  90
 89  91
 89  94
 89  96
 90  95
 91  93
 91  98
 92  93
 96  97
