# n=100 p=0.100 seed=4302
  0   2
  0   7
  0  27
  0  39
  0  40
  0  43
  0  45
  0  59
  0  75
  0  83
  0  95
  1  10
  1  38
  1  44
  1  47
  1  59
  1  67
  1  72
  1  89
  1  99
  2  13
  2  16
  2  31
  2  40
  2  43
  2  60
  2  64
  2  66
  2  99
  3  58
  3  62
  3  76
  3  81
  3  97
  4  18
  4  27
  4  29
  4  70
  4  84
  4  86
  4  91
  5  22
  5  24
  5  42
  6   7
  6  10
  6  26
  6  30
  6  65
  6  74
  7  10
  7  12
  7  20
  7  23
  7  24
  7  33
  7  50
  7  69
  7  84
  8  22
  8  41
  8  49
  8  60
  8  65
  8  72
  8  73
  8  80
  8  81
  8  82
  8  94
  9  11
  9  37
  9  49
  9  55
  9  91
  9  95
  9  97
 10  15
 10  19
 10  20
 10  22
 10  54
 10  55
 10  69
 10  80
 10  99
 11  13
 11  15
 11  47
 11  48
 11  67
 11  71
 11  80
 11  83
 11  91
 12  17
 12  30
 12  41
 12  43
 12  45
 12  61
 12  62
 12  79
 12  80
 12  85
 13  15
 13  47
 13  63
 13  65
 13  94
 14  21
 14  32
 14  38
 14  46
 14  50
 14  83
 14  87
 14  89
 14  91
 14  92
 14  93
 15  21
 15  29
 15  46
 15  53
 15  78
 16  19
 16  28
 16  35
 16  39
 16  54
 16  55
 16  71
 16  80
 16  85
 16  99
 17  18
 17  20
 17  36
 17  37
 17  40
 17  41
 17  64
 17  77
 17  86
 17  93
 17  97
 18  25
 18  29
 18  43
 18  62
 18  70
 18  79
 18  92
 18  99
 19  20
 19  60
 19  66
 19  73
 19  74
 19  83
 19  99
 20  22
 20  25
 20  28
 20  33
 20  50
 20  57
 20  65
 20  77
 20  91
 20  92
 21  28
 21  43
 21  70
 21  79
 21  81
 21  87
 21  94
 21  99
 22  39
 22  58
 22  84
 23  25
 23  46
 23  47
 23  56
 23  57
 23  78
 23  92
 23  98
 24  26
 24  30
 24  54
 24  55
 24  57
 24  69
 24  71
 24  89
 25  32
 25  62
 25  66
 25  98
 26  31
 26  33
 26  42
 26  52
 26  53
 26  55
 26  56
 26  61
 26  68
 26  79
 26  80
 26  81
 26  85
 26  91
 26  96
 26  98
 26  99
 27  46
 27  49
 27  54
 27  58
 27  74
 27  77
 27  79
 27  83
 27  89
 27  97
 27  98
 27  99
 28  32
 28  41
 28  53
 28  92
 28  99
 29  40
 29  47
 29  58
 29  67
 29  90
 29  95
 29  98
 30  34
 30  47
 30  70
 30  72
 30  82
 30  94
 30  98
 31  33
 31  35
 31  36
 31  53
 31  59
 31  78
 31  83
 31  88
 31  98
 32  34
 32  48
 32  67
 32  69
 32  73
 32  80
 32  89
 32  92
 32  97
 33  34
 33  40
 33  42
 33  46
 33  50
 33  70
 33  72
 33  73
 33  79
 33  93
 34  36
 34  41
 34  49
 34  54
 34  55
 34  60
 34  79
 34  99
 35  43
 35  46
 35  48
 35  51
 35  55
 35  63
 35  66
 35  86
 35  97
 36  46
 36  53
 36  59
 36  60
 36  62
 36  65
 36  70
 36  72
 36  73
 36  77
 36  85
 36  87
 37  39
 37  42
 37  48
 37  49
 37  50
 37  59
 37  82
 37  83
 37  98
 37  99
 38  44
 38  49
 38  51
 38  62
 38  75
 38  88
 38  90
 38  94
 39  42
 39  45
 39  64
 39  65
 39  74
 39  75
 39  78
 40  43
 40  47
 40  50
 40  52
 40  62
 40  67
 40  71
 40  74
 40  76
 41  58
 41  65
 41  75
 41  80
 42  44
 42  64
 42  72
 42  84
 42  86
 42  95
 42  96
 42  97
 43  50
 43  51
 43  61
 43  87
 44  52
 44  61
 44  63
 44  66
 45  57
 45  69
 45  73
 45  82
 45  90
 45  94
 46  49
 46  54
 46  61
 46  62
 46  78
 46  79
 46  84
 46  88
 46  90
 46  93
 47  51
 47  59
 47  75
 47  85
 47  91
 47  99
 48  52
 48  56
 48  96
 49  56
 49  61
 49  75
 49  82
 49  84
 49  87
 49  91
 50  56
 50  70
 50  73
 50  79
 50  85
 50  89
 51  55
 51  58
 51  66
 51  70
 51  83
 51  86
 51  90
 51  94
 51  97
 52  79
 52  97
 53  63
 53  73
 53  78
 53  88
 54  62
 54  96
 55  56
 55  77
 55  93
 56  61
 56  95
 57  60
 57  73
 57  95
 58  62
 58  68
 58  69
 58  84
 58  88
 58  92
 58  96
 59  65
 59  66
 59  72
 59  75
 59  80
 59  83
 59  93
 59  96
 60  81
 60  84
 60  95
 60  98
 61  66
 61  70
 61  72
 61  84
 61  86
 62  75
 62  76
 62  81
 62  97
 63  65
 63  72
 63  79
 64  88
 64  93
 65  71
 65  73
 65  74
 65  75
 65  98
 66  89
 67  77
 67  82
 67  88
 68  69
 68  86
 68  90
 68  92
 69  83
 69  84
 69  87
 69  96
 70  72
 70  73
 70  80
 70  82
 70  89
 70  96
 71  77
 71  81
 71  84
 72  87
 72  89
 73  76
 73  93
 74  77
 74  79
 74  82
 74  95
 75  83
 75  86
 75  90
 75  97
 77  84
 77  85
 78  79
 78  97
 78  98
 79  81
 79  93
 79  95
 79  97
 80  85
 81  88
 81  91
 81  94
 81  99
 82  95
 83  87
 83  96
 83  98
 84  85
 84  93
 84  94
 85  91
 85  92
 86  89
 86  91
 87  88
 87  99
 89  99
 94  97
