# n=100 p=0.100 seed=4341
  0   6
  0  10
  0  11
  0  13
  0  26
  0  38
  0  40
  0  53
  0  55
  0  72
  0  88
  1  30
  1  38
  1  43
  1  57
  1  58
  1  92
  2  12
  2  25
  2  28
  3  11
  3  12
  3  28
  3  29
  3  37
  3  50
  3  55
  3  62
  4   5
  4  10
  4  17
  4  21
  4  32
  4  44
  4  46
  4  67
  4  78
  4  79
  4  80
  4  87
  4  88
  4  92
  4  96
  5   6
  5  39
  5  55
  5  65
  5  67
  5  70
  5  71
  5  74
  6   7
  6  21
  6  22
  6  26
  6  48
  6  78
  6  92
  7   9
  7  19
  7  20
  7  32
  7  44
  7  57
  7  68
  7  84
  7  93
  8  15
  8  32
  8  52
  8  56
  8  62
  8  64
  8  69
  8  77
  9  14
  9  16
  9  29
  9  41
  9  43
  9  48
  9  65
  9  76
  9  83
  9  86
  9  94
  9  95
 10  19
 10  25
 10  28
 10  35
 10  61
 10  69
 10  71
 10  85
 10  89
 11  17
 11  19
 11  20
 11  41
 11  42
 11  43
 11  47
 11  61
 11  84
 11  99
 12  40
 12  43
 12  55
 12  57
 12  62
 12  66
 12  68
 12  71
 12  72
 12  79
 12  81
 12  87
 12  97
 12  98
 13  23
 13  26
 13  29
 13  32
 13  34
 13  38
 13  40
 13  43
 13  53
 13  58
 13  63
 13  83
 14  16
 14  22
 14  31
 14  35
 14  36
 14  42
 14  54
 14  55
 14  97
 15  27
 15  42
 15  47
 15  50
 15  51
 15  63
 15  65
 15  79
 15  80
 15  82
 15  93
 15  94
 15  96
 16  43
 16  49
 16  64
 16  84
 16  85
 16  87
 17  18
 17  27
 17  31
 17  35
 17  37
 17  42
 18  20
 18  34
 18  35
 18  41
 18  43
 18  55
 18  70
 18  80
 18  99
 19  46
 19  52
 19  57
 19  58
 19  75
 19  89
 19  92
 19  93
 19  99
 20  31
 20  47
 20  58
 20  64
 20  68
 21  43
 21  45
 21  46
 21  52
 21  56
 21  65
 21  88
 22  29
 22  46
 22  87
 22  88
 22  96
 23  73
 23  86
 23  90
 23  93
 24  30
 24  40
 24  53
 24  56
 24  76
 24  80
 24  99
 25  41
 25  42
 25  53
 25  54
 25  58
 25  62
 25  66
 25  73
 25  76
 25  77
 26  29
 26  42
 26  51
 26  59
 26  70
 26  72
 26  73
 26  83
 26  86
 26  91
 27  33
 27  48
 27  56
 27  73
 27  74
 27  83
 27  94
 28  39
 28  48
 28  56
 28  63
 28  82
 28  86
 28  94
 28  96
 29  30
 29  32
 29  45
 29  57
 29  79
 29  97
 30  51
 30  85
 30  89
 30  93
 31  65
 31  82
 32  69
 32  70
 33  36
 33  49
 33  55
 33  63
 33  98
 34  53
 34  56
 34  80
 34  86
 35  48
 35  59
 35  62
 35  69
 35  88
 35  97
 36  37
 36  46
 36  55
 36  67
 36  68
 36  81
 36  88
 37  43
 37  51
 37  53
 37  63
 37  82
 37  91
 37  99
 38  43
 38  46
 38  49
 38  52
 38  64
 38  66
 38  68
 38  74
 38  77
 38  78
 38  79
 38  80
 38  85
 38  87
 38  91
 38  96
 39  42
 39  45
 39  53
 39  60
 39  74
 39  94
 39  95
 40  46
 40  48
 40  61
 40  64
 40  65
 40  67
 40  71
 40  74
 40  77
 40  80
 40  81
 40  82
 41  64
 41  65
 41  82
 42  50
 42  78
 42  79
 42  86
 42  88
 42  90
 42  94
 43  56
 43  58
 43  61
 43  69
 43  74
 43  89
 44  58
 44  64
 44  69
 44  70
 44  79
 44  81
 44  89
 44  99
 45  48
 45  49
 45  67
 45  81
 45  86
 45  89
 45  90
 45  99
 46  53
 46  54
 46  58
 46  79
 46  97
 47  69
 47  71
 47  74
 48  51
 48  54
 48  74
 48  78
 48  80
 48  91
 48  92
 48  98
 49  58
 49  61
 49  74
 49  75
 49  95
 50  75
 50  80
 50  85
 50  91
 50  92
 50  96
 51  55
 51  57
 51  62
 51  70
 51  82
 51  89
 52  55
 52  66
 52  67
 52  70
 52  73
 52  77
 52  78
 52  84
 53  78
 53  84
 53  90
 53  93
 54  68
 54  71
 54  82
 54  92
 55  60
 55  65
 55  69
 57  59
 57  62
 57  64
 57  73
 57  76
 57  85
 57  97
 57  98
 57  99
 58  59
 58  81
 58  91
 59  74
 59  75
 59  79
 59  80
 59  82
 59  84
 60  68
 60  71
 60  89
 61  78
 61  83
 61  84
 61  85
 61  92
 61  99
 62  71
 62  88
 62  96
 63  65
 63  99
 64  74
 64  79
 64  82
 64  96
 64  99
 65  66
 65  74
 65  81
 65  95
 66  67
 66  82
 66  86
 67  74
 67  78
 67  96
 68  88
 68  95
 68  96
 69  72
 69  74
 70  96
 71  77
 71  86
 71  98
 71  99
 72  86
 72  98
 73  87
 73  88
 73  89
 74  88
 74  94
 75  83
 75  89
 76  77
 76  79
 76  88
 77  81
 77  89
 77  91
 78  84
 79  85
 79  90
 80  86
 80  88
 80  90
 80  94
 81  88
 81  89
 83  87
 85  95
 87  91
 87  98
 88  90
 89  97
 92  95
 93  95
 93  98
 94  96
 97  98
