# n=100 p=0.100 seed=4282
  0   6
  0  10
  0  34
  0  42
  0  66
  0  84
  0  89
  0  94
  0  97
  1   4
  1   8
  1   9
  1  13
  1  15
  1  18
  1  31
  1  69
  1  77
  2  18
  2  36
  2  40
  2  46
  2  49
  2  55
  2  58
  2  60
  2  65
  2  81
  2  88
  2  91
  3  26
  3  33
  3  46
  3  52
  3  58
  3  65
  3  67
  3  74
  3  75
  3  77
  3  95
  3  97
  4  28
  4  41
  4  75
  4  80
  4  81
  5  14
  5  15
  5  17
  5  21
  5  26
  5  29
  5  61
  5  71
  5  82
  5  90
  5  96
  6  11
  6  16
  6  42
  6  60
  6  62
  6  63
  6  72
  6  80
  7  18
  7  26
  7  34
  7  36
  7  55
  7  61
  7  71
  7  76
  7  88
  7  90
  7  96
  8  14
  8  21
  8  37
  8  38
  8  47
  8  49
  8  52
  8  54
  8  77
  8  80
  8  87
  8  93
  8  97
  9  15
  9  18
  9  21
  9  29
  9  34
  9  37
  9  40
  9  42
  9  57
  9  60
  9  83
  9  87
 10  14
 10  15
 10  21
 10  53
 10  58
 10  80
 10  88
 11  14
 11  18
 11  28
 11  41
 11  49
 11  53
 11  55
 11  88
 12  21
 12  22
 12  29
 12  33
 12  46
 12  50
 12  53
 12  55
 12  62
 12  70
 12  84
 12  96
 12  98
 13  15
 13  16
 13  27
 13  40
 13  59
 13  65
 13  70
 13  82
 13  98
 14  16
 14  20
 14  29
 14  39
 14  43
 14  62
 14  67
 14  70
 14  75
 14  80
 14  94
 15  18
 15  24
 15  44
 15  48
 15  76
 15  78
 15  82
 15  92
 15  96
 16  45
 16  47
 16  49
 16  56
 16  60
 16  66
 16  67
 16  68
 16  83
 17  19
 17  33
 17  37
 17  38
 17  43
 17  51
 17  79
 17  82
 17  85
 17  93
 17  95
 17  98
 18  22
 18  38
 18  61
 18  85
 19  40
 19  53
 19  58
 19  66
 19  70
 19  96
 20  27
 20  45
 20  51
 20  53
 20  60
 20  63
 20  79
 20  80
 20  81
 20  82
 20  84
 20  85
 21  26
 21  32
 21  45
 21  62
 21  64
 21  75
 21  76
 21  86
 22  58
 22  64
 22  73
 22  77
 22  85
 23  27
 23  36
 23  42
 23  47
 23  55
 23  58
 23  71
 23  85
 24  34
 24  36
 24  40
 24  45
 24  72
 24  81
 24  87
 24  91
 25  32
 25  44
 25  51
 25  54
 25  62
 25  65
 25  74
 25  76
 26  58
 26  73
 26  81
 26  91
 27  32
 27  38
 27  43
 27  62
 27  67
 27  71
 27  72
 27  74
 27  89
 28  36
 28  41
 28  45
 28  47
 28  79
 28  89
 29  34
 29  42
 29  56
 29  57
 29  68
 29  86
 29  98
 30  33
 30  56
 30  58
 30  93
 30  94
 30  98
 30  99
 31  58
 31  69
 31  88
 31  94
 32  42
 32  49
 32  56
 32  69
 32  81
 32  92
 32  94
 33  38
 33  39
 33  41
 33  55
 33  58
 33  79
 33  97
 34  40
 34  41
 34  43
 34  58
 34  61
 34  66
 34  67
 34  68
 34  70
 34  80
 34  91
 35  54
 35  59
 35  60
 35  67
 35  74
 35  84
 35  86
 36  48
 36  65
 36  66
 36  78
 36  94
 36  97
 37  40
 37  42
 37  58
 37  74
 37  75
 37  79
 37  81
 37  97
 38  51
 38  53
 38  57
 38  88
 39  42
 39  44
 39  65
 39  72
 39  75
 39  89
 39  91
 40  41
 40  44
 40  47
 40  67
 40  82
 40  84
 40  86
 40  94
 41  44
 41  56
 41  58
 41  74
 41  79
 41  89
 42  45
 42  49
 43  48
 43  52
 43  60
 43  62
 43  64
 43  75
 43  81
 43  93
 43  94
 44  61
 44  63
 44  88
 45  54
 45  55
 45  60
 45  71
 45  77
 45  95
 46  69
 46  77
 46  78
 46  85
 46  96
 47  71
 47  77
 48  49
 48  81
 49  56
 49  81
 50  59
 50  64
 50  73
 50  89
 50  93
 51  55
 51  67
 51  90
 51  99
 52  53
 52  67
 52  75
 52  78
 52  79
 52  93
 52  96
 53  67
 53  73
 53  75
 54  59
 54  73
 54  82
 54  89
 55  57
 55  60
 55  93
 56  91
 57  59
 57  71
 57  72
 57  97
 57  98
 58  64
 58  86
 58  90
 58  96
 59  62
 59  63
 59  90
 59  93
 60  70
 60  71
 60  76
 60  83
 61  64
 61  73
 61  76
 61  82
 61  91
 61  99
 62  64
 62  67
 62  70
 62  83
 62  97
 62  99
 63  69
 63  77
 63  89
 63  92
 64  75
 64  77
 64  89
 65  76
 65  84
 66  69
 66  76
 66  91
 66  93
 67  86
 67  91
 68  82
 68  83
 68  84
 68  85
 68  86
 69  73
 69  77
 69  81
 70  77
 70  93
 71  84
 72  75
 72  76
 72  84
 72  98
 73  84
 73  91
 73  94
 74  83
 74  89
 74  91
 75  90
 76  85
 76  89
 77  97
 78  82
 78  83
 78  88
 78  94
 78  99
 79  85
 79  97
 80  85
 80  93
 81  85
 81  97
 82  83
 82  94
 83  89
 84  88
 84  93
 85  89
 85  93
 85  95
 86  93
 88  91
 91  93
 91  95
 91  99
 92  99
 95  96
