# n=40 p=0.200 seed=704
  0   5
  0  10
  0  15
  0  19
  0  28
  0  29
  1   5
  1  15
  1  24
  1  29
  1  37
  1  39
  2   6
  2   7
  2   9
  2  18
  2  19
  2  21
  2  23
  2  28
  2  35
  3   4
  3   7
  3   8
  3   9
  3  10
  3  11
  3  13
  3  16
  3  23
  3  24
  3  30
  3  37
  3  39
  4   5
  4  12
  4  14
  4  18
  4  22
  5  16
  5  18
  5  19
  5  21
  5  26
  5  27
  5  33
  6  11
  6  13
  6  20
  6  21
  6  22
  6  24
  6  26
  6  30
  6  31
  7   8
  7  13
  7  18
  7  25
  7  26
  7  29
  7  31
  8  24
  8  32
  8  39
  9  11
  9  12
  9  13
  9  17
  9  27
  9  33
  9  37
 10  11
 10  15
 10  20
 10  21
 10  26
 10  32
 10  34
 10  35
 11  12
 11  14
 11  15
 11  16
 11  18
 11  20
 11  25
 11  26
 11  27
 11  30
 11  33
 12  24
 12  25
 12  29
 12  35
 13  17
 13  23
 13  26
 13  35
 13  36
 13  39
 14  15
 14  16
 14  17
 14  19
 14  25
 14  26
 14  28
 14  29
 14  31
 14  38
 14  39
 15  17
 15  18
 15  22
 15  23
 15  29
 15  31
 16  19
 16  22
 16  28
 16  29
 16  35
 17  18
 17  26
 17  27
 17  28
 17  31
 17  35
 17  39
 18  25
 18  26
 18  29
 18  30
 18  31
 19  24
 19  26
 19  36
 20  27
 20  33
 20  34
 20  35
 20  36
 21  24
 21  27
 21  29
 21  30
 21  31
 21  35
 21  36
 22  24
 22  25
 22  32
 22  34
 22  38
 22  39
 23  24
 23  25
 23  32
 24  33
 25  30
 25  31
 25  33
 25  36
 27  30
 27  31
 27  36
 28  36
 28  39
 29  33
 29  35
 29  36
 30  33
 31  35
 32  35
 32  36
 33  38
 33  39
 34  35
 34  38
 36  37
 37  38
 37  39
