# n=40 p=0.200 seed=628
  0   3
  0   4
  0   5
  0   6
  0  15
  0  24
  0  30
  0  32
  0  35
  1   4
  1   9
  1  10
  1  18
  1  20
  1  23
  1  27
  1  29
  1  34
  1  36
  2   7
  2  10
  2  13
  2  18
  2  19
  2  24
  2  26
  2  36
  2  39
  3  12
  3  16
  3  18
  3  19
  3  24
  3  28
  3  30
  4  11
  4  23
  4  24
  4  26
  4  38
  5   7
  5  19
  5  23
  5  24
  6  10
  6  11
  6  26
  6  29
  6  33
  6  36
  7  16
  7  17
  7  22
  7  30
  7  36
  7  39
  8  12
  8  14
  8  17
  8  21
  8  24
  8  28
  8  29
  8  30
  8  31
  9  12
  9  19
  9  21
  9  23
  9  30
 10  13
 10  19
 10  20
 10  37
 10  38
 11  14
 11  18
 11  19
 11  20
 11  22
 11  36
 12  13
 12  23
 12  24
 12  26
 12  29
 12  30
 12  31
 12  37
 13  14
 13  18
 13  22
 13  24
 13  25
 13  28
 13  32
 14  19
 14  30
 14  31
 14  34
 15  20
 15  21
 15  24
 15  27
 15  28
 15  32
 15  33
 15  35
 15  38
 16  19
 16  22
 16  26
 16  34
 16  38
 17  19
 17  22
 17  29
 17  32
 17  33
 17  35
 17  37
 18  25
 18  30
 18  31
 18  36
 18  38
 19  20
 19  23
 19  24
 19  27
 19  28
 19  32
 19  35
 20  21
 20  28
 20  33
 20  36
 21  24
 21  31
 21  34
 22  23
 22  39
 23  24
 23  30
 23  36
 23  37
 24  31
 24  37
 24  38
 25  30
 25  37
 25  39
 26  28
 26  36
 28  30
 28  38
 29  32
 29  36
 29  38
 30  32
 30  33
 30  38
 32  34
 33  34
 36  39
