# n=40 p=0.200 seed=654
  0   2
  0  11
  0  24
  0  36
  1   6
  1   7
  1  19
  1  20
  1  22
  1  35
  1  38
  1  39
  2   8
  2  10
  2  22
  2  25
  2  36
  3   6
  3   7
  3  20
  3  21
  3  22
  3  26
  3  30
  4   8
  4   9
  4  17
  4  20
  4  25
  5  12
  5  13
  5  18
  5  19
  5  25
  5  29
  5  32
  5  35
  6   9
  6  17
  6  19
  6  25
  6  29
  6  31
  7   9
  7  10
  7  13
  7  23
  7  29
  7  33
  8  10
  8  13
  8  18
  8  22
  8  33
  8  39
  9  15
  9  19
  9  28
  9  29
  9  31
  9  33
  9  37
  9  39
 10  11
 10  12
 10  16
 10  19
 10  30
 11  16
 11  20
 11  21
 11  25
 11  34
 11  38
 12  17
 12  20
 12  28
 13  17
 13  24
 13  25
 13  26
 13  29
 13  34
 13  39
 14  22
 14  39
 15  17
 15  24
 15  30
 15  39
 16  19
 16  20
 16  22
 16  23
 16  25
 16  33
 17  20
 17  27
 17  33
 17  34
 17  35
 17  36
 18  27
 18  28
 18  39
 19  21
 19  30
 19  31
 19  35
 20  21
 20  25
 20  26
 20  30
 21  33
 21  35
 21  38
 22  39
 23  30
 23  33
 23  38
 23  39
 24  27
 25  26
 25  27
 25  28
 25  39
 26  36
 27  29
 27  33
 27  39
 29  32
 29  34
 31  33
 31  37
 32  34
 32  36
 32  39
