# n=40 p=0.200 seed=745
  0  11
  0  12
  0  20
  0  25
  0  39
  1   4
  1   5
  1  28
  1  38
  2   3
  2   5
  2  19
  2  20
  2  22
  2  25
  2  26
  2  27
  2  36
  2  38
  3   8
  3  17
  3  20
  3  25
  3  28
  3  31
  4   8
  4  14
  4  36
  4  39
  5  19
  5  21
  5  35
  6  19
  6  21
  6  24
  6  29
  6  35
  6  39
  7   8
  7   9
  7  14
  7  16
  7  20
  7  22
  8  10
  8  24
  8  31
  8  34
  8  35
  8  36
  9  10
  9  12
  9  14
  9  22
  9  27
  9  35
  9  39
 10  18
 10  24
 10  30
 10  31
 10  34
 10  37
 10  39
 11  15
 11  18
 11  21
 11  22
 11  23
 11  24
 11  27
 11  35
 11  39
 12  15
 12  20
 12  21
 12  28
 12  31
 13  15
 13  18
 13  36
 14  15
 14  16
 14  17
 14  19
 14  27
 14  28
 14  29
 14  31
 14  36
 14  37
 14  39
 15  18
 15  20
 15  29
 15  33
 15  34
 15  36
 16  26
 16  30
 16  33
 17  28
 17  30
 17  39
 18  22
 18  34
 18  38
 18  39
 19  23
 19  26
 19  28
 19  29
 19  30
 19  33
 19  35
 19  37
 20  21
 20  22
 21  25
 21  26
 21  31
 21  36
 21  37
 22  24
 22  28
 22  32
 22  34
 23  24
 23  30
 23  33
 23  39
 24  25
 24  28
 24  33
 24  38
 25  27
 25  31
 26  32
 27  35
 27  36
 28  31
 29  30
 29  31
 29  38
 30  39
 31  34
 31  36
 32  34
 32  35
 32  37
 33  34
 33  35
 33  37
 36  37
 36  38
