# n=40 p=0.200 seed=732
  0   9
  0  28
  0  32
  0  34
  0  38
  0  39
  1   4
  1   9
  1  19
  1  21
  1  23
  1  32
  1  35
  1  36
  2   5
  2  10
  2  13
  2  17
  2  21
  2  25
  2  33
  2  37
  3   5
  3  11
  3  15
  3  22
  4   5
  4   6
  4  17
  4  21
  4  30
  4  32
  4  37
  5  19
  5  21
  5  32
  6   9
  6  15
  6  18
  6  24
  6  25
  6  31
  6  32
  6  39
  7   9
  7  13
  7  14
  7  17
  7  19
  7  22
  7  36
  8  10
  8  19
  8  22
  8  23
  8  27
  8  35
  8  37
  9  12
  9  33
  9  35
  9  36
  9  38
 10  12
 10  13
 10  25
 10  29
 10  33
 11  38
 12  16
 12  17
 12  27
 12  28
 13  14
 13  15
 13  16
 13  22
 13  30
 13  32
 14  15
 14  29
 14  31
 15  18
 15  24
 15  29
 15  30
 16  21
 16  28
 16  30
 16  35
 16  36
 17  19
 17  22
 17  26
 18  19
 18  20
 18  23
 18  24
 18  25
 18  28
 19  21
 19  25
 19  29
 19  32
 19  35
 20  24
 20  29
 20  39
 21  28
 21  34
 21  37
 21  39
 22  25
 22  39
 23  26
 24  36
 25  27
 25  36
 25  37
 26  30
 26  31
 26  32
 26  34
 27  34
 27  36
 27  37
 29  30
 29  31
 29  38
 30  34
 30  35
 30  38
 32  33
 32  35
 36  38
 38  39
