# n=40 p=0.200 seed=681
  0   5
  0   9
  0  10
  0  19
  0  20
  0  23
  0  28
  0  29
  0  30
  0  31
  0  35
  0  36
  0  37
  1   2
  1  10
  1  14
  1  20
  1  32
  1  36
  1  38
  1  39
  2   6
  2  10
  2  17
  2  18
  2  33
  2  34
  2  37
  2  38
  2  39
  3   8
  3  10
  3  13
  3  14
  3  21
  3  23
  3  25
  3  28
  3  38
  4  23
  4  31
  4  35
  5  12
  5  16
  5  17
  5  18
  5  31
  6   8
  6  13
  6  29
  6  37
  7  10
  7  11
  7  20
  7  23
  7  24
  7  29
  7  35
  8  10
  8  14
  8  16
  8  25
  8  31
  8  35
  8  39
  9  11
  9  24
 10  12
 10  30
 10  35
 11  12
 11  21
 11  24
 11  25
 11  26
 11  28
 11  30
 11  33
 11  37
 11  38
 12  17
 12  18
 12  30
 12  36
 12  39
 13  16
 13  17
 13  20
 13  32
 13  33
 13  35
 13  38
 14  15
 14  16
 14  19
 14  30
 14  35
 15  29
 15  30
 15  34
 16  21
 16  31
 16  32
 16  36
 16  39
 17  20
 17  22
 17  31
 17  32
 17  36
 17  37
 18  19
 18  29
 18  33
 18  35
 18  37
 19  26
 19  30
 19  38
 20  24
 20  26
 20  28
 20  29
 20  36
 21  31
 21  34
 21  37
 21  38
 22  27
 22  29
 22  31
 22  35
 22  38
 23  25
 23  31
 23  37
 23  38
 23  39
 24  26
 24  27
 24  29
 24  34
 25  35
 26  27
 26  28
 26  30
 26  31
 26  37
 27  29
 27  30
 27  32
 27  38
 27  39
 28  37
 29  34
 29  38
 29  39
 30  33
 30  34
 30  39
 31  33
 31  38
 32  34
 33  36
 34  35
 35  38
 37  39
 38  39
