# n=40 p=0.200 seed=691
  0   1
  0   4
  0  11
  0  15
  0  16
  0  25
  0  26
  0  28
  0  33
  1   3
  1  10
  1  15
  1  22
  1  24
  1  26
  1  34
  1  36
  2  19
  2  26
  3   5
  3   9
  3  11
  3  14
  3  15
  3  16
  3  27
  3  29
  3  31
  3  35
  3  38
  4   8
  4  11
  4  15
  4  17
  4  21
  4  27
  4  30
  4  35
  4  36
  4  39
  5  12
  5  14
  5  20
  5  23
  5  30
  5  31
  5  35
  6   8
  6  11
  6  13
  6  17
  6  19
  6  24
  6  28
  7   8
  7  14
  7  22
  7  29
  7  30
  7  32
  7  34
  7  36
  8  14
  8  15
  8  23
  8  24
  8  34
  9  10
  9  13
  9  22
  9  25
  9  27
  9  29
  9  32
  9  34
  9  35
  9  39
 10  12
 10  15
 10  16
 10  22
 10  27
 10  28
 10  31
 10  32
 10  38
 11  13
 11  20
 11  32
 12  21
 12  24
 12  27
 12  28
 12  33
 12  38
 13  16
 13  21
 13  29
 13  30
 13  32
 13  34
 13  36
 14  16
 14  26
 14  27
 14  29
 14  31
 14  33
 14  35
 14  38
 15  21
 15  27
 15  29
 15  37
 15  38
 16  22
 16  31
 16  33
 16  39
 17  18
 17  21
 17  24
 17  26
 17  27
 17  33
 17  36
 18  20
 18  21
 19  30
 19  34
 20  22
 20  23
 20  36
 20  38
 21  22
 21  23
 21  26
 21  33
 21  36
 21  39
 22  26
 22  30
 23  24
 23  25
 23  35
 23  38
 23  39
 24  28
 25  33
 25  37
 26  27
 26  31
 26  35
 27  36
 27  37
 27  39
 28  29
 28  30
 28  32
 29  30
 29  31
 29  34
 29  35
 29  36
 30  31
 31  32
 31  36
 32  34
 32  36
 32  37
 33  38
 34  35
 34  38
 34  39
 36  37
