# n=40 p=0.200 seed=657
  0   6
  0   7
  0   9
  0  10
  0  13
  0  21
  0  34
  0  36
  0  37
  1   5
  1  17
  1  35
  1  36
  1  37
  2   4
  2   8
  2  10
  2  11
  2  15
  2  16
  2  22
  2  23
  2  27
  2  30
  2  37
  3   4
  3  21
  3  25
  4   7
  4  18
  4  22
  4  31
  4  35
  5   6
  5  18
  5  23
  5  24
  5  25
  5  30
  5  35
  6   8
  6  11
  6  26
  6  27
  6  31
  7  21
  7  23
  7  26
  7  28
  7  29
  7  34
  7  38
  7  39
  8  20
  8  22
  8  23
  8  27
  8  33
  9  10
  9  14
  9  27
  9  28
  9  34
 10  26
 10  31
 10  34
 10  38
 11  16
 11  21
 11  22
 11  37
 11  38
 12  14
 12  28
 12  30
 12  32
 12  36
 12  37
 13  21
 13  22
 13  23
 13  30
 13  33
 13  38
 14  16
 14  21
 14  25
 14  28
 14  34
 14  37
 15  17
 15  20
 15  21
 15  26
 15  27
 17  20
 17  21
 17  28
 17  38
 18  28
 18  30
 18  32
 18  37
 19  20
 19  27
 19  29
 19  35
 19  38
 20  22
 20  27
 20  31
 20  35
 20  36
 20  38
 20  39
 21  29
 21  30
 21  32
 21  36
 21  37
 21  38
 22  23
 22  28
 22  29
 22  31
 22  32
 22  35
 23  29
 23  34
 24  25
 24  26
 24  28
 25  28
 25  31
 25  35
 25  38
 26  27
 27  32
 28  29
 28  39
 30  31
 30  32
 30  37
 32  39
 33  35
 33  36
 33  38
 34  36
 35  39
 37  38
 38  39
