# n=40 p=0.200 seed=638
  0  11
  0  15
  0  21
  0  25
  0  30
  0  32
  0  34
  1   5
  1   6
  1  10
  1  12
  1  17
  1  22
  1  24
  1  25
  1  27
  1  31
  1  32
  1  37
  1  38
  2  12
  2  20
  2  22
  2  26
  2  27
  2  28
  2  31
  2  35
  2  37
  3   9
  3  15
  3  18
  3  21
  3  28
  3  29
  3  32
  3  33
  4   9
  4  16
  4  18
  4  22
  4  25
  4  26
  4  30
  4  37
  4  39
  5  12
  5  18
  5  20
  5  21
  5  22
  5  23
  6  29
  6  39
  7   8
  7   9
  7  11
  7  13
  7  18
  7  25
  7  28
  7  33
  8  16
  8  19
  8  26
  8  29
  8  30
  8  33
  9  23
  9  36
 10  14
 10  20
 10  34
 10  38
 11  14
 11  15
 11  20
 11  24
 11  30
 11  33
 12  21
 12  23
 12  25
 12  26
 12  34
 12  37
 12  38
 12  39
 13  18
 13  25
 13  27
 13  30
 13  32
 13  34
 13  38
 14  25
 14  26
 14  31
 14  36
 15  21
 15  23
 15  26
 15  28
 15  37
 16  17
 16  20
 16  26
 16  30
 17  18
 17  22
 17  34
 17  38
 17  39
 18  19
 18  20
 18  25
 18  28
 19  26
 19  29
 19  34
 20  21
 20  23
 20  24
 20  28
 20  34
 20  35
 20  38
 21  22
 21  23
 21  24
 21  29
 21  33
 22  27
 22  32
 22  38
 23  28
 23  33
 24  25
 24  27
 24  29
 24  35
 24  38
 24  39
 25  26
 26  38
 26  39
 27  28
 27  30
 27  31
 27  35
 28  32
 28  38
 28  39
 29  30
 30  35
 31  32
 31  37
 32  34
 32  37
 33  36
 33  37
 34  38
 34  39
 35  38
 36  38
 37  39
