# n=40 p=0.200 seed=630
  0   3
  0  15
  0  16
  0  28
  0  30
  0  31
  0  35
  1   6
  1   7
  1   9
  1  16
  1  18
  1  20
  1  26
  2  12
  2  14
  2  19
  2  29
  2  30
  2  31
  2  37
  3   4
  3   7
  3  24
  4   6
  4   8
  4  10
  4  16
  4  22
  4  27
  4  33
  4  37
  4  38
  5   8
  5  12
  5  16
  5  18
  5  19
  5  26
  5  29
  5  30
  5  35
  5  39
  6   9
  6  15
  6  19
  6  23
  6  29
  6  36
  6  38
  7   9
  7  10
  7  22
  7  24
  7  31
  7  32
  7  35
  7  38
  7  39
  8  10
  8  26
  8  28
  8  31
  8  33
  9  11
  9  18
  9  24
 10  16
 10  29
 10  31
 10  36
 11  13
 11  24
 12  15
 12  16
 12  18
 12  29
 12  32
 12  33
 12  37
 12  39
 13  15
 13  16
 13  18
 13  21
 13  24
 13  25
 13  28
 13  29
 13  32
 13  34
 13  37
 14  18
 14  29
 15  30
 15  34
 15  39
 16  19
 16  22
 16  23
 16  27
 16  32
 16  36
 17  19
 17  21
 17  24
 18  20
 18  25
 18  33
 18  36
 19  20
 19  21
 20  38
 21  23
 21  27
 21  30
 21  31
 22  24
 22  27
 22  35
 23  27
 23  32
 24  25
 24  27
 24  29
 24  30
 24  32
 24  36
 25  37
 26  39
 27  35
 28  35
 29  34
 29  37
 32  35
 32  37
 33  34
 33  39
 34  37
 35  38
 35  39
 36  38
