# n=40 p=0.200 seed=709
  0   8
  0   9
  0  11
  0  15
  0  28
  0  29
  1   3
  1  11
  1  20
  1  22
  1  27
  1  35
  1  36
  2   9
  2  17
  2  18
  2  23
  2  28
  2  39
  3  10
  3  24
  3  30
  3  37
  3  38
  4  18
  4  22
  4  24
  4  30
  4  35
  4  37
  5   9
  5  15
  5  19
  5  23
  5  26
  5  28
  5  35
  6  17
  6  24
  6  26
  6  31
  6  36
  7   9
  7  20
  7  21
  7  24
  7  29
  7  36
  7  38
  7  39
  8  13
  8  14
  8  25
  8  28
  8  29
  8  33
  8  35
  8  36
  8  37
  8  39
  9  14
  9  21
  9  24
  9  30
 10  24
 10  36
 10  38
 11  13
 11  21
 11  22
 11  32
 11  35
 12  13
 12  16
 12  23
 12  26
 12  35
 13  19
 13  25
 13  28
 13  33
 13  37
 13  38
 13  39
 14  34
 14  36
 14  38
 14  39
 15  32
 15  33
 15  35
 15  38
 16  18
 16  22
 16  26
 16  32
 16  35
 17  26
 17  28
 17  31
 17  32
 17  33
 17  35
 18  23
 18  36
 20  29
 20  34
 20  37
 21  27
 21  32
 21  33
 21  37
 22  24
 22  26
 22  32
 22  34
 23  25
 23  37
 23  38
 24  38
 25  27
 25  34
 26  29
 26  32
 26  36
 26  37
 27  31
 27  36
 27  38
 28  39
 29  37
 31  33
 31  36
 31  38
 32  37
 33  35
 33  38
 34  38
