# n=40 p=0.200 seed=648
  0   2
  0   3
  0   6
  0  13
  0  14
  0  17
  0  32
  0  35
  0  36
  1   9
  1  17
  1  20
  1  24
  1  31
  2   8
  2   9
  2  20
  2  23
  2  28
  2  29
  2  33
  2  35
  3   6
  3   8
  3  14
  3  15
  3  18
  3  24
  3  37
  4  16
  4  22
  4  27
  4  30
  4  31
  4  32
  4  35
  5   9
  5  11
  5  12
  5  18
  5  21
  5  24
  5  36
  6  15
  6  25
  6  27
  6  30
  6  31
  6  34
  7   8
  7  17
  7  20
  7  32
  7  33
  7  37
  8  10
  8  15
  8  23
  8  24
  8  25
  9  23
  9  24
  9  25
  9  37
 10  11
 10  12
 10  14
 10  16
 10  21
 10  24
 10  27
 10  30
 10  32
 11  16
 11  19
 11  26
 11  31
 11  39
 12  14
 12  16
 12  24
 12  25
 12  34
 12  35
 12  36
 13  23
 13  31
 13  32
 13  38
 14  16
 14  19
 14  20
 14  26
 14  28
 14  34
 14  37
 14  39
 15  19
 15  30
 15  31
 15  33
 15  34
 16  19
 16  23
 16  25
 17  38
 17  39
 18  22
 18  23
 18  35
 19  24
 19  25
 19  28
 19  31
 19  34
 19  38
 19  39
 20  24
 20  27
 20  28
 20  37
 20  38
 21  24
 21  31
 22  28
 23  31
 23  39
 24  28
 24  35
 24  38
 25  30
 26  29
 26  30
 26  33
 26  38
 28  29
 28  35
 29  30
 29  32
 29  33
 29  35
 29  36
 29  39
 30  37
 30  39
 31  38
 32  33
 32  35
 32  36
 32  37
 32  39
 33  34
 33  35
 33  36
 33  38
 34  38
 34  39
 35  36
 35  38
 36  39
 37  39
