# n=40 p=0.200 seed=682
  0   7
  0   8
  0  13
  0  24
  0  31
  0  33
  0  36
  0  37
  1   3
  1   7
  1  12
  1  13
  1  15
  1  20
  1  21
  1  24
  1  31
  2   8
  2  20
  2  23
  2  24
  2  25
  2  31
  2  32
  2  37
  3   6
  3   7
  3  16
  3  17
  3  19
  3  22
  3  30
  3  33
  3  34
  3  36
  3  37
  4   5
  4  10
  4  18
  4  27
  4  31
  5   9
  5  12
  5  13
  5  18
  5  23
  5  25
  5  32
  6   7
  6  12
  6  15
  6  37
  7  10
  7  12
  7  21
  7  22
  7  23
  7  29
  7  33
  7  34
  7  35
  8  14
  8  18
  8  19
  8  21
  8  22
  8  32
  8  36
  9  23
  9  24
  9  26
  9  28
  9  36
  9  39
 11  14
 11  17
 11  19
 11  25
 11  29
 12  15
 12  18
 12  21
 12  27
 13  15
 13  17
 13  20
 13  21
 13  22
 13  29
 13  30
 13  36
 13  37
 14  18
 14  19
 14  25
 14  26
 14  28
 14  38
 15  19
 15  20
 15  25
 15  36
 16  24
 16  27
 16  30
 16  33
 16  35
 16  37
 17  20
 17  24
 17  26
 17  29
 17  30
 17  35
 18  20
 18  23
 18  24
 18  29
 18  36
 18  39
 19  20
 19  25
 19  32
 19  34
 20  23
 20  26
 20  27
 20  33
 20  38
 20  39
 21  29
 21  31
 21  34
 21  35
 22  33
 23  26
 23  28
 23  34
 24  25
 24  31
 24  36
 25  28
 25  29
 25  33
 26  37
 27  28
 27  30
 27  38
 28  29
 28  33
 30  37
 30  38
 31  36
 32  34
 33  35
 34  39
 36  37
