# n=40 p=0.200 seed=1438
  0   6
  0   7
  0  17
  0  22
  0  23
  0  29
  0  31
  0  39
  1   3
  1   7
  1  15
  1  20
  1  21
  1  24
  1  26
  1  31
  1  32
  1  33
  1  34
  2   4
  2  10
  2  11
  2  14
  2  16
  2  17
  2  18
  2  20
  2  23
  2  26
  2  28
  2  38
  2  39
  3   4
  3   5
  3  14
  3  19
  3  27
  3  28
  4   5
  4  10
  4  11
  4  15
  4  27
  4  35
  5   6
  5   7
  5   8
  5   9
  5  15
  5  35
  6   8
  6  13
  6  19
  6  32
  6  33
  6  34
  7   9
  7  10
  7  12
  7  21
  7  23
  7  27
  7  37
  8  11
  8  15
  8  19
  8  20
  8  25
  8  26
  9  10
  9  17
  9  20
  9  22
  9  28
  9  29
  9  31
  9  39
 10  15
 10  20
 10  29
 10  31
 11  13
 11  14
 11  18
 11  19
 11  26
 12  13
 12  17
 12  24
 12  25
 12  35
 13  14
 13  15
 13  24
 13  25
 13  28
 13  29
 13  33
 13  38
 14  16
 14  17
 14  20
 14  23
 14  24
 14  29
 14  35
 15  23
 15  25
 16  18
 16  24
 16  39
 17  21
 17  23
 17  33
 17  34
 17  38
 17  39
 18  25
 18  35
 19  35
 19  36
 19  38
 20  24
 20  32
 20  39
 21  23
 21  33
 21  34
 22  24
 22  26
 22  29
 22  30
 23  25
 23  34
 23  35
 23  36
 24  27
 24  30
 24  33
 24  34
 24  37
 25  30
 25  39
 26  33
 26  34
 26  37
 26  39
 27  29
 27  33
 28  29
 28  33
 28  36
 29  30
 29  33
 29  34
 29  35
 29  36
 29  39
 30  34
 30  36
 31  32
 31  37
 32  33
 32  36
 32  39
 33  34
 33  35
 33  36
 33  37
 33  39
 34  35
