# n=40 p=0.200 seed=1462
  0   9
  0  19
  0  20
  0  23
  0  24
  0  28
  0  37
  0  38
  0  39
  1   6
  1  25
  1  26
  1  38
  2  26
  2  27
  2  33
  3  12
  3  18
  3  22
  3  23
  3  24
  3  27
  4   5
  4   6
  4   9
  4  11
  4  14
  4  19
  4  34
  4  37
  4  38
  5   6
  5  15
  5  19
  5  22
  5  30
  5  35
  5  39
  6  10
  6  14
  6  16
  6  19
  6  30
  6  31
  6  36
  7  10
  7  12
  7  15
  7  18
  7  21
  7  23
  7  25
  7  27
  7  30
  7  34
  7  36
  8  28
  8  33
  8  36
  8  38
  9  22
  9  31
  9  32
 10  16
 10  22
 10  34
 10  38
 10  39
 11  14
 11  16
 11  19
 11  20
 11  38
 11  39
 12  14
 12  22
 12  24
 12  30
 12  36
 13  15
 13  17
 13  29
 13  37
 14  24
 14  25
 14  31
 15  18
 15  23
 15  29
 15  32
 15  34
 15  38
 15  39
 16  25
 16  30
 16  31
 16  35
 16  37
 16  38
 16  39
 17  21
 17  22
 17  28
 17  32
 18  38
 19  30
 19  31
 19  32
 20  24
 20  32
 21  26
 22  33
 23  27
 23  33
 23  34
 23  37
 24  29
 24  31
 24  36
 24  38
 25  26
 25  37
 25  38
 26  29
 27  34
 27  36
 27  38
 28  33
 29  32
 29  36
 29  38
 30  31
 31  32
 31  33
 31  35
 32  36
 32  39
 33  34
 34  36
