# n=40 p=0.200 seed=1414
  0   5
  0   8
  0  15
  0  27
  0  38
  1  15
  1  20
  1  21
  1  26
  1  32
  1  35
  1  39
  2   3
  2   4
  2  12
  2  18
  2  28
  2  33
  2  37
  3   7
  3  11
  3  23
  3  30
  3  31
  4   7
  4   9
  4  14
  4  18
  4  28
  5  14
  5  21
  5  30
  5  34
  6  23
  6  28
  6  37
  7   8
  7  10
  7  11
  7  12
  7  18
  7  34
  8   9
  8  12
  8  23
  9  12
  9  16
  9  17
  9  20
  9  22
  9  29
  9  31
  9  39
 10  15
 10  21
 10  29
 10  32
 10  38
 11  12
 11  13
 11  21
 11  25
 12  13
 12  15
 12  21
 12  36
 12  37
 12  38
 13  14
 13  19
 13  23
 13  31
 13  35
 13  37
 15  19
 15  21
 15  22
 15  23
 15  28
 15  35
 15  36
 16  19
 16  21
 16  24
 16  27
 16  30
 16  33
 17  21
 17  35
 17  37
 18  19
 18  29
 18  30
 18  39
 19  27
 19  30
 19  31
 20  21
 20  29
 20  30
 20  35
 20  37
 21  30
 21  35
 22  28
 22  33
 22  34
 23  24
 23  25
 23  28
 23  30
 23  37
 24  27
 24  28
 26  32
 26  38
 27  29
 27  32
 27  37
 28  30
 28  31
 28  34
 28  37
 29  30
 29  34
 29  35
 30  31
 30  33
 30  34
 30  35
 31  33
 31  34
 31  35
 31  38
 32  33
 32  34
 32  35
 32  38
 33  36
 33  38
 34  36
 34  39
