# n=40 p=0.200 seed=1436
  0   3
  0   4
  0   6
  0   8
  0  10
  0  30
  1   2
  1   5
  1   7
  1   8
  1  21
  1  28
  2   4
  2   5
  2   6
  2   9
  2  13
  2  18
  2  31
  2  36
  2  38
  3  15
  3  17
  3  19
  3  20
  3  21
  3  25
  3  28
  3  29
  3  31
  3  32
  3  33
  3  34
  3  35
  3  39
  4   9
  4  14
  4  20
  4  34
  5  20
  5  25
  5  35
  6   8
  6  12
  6  18
  6  32
  6  35
  7   8
  7  20
  7  22
  7  35
  7  37
  8   9
  8  10
  8  13
  8  34
  8  37
  9  15
  9  24
  9  31
  9  34
  9  36
 10  12
 10  19
 10  26
 10  27
 10  30
 10  31
 11  12
 11  13
 11  19
 11  23
 11  26
 11  39
 12  18
 12  19
 12  28
 12  39
 13  14
 13  17
 13  20
 13  23
 13  25
 14  15
 14  24
 15  17
 15  21
 15  22
 15  32
 15  38
 16  17
 16  22
 16  23
 16  25
 16  33
 16  34
 16  35
 16  38
 17  21
 17  23
 17  29
 17  33
 18  21
 18  27
 18  35
 19  22
 19  31
 19  38
 19  39
 20  26
 20  30
 20  35
 21  24
 21  37
 22  26
 22  27
 22  29
 22  34
 22  38
 23  29
 23  31
 24  28
 24  33
 24  38
 25  29
 26  27
 26  31
 28  29
 28  39
 29  34
 29  35
 30  32
 30  34
 30  38
 30  39
 31  35
 32  34
 32  39
 33  38
