# n=40 p=0.200 seed=1456
  0   4
  0   7
  0  20
  1   2
  1   3
  1   4
  1  14
  1  19
  1  21
  1  26
  1  27
  1  28
  1  32
  1  35
  2   3
  2   6
  2  13
  2  16
  2  20
  2  24
  2  27
  2  29
  2  39
  3   4
  3   9
  3  12
  3  15
  3  24
  3  30
  3  31
  3  34
  4  11
  4  14
  4  17
  4  20
  4  21
  4  34
  4  36
  4  38
  4  39
  5   7
  5   8
  5  11
  5  13
  5  14
  5  20
  5  21
  5  23
  5  28
  5  31
  5  32
  5  33
  5  35
  5  36
  6   7
  6  18
  6  21
  6  24
  6  29
  6  34
  7  10
  7  22
  7  25
  7  26
  7  30
  7  32
  7  33
  8  13
  8  14
  8  19
  8  20
  8  24
  8  34
  9  12
  9  23
  9  25
  9  33
  9  34
  9  35
 10  20
 10  21
 10  24
 10  30
 10  38
 11  15
 11  19
 11  29
 11  30
 11  32
 11  33
 12  18
 12  19
 12  25
 12  35
 12  38
 13  18
 13  21
 13  24
 13  35
 14  21
 14  22
 14  23
 14  28
 14  32
 14  34
 14  39
 15  20
 15  24
 15  26
 15  28
 15  29
 15  32
 15  37
 16  26
 17  26
 17  34
 17  37
 17  39
 18  20
 18  28
 18  31
 19  28
 19  38
 20  22
 20  32
 21  22
 21  27
 21  32
 21  35
 22  25
 22  33
 22  35
 22  36
 22  37
 23  25
 23  26
 23  28
 23  36
 25  32
 25  36
 25  37
 26  37
 27  29
 28  37
 29  36
 30  36
 32  37
 33  34
 33  37
 33  38
 33  39
 34  38
 38  39
