# n=40 p=0.200 seed=1449
  0   2
  0   9
  0  39
  1  14
  1  24
  1  30
  1  35
  1  37
  2  16
  2  17
  2  21
  2  33
  2  38
  3   7
  3  25
  3  28
  3  34
  3  36
  4   5
  4  18
  4  21
  4  26
  4  31
  4  34
  5   8
  5  17
  5  19
  5  21
  5  22
  5  30
  5  34
  5  35
  5  36
  5  39
  6   8
  6  12
  6  16
  6  18
  6  19
  6  21
  6  29
  6  30
  6  32
  7  20
  7  26
  8  10
  8  14
  8  20
  8  28
  8  29
  8  30
  8  31
  8  36
  8  39
  9  13
  9  24
  9  26
  9  28
  9  31
 10  22
 10  25
 10  35
 11  13
 11  16
 11  18
 11  22
 11  24
 11  32
 11  33
 12  13
 12  21
 12  30
 12  35
 13  16
 13  22
 13  23
 13  24
 13  26
 13  28
 13  30
 13  36
 14  15
 14  21
 14  26
 14  29
 14  31
 14  35
 14  37
 14  39
 15  17
 15  18
 15  27
 15  28
 15  29
 15  31
 15  37
 15  38
 15  39
 16  19
 16  24
 16  31
 16  38
 17  23
 18  24
 18  34
 19  20
 19  21
 19  26
 19  34
 19  38
 20  24
 20  26
 20  34
 21  22
 21  29
 22  30
 22  35
 23  31
 23  39
 24  27
 24  39
 25  31
 25  38
 26  33
 26  39
 27  38
 27  39
 28  36
 29  34
 29  35
 29  37
 30  34
 31  38
 35  36
 36  38
 36  39
 37  38
