# n=40 p=0.200 seed=1427
  0   6
  0  12
  0  15
  0  17
  0  18
  0  24
  0  28
  0  32
  0  34
  0  36
  0  39
  1   4
  1  12
  1  27
  1  29
  1  32
  1  34
  1  35
  2   4
  2   7
  2  11
  2  16
  2  17
  2  20
  2  23
  2  31
  2  35
  2  38
  3   8
  3  11
  3  13
  3  21
  3  25
  3  35
  3  37
  4  12
  4  14
  4  16
  4  31
  4  34
  4  39
  5  22
  5  28
  5  30
  5  31
  6   7
  6  17
  6  18
  6  19
  6  20
  6  23
  6  24
  6  26
  6  28
  6  35
  6  38
  7  10
  7  12
  7  25
  7  30
  7  31
  7  34
  7  38
  8  10
  8  11
  8  12
  8  23
  8  24
  8  26
  8  31
  8  32
  8  34
  9  12
  9  16
  9  22
 10  11
 10  14
 10  21
 10  28
 10  29
 10  36
 10  37
 11  12
 11  18
 11  20
 11  24
 11  25
 11  30
 11  31
 11  38
 12  13
 12  15
 12  29
 12  30
 12  32
 12  35
 13  23
 13  26
 13  29
 13  30
 14  22
 14  23
 14  30
 14  32
 14  34
 14  35
 15  19
 15  23
 15  34
 15  37
 16  23
 16  31
 17  18
 17  24
 17  33
 17  35
 17  36
 18  20
 18  24
 18  26
 18  33
 18  35
 19  34
 19  35
 20  22
 20  25
 20  29
 20  31
 21  22
 21  24
 21  27
 21  31
 21  32
 21  33
 21  35
 22  28
 22  33
 22  36
 22  37
 23  28
 23  39
 24  26
 24  35
 25  26
 25  31
 26  38
 27  31
 27  33
 27  35
 28  34
 28  38
 28  39
 29  34
 29  35
 29  36
 32  37
 32  38
 33  34
 33  35
 33  37
 35  38
