# n=40 p=0.200 seed=1465
  0   1
  0   8
  0  10
  0  17
  0  19
  0  23
  0  31
  0  35
  0  36
  1   4
  1   5
  1   9
  1  10
  1  15
  1  21
  1  22
  1  31
  1  35
  1  38
  2   4
  2  11
  2  12
  2  17
  2  21
  2  23
  2  26
  2  27
  2  28
  3   4
  3   6
  3  13
  3  19
  3  20
  3  23
  3  35
  3  37
  3  39
  4  10
  4  12
  4  17
  4  23
  5   9
  5  10
  5  19
  5  24
  5  26
  5  28
  6  14
  6  15
  6  20
  6  25
  6  27
  6  30
  6  31
  6  36
  7  14
  7  18
  7  22
  7  23
  7  27
  7  28
  7  33
  8  11
  8  13
  8  14
  8  20
  8  21
  8  38
  8  39
  9  14
  9  25
  9  27
  9  28
  9  30
  9  36
  9  38
 10  12
 10  13
 10  14
 10  19
 10  21
 10  23
 10  31
 10  33
 11  12
 11  13
 11  15
 11  16
 11  27
 12  32
 12  37
 12  39
 13  14
 13  21
 13  25
 13  27
 13  34
 13  37
 14  25
 14  29
 14  34
 14  38
 15  21
 16  18
 16  19
 16  20
 16  24
 16  27
 16  31
 16  35
 16  39
 17  18
 17  20
 17  30
 17  33
 17  37
 17  39
 18  28
 18  29
 19  21
 19  25
 19  30
 20  21
 20  22
 20  23
 20  29
 20  33
 22  26
 22  27
 22  28
 22  37
 23  39
 24  27
 24  29
 24  32
 24  34
 24  37
 24  38
 25  30
 25  33
 25  37
 26  36
 26  37
 27  28
 27  35
 28  33
 29  30
 29  37
 30  35
 30  36
 30  38
 32  39
 33  35
 33  38
 34  36
 36  39
