# n=40 p=0.200 seed=1415
  0   1
  0  15
  0  22
  0  25
  0  30
  0  34
  0  36
  1  10
  1  13
  1  14
  1  20
  1  21
  1  23
  1  31
  1  35
  1  36
  1  37
  2  12
  2  15
  2  23
  2  27
  2  28
  2  30
  2  33
  2  34
  3  10
  3  12
  3  14
  3  21
  3  23
  3  27
  3  38
  3  39
  4  12
  4  13
  4  14
  4  17
  4  19
  4  23
  4  25
  4  29
  4  38
  5  11
  5  17
  5  19
  5  20
  5  21
  5  28
  5  32
  5  33
  6  13
  6  16
  6  22
  6  32
  7  15
  7  19
  7  23
  7  25
  7  32
  7  35
  7  36
  8  17
  8  23
  8  26
  8  27
  8  29
  8  30
  8  31
  8  32
  8  34
  8  36
  8  39
  9  22
 10  15
 10  18
 10  20
 10  29
 10  31
 10  33
 10  35
 11  16
 11  17
 11  22
 11  23
 11  27
 11  28
 11  29
 11  32
 11  33
 11  36
 11  39
 12  22
 12  31
 12  36
 13  14
 13  17
 13  18
 13  22
 13  29
 13  33
 13  34
 13  39
 14  18
 14  19
 14  23
 14  24
 14  29
 14  33
 14  34
 14  35
 15  17
 15  22
 15  28
 15  34
 15  35
 16  22
 16  32
 16  33
 16  36
 17  18
 17  33
 18  19
 18  32
 18  35
 18  36
 19  21
 21  35
 21  36
 21  39
 22  27
 22  30
 22  32
 22  38
 23  28
 23  34
 23  39
 24  25
 24  31
 24  33
 25  27
 25  28
 25  34
 26  31
 27  28
 27  29
 27  30
 28  32
 28  34
 28  37
 29  32
 30  32
 30  34
 30  36
 30  38
 30  39
 32  35
 33  37
 33  38
 34  39
 36  39
