# n=40 p=0.200 seed=1492
  0   1
  0   3
  0   5
  0  11
  0  12
  0  22
  0  23
  0  24
  0  26
  0  33
  0  36
  0  38
  1   8
  1  21
  1  23
  1  25
  1  26
  1  29
  1  30
  1  38
  2   3
  2   7
  2  23
  2  25
  2  26
  2  27
  2  39
  3   5
  3  11
  3  12
  3  14
  3  15
  3  16
  3  29
  3  34
  3  35
  3  36
  4   8
  4  11
  4  19
  4  33
  4  36
  4  39
  5   6
  5   7
  5  12
  5  13
  5  15
  5  16
  5  17
  5  27
  5  32
  6  12
  6  15
  6  24
  6  29
  6  35
  6  39
  7   9
  7  18
  8   9
  8  15
  8  20
  8  23
  8  24
  8  25
  8  30
  8  36
  8  37
  8  39
  9  13
  9  17
  9  28
  9  31
 10  11
 10  16
 10  18
 10  22
 10  24
 10  29
 10  30
 10  36
 10  39
 11  13
 11  19
 11  28
 11  37
 12  13
 12  15
 12  21
 12  23
 13  14
 13  15
 13  16
 13  17
 13  18
 13  30
 13  32
 13  39
 14  27
 14  32
 14  37
 15  17
 15  19
 15  30
 15  33
 16  19
 16  20
 16  30
 16  36
 16  38
 17  18
 17  19
 17  23
 17  32
 17  35
 17  37
 18  22
 18  28
 18  37
 18  38
 19  28
 19  32
 20  28
 20  36
 21  28
 21  30
 21  33
 21  39
 22  32
 22  37
 22  39
 23  27
 23  28
 23  31
 23  34
 23  39
 24  26
 24  28
 24  31
 24  32
 25  28
 25  32
 25  38
 25  39
 26  28
 26  32
 26  35
 26  39
 27  28
 27  36
 27  38
 28  29
 29  32
 29  37
 29  39
 30  34
 30  37
 31  37
 31  38
 32  36
 33  34
 34  37
 35  37
 35  39
 37  38
 37  39
