250	700	1
0	250	250	0	0	3914	0	0	0
1	212	101	-20	0	3671	90	684	0
2	266	231	-20	0	3800	90	302	0
3	89	284	20	1436	1596	90	0	828
4	430	298	10	0	3638	90	0	286
5	435	77	20	0	3571	90	0	579
6	25	293	20	2964	3124	90	0	522
7	43	269	30	687	847	90	0	109
8	216	117	-20	0	3687	90	808	0
9	294	437	30	661	821	90	0	227
10	79	479	30	998	1158	90	0	707
11	365	18	-10	0	3566	90	70	0
12	225	125	20	127	287	90	0	712
13	448	103	-10	0	3578	90	699	0
14	143	266	10	402	562	90	0	862
15	252	347	10	2911	3071	90	0	676
16	403	390	-10	2560	2720	90	679	0
17	67	153	20	0	3617	90	0	721
18	90	168	20	3080	3240	90	0	505
19	302	235	-20	0	3770	90	724	0
20	259	355	-20	1917	2077	90	374	0
21	149	183	-10	3108	3268	90	183	0
22	19	297	-10	2282	2442	90	978	0
23	209	358	30	1477	1637	90	0	521
24	56	388	20	0	3586	90	0	750
25	115	269	-10	2956	3116	90	880	0
26	377	356	-20	0	3659	90	669	0
27	113	229	-20	1123	1283	90	881	0
28	205	343	-20	902	1062	90	170	0
29	48	137	20	0	3593	90	0	135
30	467	157	-10	0	3588	90	495	0
31	220	394	10	2783	2943	90	0	577
32	436	54	20	0	3554	90	0	681
33	54	357	-20	0	3601	90	71	0
34	456	154	-10	0	3597	90	48	0
35	216	307	-10	0	3758	90	919	0
36	280	224	-10	2226	2386	90	486	0
37	90	270	-10	565	725	90	944	0
38	166	452	20	0	3606	90	0	95
39	17	283	20	0	3589	90	0	304
40	196	192	30	0	3745	90	0	168
41	94	275	10	469	629	90	0	656
42	292	445	-40	0	3625	90	927	0
43	329	471	-20	2783	2943	90	364	0
44	326	57	20	1364	1524	90	0	295
45	95	466	10	0	3559	90	0	809
46	429	282	-10	3018	3178	90	498	0
47	229	364	-20	0	3709	90	890	0
48	457	160	10	0	3599	90	0	34
49	452	154	30	332	492	90	0	410
50	113	289	-30	0	3682	90	806	0
51	67	387	10	2376	2536	90	0	470
52	368	17	-20	2021	2181	90	912	0
53	341	367	-30	0	3676	90	93	0
54	410	364	-30	1842	2002	90	512	0
55	80	281	10	0	3652	90	0	945
56	321	224	-20	2106	2266	90	417	0
57	73	395	20	1223	1383	90	0	340
58	259	76	-30	0	3650	90	704	0
59	121	203	10	0	3687	90	0	897
60	118	256	-20	0	3692	90	666	0
61	236	361	-30	0	3713	90	187	0
62	78	371	20	220	380	90	0	644
63	301	53	20	969	1129	90	0	846
64	382	197	-40	0	3682	90	654	0
65	491	160	20	1989	2149	90	0	791
66	453	164	-20	0	3604	90	396	0
67	277	371	30	595	755	90	0	403
68	272	212	-10	2330	2490	90	271	0
69	386	218	-10	1901	2061	90	723	0
70	353	32	10	0	3583	90	0	11
71	59	389	20	1698	1858	90	0	33
72	414	62	10	0	3575	90	0	883
73	278	357	10	212	372	90	0	751
74	101	179	-20	2412	2572	90	382	0
75	396	234	-30	0	3678	90	192	0
76	74	390	20	797	957	90	0	167
77	332	55	30	211	371	90	0	685
78	272	365	30	0	3707	90	0	651
79	418	355	-20	2037	2197	90	475	0
80	216	380	-20	2300	2460	90	312	0
81	440	173	-20	3282	3442	90	439	0
82	89	358	20	0	3631	90	0	609
83	66	491	20	0	3521	90	0	263
84	317	234	-20	2479	2639	90	119	0
85	439	297	-20	2043	2203	90	982	0
86	394	367	30	380	540	90	0	169
87	58	364	10	0	3601	90	0	802
88	290	75	20	191	351	90	0	592
89	346	344	-10	3212	3372	90	541	0
90	131	269	-40	0	3704	90	642	0
91	236	96	-20	1604	1764	90	172	0
92	29	282	10	1410	1570	90	0	193
93	418	385	30	0	3609	90	0	53
94	148	225	40	613	773	90	0	629
95	166	464	-20	0	3595	90	38	0
96	266	373	10	0	3700	90	0	314
97	201	273	30	54	214	90	0	115
98	255	245	10	7	167	90	0	356
99	220	379	-10	0	3692	90	913	0
100	85	317	30	0	3646	90	0	705
101	125	264	-10	2855	3015	90	859	0
102	131	253	-10	0	3705	90	425	0
103	184	188	-20	1260	1420	90	635	0
104	128	209	20	0	3696	90	0	593
105	373	364	20	0	3657	90	0	246
106	389	342	10	1145	1305	90	0	854
107	420	20	30	575	735	90	0	990
108	132	218	10	136	296	90	0	306
109	32	256	-30	901	1061	90	7	0
110	406	339	20	295	455	90	0	569
111	191	397	-20	0	3666	90	673	0
112	72	341	10	0	3625	90	0	552
113	35	308	-30	3072	3232	90	568	0
114	169	360	20	2172	2332	90	0	239
115	222	381	-30	0	3691	90	97	0
116	96	292	-20	862	1022	90	180	0
117	311	496	10	0	3571	90	0	366
118	220	384	-30	2683	2843	90	836	0
119	259	243	20	22	182	90	0	84
120	349	476	-10	0	3578	90	672	0
121	63	159	20	1009	1169	90	0	787
122	112	243	-10	0	3686	90	850	0
123	448	302	20	2327	2487	90	0	492
124	343	27	20	0	3583	90	0	918
125	67	485	-30	2166	2326	90	753	0
126	220	359	30	1424	1584	90	0	519
127	147	435	-20	2111	2271	90	856	0
128	317	235	-20	2570	2730	90	778	0
129	43	355	20	0	3592	90	0	358
130	368	340	10	461	621	90	0	792
131	450	72	10	0	3557	90	0	588
132	400	364	30	570	730	90	0	697
133	355	480	-10	0	3572	90	178	0
134	450	153	20	533	693	90	0	468
135	126	188	-20	0	3686	90	29	0
136	380	223	10	1614	1774	90	0	402
137	71	453	-20	685	845	90	822	0
138	54	287	20	209	369	90	0	212
139	420	168	-10	3393	3553	90	450	0
140	219	89	-10	2692	2852	90	641	0
141	189	327	10	420	580	90	0	769
142	191	309	10	1430	1590	90	0	648
143	301	67	40	0	3635	90	0	546
144	484	161	-30	1696	1856	90	824	0
145	77	483	-10	0	3534	90	288	0
146	241	375	10	0	3699	90	0	764
147	428	64	20	1201	1361	90	0	392
148	403	361	10	1452	1612	90	0	347
149	257	336	-20	0	3738	90	582	0
150	131	241	10	3378	3538	90	0	285
151	63	166	-20	0	3619	90	643	0
152	71	368	-20	0	3610	90	307	0
153	272	228	-10	2033	2193	90	560	0
154	25	290	30	0	3596	90	0	784
155	441	157	10	0	3612	90	0	485
156	13	266	-10	0	3587	90	606	0
157	251	376	10	3186	3346	0	0	1012
158	61	170	-30	0	3619	90	493	0
159	386	357	-20	1433	1593	90	722	0
160	95	475	-10	0	3551	90	799	0
161	90	298	-10	2104	2264	90	229	0
162	71	388	-10	0	3598	90	241	0
163	383	246	20	0	3691	90	0	174
164	352	38	10	0	3589	90	0	1000
165	395	1	30	0	3536	90	0	259
166	120	210	20	1282	1442	90	0	597
167	46	383	-20	0	3581	90	76	0
168	202	198	-30	0	3754	90	40	0
169	358	365	-30	2326	2486	90	86	0
170	191	352	20	0	3707	90	0	28
171	470	152	30	0	3584	90	0	372
172	228	124	20	141	301	90	0	91
173	402	230	-10	0	3671	90	796	0
174	323	229	-20	0	3749	90	163	0
175	331	486	10	0	3575	90	0	887
176	112	208	-30	1601	1761	90	586	0
177	172	435	30	0	3624	90	0	222
178	326	498	10	1021	1181	90	0	133
179	460	183	10	0	3604	90	0	793
180	95	279	20	0	3667	90	0	116
181	76	456	30	780	940	90	0	956
182	242	350	-30	0	3724	90	900	0
183	152	196	10	212	372	90	0	21
184	268	351	10	0	3722	90	0	218
185	360	356	10	2733	2893	90	0	916
186	39	296	-20	1983	2143	90	996	0
187	262	368	30	1162	1322	90	0	61
188	204	90	-10	1094	1254	90	720	0
189	149	273	-10	212	372	90	949	0
190	446	86	-20	3056	3216	90	726	0
191	139	269	20	1728	1888	90	0	548
192	483	170	30	0	3578	90	0	75
193	39	278	-10	1601	1761	90	92	0
194	201	307	-20	0	3749	90	567	0
195	395	378	10	1636	1796	90	0	825
196	139	262	30	1450	1610	90	0	742
197	176	447	20	311	471	90	0	433
198	67	380	-20	0	3600	90	462	0
199	35	358	-20	0	3584	90	665	0
200	294	455	-30	2426	2586	90	998	0
201	351	33	20	0	3585	90	0	319
202	216	316	-10	2319	2479	90	911	0
203	261	96	40	0	3670	90	0	837
204	238	57	-30	0	3631	90	437	0
205	383	18	20	1643	1803	90	0	331
206	152	460	10	0	3593	90	0	250
207	94	479	-10	0	3547	90	972	0
208	337	453	30	0	3604	90	0	279
209	135	460	-30	0	3585	90	892	0
210	260	104	20	157	317	90	0	838
211	337	63	-20	0	3618	90	896	0
212	32	247	-20	802	962	90	138	0
213	394	205	10	0	3674	90	0	813
214	95	294	10	0	3663	90	0	716
215	253	241	-10	2835	2995	90	733	0
216	223	90	30	2787	2947	90	0	287
217	64	473	10	0	3534	90	0	703
218	275	431	-10	0	3642	90	184	0
219	261	84	10	0	3658	90	0	351
220	176	296	-30	1230	1390	90	613	0
221	361	349	-10	3016	3176	90	436	0
222	168	433	-30	3156	3316	90	177	0
223	394	10	40	0	3545	90	0	706
224	308	60	20	776	936	90	0	898
225	94	456	20	0	3566	90	0	584
226	73	484	20	0	3531	90	0	845
227	277	434	-30	1427	1587	90	9	0
228	119	232	-20	1939	2099	90	424	0
229	78	375	10	0	3612	90	0	161
230	366	346	-10	0	3674	90	509	0
231	125	181	20	0	3682	90	0	506
232	69	493	-20	1977	2137	90	664	0
233	432	80	40	908	1068	90	0	853
234	72	391	10	0	3597	90	0	719
235	85	486	-30	0	3537	90	760	0
236	204	371	30	0	3695	90	0	348
237	173	328	-20	2481	2641	90	390	0
238	280	423	-30	0	3649	90	305	0
239	200	327	-20	3150	3310	90	114	0
240	241	98	-10	0	3672	90	406	0
241	96	356	10	186	346	90	0	162
242	332	491	-30	1211	1371	90	820	0
243	81	283	10	1624	1784	90	0	378
244	373	22	10	0	3565	90	0	443
245	255	371	-20	2209	2369	90	282	0
246	358	359	-20	0	3671	90	105	0
247	216	93	10	0	3664	90	0	688
248	73	360	-40	0	3616	90	317	0
249	305	212	20	0	3758	0	0	1001
250	151	462	-10	1402	1562	90	206	0
251	47	389	-10	1102	1262	90	718	0
252	155	198	30	118	278	90	0	405
253	152	457	10	0	3595	90	0	371
254	329	48	-20	1555	1715	90	531	0
255	88	394	-30	0	3608	90	398	0
256	153	295	-40	3382	3542	90	459	0
257	81	373	10	590	750	90	0	961
258	163	453	10	0	3604	90	0	444
259	378	25	-30	2408	2568	90	165	0
260	401	385	-10	0	3622	90	303	0
261	184	340	-10	2768	2928	90	494	0
262	402	362	-20	0	3636	90	689	0
263	70	482	-20	2351	2511	90	83	0
264	357	445	-30	0	3602	90	840	0
265	212	71	20	0	3642	90	0	814
266	231	81	-30	2403	2563	90	663	0
267	379	208	10	835	995	90	0	384
268	236	95	30	0	3669	90	0	803
269	386	344	20	0	3659	90	0	385
270	189	200	-30	1989	2149	90	421	0
271	296	253	10	834	994	90	0	68
272	73	303	-10	0	3640	90	561	0
273	30	162	-30	0	3588	90	605	0
274	230	95	-20	1899	2059	90	917	0
275	57	131	10	0	3598	90	0	955
276	379	245	-10	2773	2933	90	543	0
277	107	221	-30	0	3679	90	431	0
278	154	458	-20	0	3595	90	951	0
279	290	417	-30	0	3653	90	208	0
280	272	243	-10	0	3801	90	529	0
281	94	130	10	0	3628	90	0	553
282	222	356	20	1608	1768	90	0	245
283	243	108	-20	3061	3221	90	936	0
284	224	93	-20	2191	2351	90	291	0
285	155	242	-10	0	3729	90	150	0
286	440	302	-10	0	3628	90	4	0
287	221	102	-30	2858	3018	90	216	0
288	52	484	10	0	3518	90	0	145
289	111	244	-10	2229	2389	90	875	0
290	132	273	10	2203	2363	90	0	866
291	228	186	20	269	429	90	0	284
292	221	374	-20	0	3697	90	511	0
293	406	286	-10	3314	3474	90	714	0
294	390	9	30	1263	1423	90	0	381
295	335	52	-20	0	3609	90	44	0
296	189	368	20	144	304	90	0	542
297	397	40	40	2491	2651	90	0	621
298	408	305	10	0	3657	90	0	670
299	156	434	10	0	3618	90	0	386
300	180	335	-10	0	3714	90	746	0
301	327	483	20	2098	2258	90	0	460
302	363	62	20	0	3605	90	0	2
303	375	342	10	939	1099	90	0	260
304	16	280	-20	0	3589	90	39	0
305	277	431	30	0	3641	90	0	238
306	110	241	-10	0	3684	90	108	0
307	48	385	20	1008	1168	90	0	152
308	152	260	10	0	3726	0	0	1013
309	255	120	10	130	290	90	0	738
310	214	382	30	0	3688	90	0	731
311	414	384	10	0	3613	90	0	805
312	232	378	20	2194	2354	90	0	80
313	80	141	-10	494	654	90	422	0
314	188	330	-10	0	3723	90	96	0
315	157	192	-20	3210	3370	90	383	0
316	101	237	-20	1831	1991	90	337	0
317	74	360	40	2856	3016	90	0	248
318	267	260	20	0	3805	90	0	362
319	378	46	-20	0	3584	90	201	0
320	420	311	-30	893	1053	90	589	0
321	384	217	-30	1809	1969	90	717	0
322	418	300	-30	611	771	90	835	0
323	356	77	-10	2249	2409	90	534	0
324	253	244	-30	0	3818	90	345	0
325	323	258	10	0	3751	90	0	573
326	293	454	-20	0	3616	90	847	0
327	231	97	20	0	3670	90	0	752
328	316	234	10	2661	2821	90	0	675
329	207	196	20	2565	2725	90	0	708
330	321	228	30	0	3750	90	0	902
331	382	17	-20	1734	1894	90	205	0
332	206	326	-20	0	3737	90	526	0
333	198	284	-30	0	3762	90	367	0
334	137	186	-20	2912	3072	90	683	0
335	229	396	-10	2882	3042	90	964	0
336	268	235	-20	1842	2002	90	387	0
337	95	243	20	0	3669	90	0	316
338	297	430	20	378	538	90	0	851
339	393	368	-30	0	3639	90	566	0
340	66	391	-20	0	3593	90	57	0
341	189	339	-30	2863	3023	90	342	0
342	280	351	30	116	276	90	0	341
343	241	77	30	1225	1385	90	0	454
344	134	265	-10	2666	2826	90	795	0
345	420	95	30	345	505	90	0	324
346	111	279	30	141	301	90	0	373
347	367	358	-10	2133	2293	90	148	0
348	239	373	-30	1905	2065	90	236	0
349	384	235	-20	0	3690	90	980	0
350	284	360	-20	0	3709	90	653	0
351	325	75	-10	2370	2530	90	219	0
352	279	369	10	0	3702	90	0	827
353	340	449	-20	0	3606	90	419	0
354	275	448	10	0	3625	90	0	979
355	447	88	-30	2963	3123	90	365	0
356	314	279	-10	270	430	90	98	0
357	434	377	-10	0	3601	90	359	0
358	67	377	-20	0	3602	90	129	0
359	370	353	10	746	906	90	0	357
360	57	367	-20	2169	2329	90	754	0
361	332	486	20	1912	2072	90	0	558
362	386	361	-20	1527	1687	90	318	0
363	55	282	40	305	465	90	0	632
364	317	467	20	0	3597	90	0	43
365	335	54	30	1853	2013	90	0	355
366	348	466	-10	0	3587	90	117	0
367	132	314	30	0	3690	90	0	333
368	328	216	10	0	3739	90	0	745
369	416	48	-20	1880	2040	90	989	0
370	370	55	10	2886	3046	0	0	1003
371	149	434	-10	0	3615	90	253	0
372	466	169	-30	2502	2662	90	171	0
373	141	267	-30	0	3714	90	346	0
374	258	350	20	1822	1982	90	0	20
375	428	312	-30	0	3636	90	993	0
376	211	188	10	0	3751	0	0	1010
377	50	343	-30	0	3604	90	467	0
378	107	311	-10	2813	2973	90	243	0
379	178	441	20	0	3620	90	0	572
380	232	85	10	2309	2469	90	0	761
381	391	23	-30	0	3557	90	294	0
382	137	227	20	0	3709	90	0	74
383	161	203	20	100	260	90	0	315
384	363	212	-10	3274	3434	90	267	0
385	384	346	-20	1331	1491	90	269	0
386	166	434	-10	2965	3125	90	299	0
387	274	248	20	0	3800	90	0	336
388	156	421	30	0	3629	90	0	728
389	346	211	10	0	3721	90	0	819
390	265	358	20	1352	1512	90	0	237
391	96	407	20	0	3605	90	0	841
392	443	70	-20	2464	2624	90	147	0
393	125	212	-30	0	3694	90	587	0
394	361	337	50	363	523	90	0	446
395	322	78	-20	2464	2624	90	732	0
396	481	156	20	1600	1760	90	0	66
397	188	293	30	0	3749	90	0	781
398	76	408	30	0	3589	90	0	255
399	130	304	-10	3175	3335	90	812	0
400	378	363	-20	0	3654	90	507	0
401	185	301	20	1330	1490	90	0	671
402	385	235	-10	2581	2741	90	136	0
403	261	350	-30	0	3724	90	67	0
404	389	33	-10	0	3567	90	416	0
405	151	214	-30	511	671	90	252	0
406	265	94	10	258	418	90	0	240
407	65	164	-10	2595	2755	90	480	0
408	293	81	10	174	334	90	0	749
409	363	55	-20	2983	3143	90	465	0
410	465	176	-30	0	3597	90	49	0
411	428	298	-10	1654	1814	90	870	0
412	75	379	-20	0	3607	90	426	0
413	404	378	-20	0	3624	90	580	0
414	203	203	-30	0	3758	90	461	0
415	259	88	20	0	3662	90	0	843
416	362	17	10	0	3566	90	0	404
417	320	258	20	564	724	90	0	56
418	59	358	20	2358	2518	90	0	947
419	316	453	20	224	384	90	0	353
420	225	192	20	74	234	90	0	539
421	140	206	30	0	3706	90	0	270
422	83	151	10	0	3630	90	0	313
423	366	196	-20	0	3697	90	871	0
424	108	245	20	0	3682	90	0	228
425	129	267	10	2480	2640	90	0	102
426	57	379	20	907	1067	90	0	412
427	329	56	-30	1457	1617	90	861	0
428	213	363	-20	0	3706	90	974	0
429	76	391	30	0	3601	90	0	915
430	330	259	30	1231	1391	90	0	603
431	136	217	30	0	3706	90	0	277
432	165	333	20	0	3706	90	0	829
433	160	431	-20	0	3622	90	197	0
434	338	489	-20	1308	1468	90	730	0
435	335	64	-10	0	3620	90	693	0
436	412	361	10	1748	1908	90	0	221
437	259	90	30	0	3664	90	0	204
438	265	77	20	0	3651	0	0	1008
439	460	173	20	2887	3047	90	0	81
440	83	301	-20	0	3650	90	786	0
441	201	331	-20	0	3730	90	668	0
442	118	214	-20	0	3688	90	538	0
443	395	30	-10	2796	2956	90	244	0
444	125	444	-10	1997	2157	90	258	0
445	283	248	-10	0	3791	90	767	0
446	391	334	-50	1047	1207	90	394	0
447	212	215	-30	3160	3320	90	968	0
448	276	428	-20	1048	1208	90	810	0
449	96	152	20	0	3642	90	0	484
450	425	85	10	0	3584	90	0	139
451	336	7	10	0	3567	90	0	910
452	196	219	-10	3054	3214	90	528	0
453	210	94	-10	997	1157	90	999	0
454	310	81	-30	0	3645	90	343	0
455	341	37	20	434	594	90	0	678
456	344	478	-30	2296	2456	90	991	0
457	406	37	40	275	435	90	0	953
458	69	346	-10	0	3620	90	698	0
459	80	376	40	407	567	90	0	256
460	314	449	-20	0	3615	90	301	0
461	209	201	30	2753	2913	90	0	414
462	88	379	20	689	849	90	0	198
463	352	500	30	1505	1665	90	0	826
464	65	357	-10	0	3611	90	657	0
465	345	15	20	0	3571	90	0	409
466	125	245	-20	3002	3162	90	696	0
467	52	369	30	2073	2233	90	0	377
468	449	140	-20	730	890	90	134	0
469	430	310	30	0	3635	0	0	1007
470	109	325	-10	0	3665	90	51	0
471	446	139	-10	0	3599	90	988	0
472	229	214	20	41	201	90	0	637
473	197	301	10	0	3751	90	0	872
474	146	245	-10	0	3720	90	994	0
475	401	368	20	664	824	90	0	79
476	116	259	-30	2613	2773	90	777	0
477	374	55	30	2792	2952	90	0	759
478	249	251	-20	3036	3196	90	804	0
479	325	490	10	0	3573	90	0	874
480	59	159	10	0	3613	90	0	407
481	186	177	20	1361	1521	90	0	736
482	319	229	-10	0	3752	90	591	0
483	26	269	30	0	3600	90	0	928
484	53	139	-20	0	3598	90	449	0
485	471	154	-10	0	3584	90	155	0
486	301	247	10	0	3773	90	0	36
487	388	220	-20	0	3683	90	729	0
488	235	81	20	0	3655	90	0	773
489	347	479	-20	2389	2549	90	735	0
490	367	59	-10	0	3601	90	952	0
491	261	370	30	1069	1229	90	0	816
492	441	287	-20	0	3630	90	123	0
493	44	153	30	0	3597	90	0	158
494	263	351	10	1545	1705	90	0	261
495	444	157	10	215	375	90	0	30
496	374	17	-20	0	3561	90	576	0
497	448	295	-30	0	3621	90	520	0
498	446	297	10	2232	2392	90	0	46
499	347	40	-20	0	3593	90	655	0
500	318	493	10	825	985	90	0	549
501	399	352	10	1260	1420	90	0	800
502	51	364	-20	1887	2047	90	763	0
503	250	217	-30	2534	2694	90	976	0
504	107	225	30	440	600	90	0	563
505	173	208	-20	0	3737	90	18	0
506	204	189	-20	0	3748	90	231	0
507	399	379	20	2960	3120	90	0	400
508	79	346	10	0	3628	90	0	906
509	360	338	10	272	432	90	0	230
510	390	17	-10	0	3553	90	727	0
511	207	337	20	0	3727	90	0	292
512	409	361	30	0	3631	90	0	54
513	206	377	20	559	719	90	0	807
514	429	294	-30	0	3640	90	931	0
515	375	31	-10	2185	2345	90	876	0
516	426	80	-30	0	3580	90	518	0
517	74	374	20	0	3609	90	0	734
518	408	20	30	0	3545	90	0	516
519	239	369	-30	1811	1971	90	126	0
520	420	308	30	709	869	90	0	497
521	254	357	-30	0	3717	90	23	0
522	53	297	-20	0	3622	90	6	0
523	434	382	-10	0	3598	90	537	0
524	204	171	20	0	3733	90	0	984
525	173	169	-10	1558	1718	90	623	0
526	190	332	20	0	3723	90	0	332
527	274	231	30	0	3794	90	0	633
528	207	194	10	0	3754	90	0	452
529	315	232	10	0	3757	90	0	280
530	425	87	20	444	604	90	0	863
531	312	64	20	582	742	90	0	254
532	129	244	30	2908	3068	90	0	842
533	278	230	-30	0	3790	90	789	0
534	351	75	10	0	3622	90	0	323
535	185	293	10	0	3747	90	0	755
536	364	364	20	0	3663	90	0	702
537	432	369	10	0	3607	90	0	523
538	128	249	20	0	3702	90	0	442
539	221	179	-20	369	529	90	420	0
540	194	296	20	0	3752	90	0	973
541	413	350	10	0	3633	90	0	89
542	214	372	-20	0	3697	90	296	0
543	379	229	10	1045	1205	90	0	276
544	91	298	-10	2013	2173	90	595	0
545	226	120	30	0	3692	90	0	788
546	344	46	-40	1660	1820	90	143	0
547	238	84	10	1634	1794	90	0	779
548	138	276	-20	1915	2075	90	191	0
549	346	487	-10	1808	1968	90	500	0
550	95	160	10	0	3645	90	0	914
551	103	266	30	1062	1222	90	0	604
552	98	286	-10	0	3668	90	112	0
553	77	172	-10	2976	3136	90	281	0
554	147	199	30	308	468	90	0	599
555	210	98	10	0	3667	90	0	920
556	428	292	-30	0	3642	90	611	0
557	121	236	-20	2034	2194	90	855	0
558	336	479	-20	0	3580	90	361	0
559	203	369	-20	841	1001	90	596	0
560	296	232	10	1268	1428	90	0	153
561	87	369	10	201	361	90	0	272
562	247	88	30	1924	2084	90	0	617
563	104	246	-30	1353	1513	90	504	0
564	67	302	-20	2493	2653	90	839	0
565	114	296	-20	0	3681	90	626	0
566	394	356	30	0	3646	90	0	339
567	192	306	20	1523	1683	90	0	194
568	16	285	30	2492	2652	90	0	113
569	419	310	-20	0	3645	90	110	0
570	389	221	10	0	3683	0	0	1011
571	129	264	20	0	3703	90	0	740
572	172	483	-20	904	1064	90	379	0
573	325	251	-10	1425	1585	90	325	0
574	151	436	-20	2386	2546	90	888	0
575	263	91	20	0	3665	90	0	869
576	401	15	20	685	845	90	0	496
577	253	382	-10	3090	3250	90	31	0
578	247	89	20	2015	2175	90	0	899
579	283	229	-20	0	3785	90	5	0
580	366	341	20	553	713	90	0	413
581	392	213	20	2092	2252	90	0	934
582	167	304	20	207	367	90	0	149
583	477	154	10	1506	1666	90	0	725
584	234	383	-20	0	3691	90	225	0
585	199	327	-10	0	3732	90	948	0
586	140	220	30	0	3710	90	0	176
587	144	266	30	311	471	90	0	393
588	432	105	-10	0	3592	90	131	0
589	368	325	30	139	299	90	0	320
590	202	386	20	0	3680	90	0	775
591	325	246	10	1520	1680	90	0	482
592	430	86	-20	0	3581	90	88	0
593	200	195	-20	0	3750	90	104	0
594	440	295	30	2136	2296	90	0	667
595	77	287	10	1905	2065	90	0	544
596	187	362	20	0	3696	90	0	559
597	131	207	-20	0	3698	90	166	0
598	405	5	20	786	946	90	0	864
599	125	226	-30	1389	1549	90	554	0
600	254	335	-30	3013	3173	90	878	0
601	212	168	20	860	1020	90	0	926
602	281	279	-20	0	3782	90	649	0
603	326	241	-30	1615	1775	90	430	0
604	152	241	-30	0	3726	90	551	0
605	71	139	30	807	967	90	0	273
606	46	277	10	589	749	90	0	156
607	393	13	20	1358	1518	90	0	700
608	87	454	-10	882	1042	90	877	0
609	86	359	-20	0	3628	90	82	0
610	220	192	-30	0	3759	90	638	0
611	426	279	30	3112	3272	90	0	556
612	131	267	-40	0	3704	90	923	0
613	200	297	30	553	713	90	0	220
614	299	442	-20	1904	2064	90	782	0
615	265	218	20	2429	2589	0	0	1016
616	398	231	20	2296	2456	90	0	946
617	312	74	-30	0	3638	90	562	0
618	99	307	20	0	3663	90	0	997
619	22	283	-20	0	3594	90	833	0
620	67	160	-10	2690	2850	90	992	0
621	390	42	-40	2588	2748	90	297	0
622	44	279	10	0	3616	90	0	737
623	200	182	10	0	3740	90	0	525
624	458	303	-20	0	3610	90	966	0
625	298	438	-30	567	727	90	929	0
626	62	301	20	0	3630	90	0	565
627	112	251	10	0	3686	90	0	694
628	184	354	30	0	3701	90	0	783
629	140	180	-40	0	3694	90	94	0
630	269	428	-10	1145	1305	90	981	0
631	123	206	-20	1885	2045	90	983	0
632	36	284	-40	0	3608	90	363	0
633	272	233	-30	0	3797	90	527	0
634	320	231	-10	2384	2544	90	901	0
635	211	180	20	758	918	90	0	103
636	114	169	20	2612	2772	90	0	970
637	245	239	-20	2933	3093	90	472	0
638	117	204	30	0	3684	90	0	610
639	316	254	-20	0	3758	90	739	0
640	169	443	30	500	660	90	0	941
641	212	96	10	0	3666	90	0	140
642	119	285	40	0	3689	90	0	90
643	71	163	20	0	3625	90	0	151
644	78	361	-20	0	3620	90	62	0
645	354	219	-30	3375	3535	90	756	0
646	389	233	-20	0	3684	90	748	0
647	90	391	10	541	701	90	0	937
648	209	307	-10	1811	1971	90	142	0
649	363	351	20	2923	3083	90	0	602
650	405	47	10	255	415	90	0	885
651	278	329	-30	0	3741	90	78	0
652	261	371	20	0	3703	90	0	882
653	302	470	20	2227	2387	90	0	350
654	373	205	40	0	3694	90	0	64
655	381	20	20	1828	1988	90	0	499
656	90	277	-10	662	822	90	41	0
657	46	341	10	0	3601	90	0	464
658	50	138	-10	0	3595	90	677	0
659	61	437	20	265	425	90	0	758
660	331	252	-10	0	3743	90	921	0
661	440	81	-10	0	3570	90	935	0
662	384	206	20	739	899	90	0	686
663	232	87	30	0	3661	90	0	266
664	59	471	20	0	3532	90	0	232
665	174	304	20	110	270	90	0	199
666	106	248	20	0	3680	90	0	60
667	410	287	-30	0	3660	90	594	0
668	206	313	20	2091	2251	90	0	441
669	412	367	20	960	1120	90	0	26
670	412	300	-10	515	675	90	298	0
671	206	295	-20	2809	2969	90	401	0
672	329	459	10	0	3601	90	0	120
673	177	436	20	199	359	90	0	111
674	266	264	30	0	3803	0	0	1006
675	308	235	-10	3135	3295	90	328	0
676	260	330	-10	3203	3363	90	15	0
677	49	136	10	1705	1865	90	0	658
678	356	28	-20	1000	1160	90	455	0
679	428	384	10	0	3602	90	0	16
680	220	362	20	1331	1491	90	0	962
681	437	61	-20	0	3559	90	32	0
682	365	360	20	0	3665	90	0	939
683	107	168	20	0	3660	90	0	334
684	220	177	20	0	3746	90	0	1
685	347	21	-30	1386	1546	90	77	0
686	293	245	-20	0	3781	90	662	0
687	267	436	-30	3007	3167	90	858	0
688	216	96	-10	0	3667	90	247	0
689	383	351	20	167	327	90	0	262
690	289	240	20	0	3784	0	0	1015
691	129	185	-20	2814	2974	90	893	0
692	291	450	-20	2705	2865	90	744	0
693	387	21	10	1548	1708	90	0	435
694	116	255	-10	0	3690	90	627	0
695	50	368	30	0	3592	0	0	1005
696	121	249	20	0	3695	90	0	466
697	404	346	-30	0	3643	90	132	0
698	77	360	10	0	3619	90	0	458
699	447	102	10	0	3578	90	0	13
700	366	16	-20	0	3563	90	607	0
701	348	16	-20	1780	1940	90	894	0
702	353	346	-20	0	3684	90	536	0
703	54	485	-10	1773	1933	90	217	0
704	319	77	30	0	3638	90	0	58
705	83	282	-30	1532	1692	90	100	0
706	384	24	-40	2601	2761	90	223	0
707	52	469	-30	1387	1547	90	10	0
708	199	200	-20	2945	3105	90	329	0
709	273	234	-10	0	3796	90	942	0
710	16	281	-20	0	3588	90	938	0
711	151	442	-20	0	3608	90	857	0
712	223	114	-20	332	492	90	12	0
713	191	308	-20	0	3742	90	865	0
714	448	297	10	0	3621	90	0	293
715	386	28	20	2507	2667	90	0	849
716	106	295	-10	0	3674	90	214	0
717	387	224	30	1517	1677	90	0	321
718	96	377	10	0	3625	90	0	251
719	86	361	-10	3347	3507	90	234	0
720	211	107	10	531	691	90	0	188
721	43	125	-20	1603	1763	90	17	0
722	369	351	20	0	3668	90	0	159
723	388	228	10	1235	1395	90	0	69
724	325	228	20	1810	1970	90	0	19
725	490	159	-10	1897	2057	90	583	0
726	420	78	20	0	3583	90	0	190
727	396	4	10	0	3538	90	0	510
728	222	317	-30	0	3752	90	388	0
729	389	198	20	543	703	90	0	487
730	322	454	20	0	3608	90	0	434
731	241	391	-30	2985	3145	90	310	0
732	256	117	20	0	3691	90	0	395
733	298	255	10	0	3776	90	0	215
734	74	363	-20	0	3615	90	517	0
735	345	496	20	0	3561	90	0	489
736	167	169	-20	1654	1814	90	481	0
737	23	306	-10	2182	2342	90	622	0
738	317	62	-10	0	3625	90	309	0
739	319	257	20	0	3755	90	0	639
740	129	255	-20	0	3703	90	571	0
741	59	377	-20	2088	2248	90	895	0
742	138	272	-30	1821	1981	90	196	0
743	317	251	30	940	1100	90	0	975
744	279	436	20	0	3636	90	0	692
745	371	207	-10	241	401	90	368	0
746	263	372	10	886	1046	90	0	300
747	50	347	10	0	3602	90	0	873
748	275	236	20	0	3796	90	0	646
749	334	47	-10	331	491	90	408	0
750	50	383	-20	1889	2049	90	24	0
751	170	338	-10	2284	2444	90	73	0
752	245	109	-20	0	3683	90	327	0
753	69	475	30	1189	1349	90	0	125
754	54	372	20	1991	2151	90	0	360
755	198	334	-10	2203	2363	90	535	0
756	380	228	30	0	3693	90	0	645
757	425	118	10	219	379	90	0	830
758	80	398	-20	0	3599	90	659	0
759	366	57	-30	3076	3236	90	477	0
760	67	463	30	584	744	90	0	235
761	226	86	-10	2595	2755	90	380	0
762	59	480	-20	1583	1743	90	801	0
763	40	378	20	0	3579	90	0	502
764	250	367	-10	2113	2273	90	146	0
765	157	436	-20	0	3617	90	780	0
766	463	161	-10	2403	2563	90	908	0
767	266	250	10	409	569	90	0	445
768	51	162	-30	2213	2373	90	963	0
769	194	353	-10	0	3707	90	141	0
770	383	41	-20	2685	2845	90	909	0
771	247	82	-20	0	3656	90	924	0
772	457	142	20	829	989	90	0	818
773	244	94	-20	1795	1955	90	488	0
774	441	63	-30	0	3557	90	785	0
775	244	371	-20	2310	2470	90	590	0
776	174	444	10	0	3616	90	0	904
777	94	247	30	853	1013	90	0	476
778	320	225	20	0	3750	90	0	128
779	316	80	-10	0	3642	90	547	0
780	155	447	20	2672	2832	90	0	765
781	211	308	-30	0	3755	90	397	0
782	297	442	20	1812	1972	90	0	614
783	200	342	-30	997	1157	90	628	0
784	44	325	-30	3181	3341	90	154	0
785	438	60	30	0	3557	90	0	774
786	80	374	20	0	3614	90	0	440
787	59	163	-20	2311	2471	90	121	0
788	236	92	-30	2210	2370	90	545	0
789	414	66	30	1592	1752	90	0	533
790	34	279	-10	0	3607	90	821	0
791	475	156	-20	0	3581	90	65	0
792	404	310	-10	0	3659	90	130	0
793	367	239	-10	0	3707	90	179	0
794	210	359	-20	1568	1728	90	797	0
795	133	278	10	0	3704	90	0	344
796	446	169	10	0	3612	90	0	173
797	188	356	20	0	3702	90	0	794
798	312	252	-20	845	1005	90	967	0
799	69	485	10	0	3528	90	0	160
800	413	353	-10	1650	1810	90	501	0
801	54	446	20	0	3547	90	0	762
802	56	357	-10	0	3603	90	87	0
803	230	105	-30	0	3678	90	268	0
804	196	302	20	0	3750	90	0	478
805	391	373	-10	0	3637	90	311	0
806	101	295	30	0	3669	90	0	50
807	234	350	-20	2617	2777	90	513	0
808	215	108	20	2760	2920	90	0	8
809	142	457	-10	0	3591	90	45	0
810	283	425	20	0	3646	90	0	448
811	77	397	-30	919	1079	90	905	0
812	105	317	10	0	3665	90	0	399
813	382	213	-10	1715	1875	90	213	0
814	213	76	-20	0	3647	90	265	0
815	417	56	20	0	3569	90	0	957
816	183	340	-30	0	3712	90	491	0
817	123	242	-20	3190	3350	90	930	0
818	475	136	-20	1029	1189	90	772	0
819	377	246	-10	3054	3214	90	389	0
820	310	484	30	626	786	90	0	242
821	47	280	10	403	563	90	0	790
822	57	456	20	388	548	90	0	137
823	313	266	20	373	533	90	0	844
824	475	145	30	0	3576	90	0	144
825	400	376	-10	0	3629	90	195	0
826	290	416	-30	0	3654	90	463	0
827	277	369	-10	0	3702	90	352	0
828	91	303	-20	0	3657	90	3	0
829	194	301	-20	0	3749	90	432	0
830	254	238	-10	0	3812	90	757	0
831	215	91	-10	0	3662	90	886	0
832	500	162	20	2088	2248	90	0	954
833	56	287	20	0	3627	90	0	619
834	289	452	-10	0	3619	90	969	0
835	378	326	30	160	320	90	0	322
836	197	350	30	1186	1346	90	0	118
837	243	88	-40	1731	1891	90	203	0
838	250	72	-20	1125	1285	90	210	0
839	101	290	20	1150	1310	90	0	564
840	351	480	30	0	3573	90	0	264
841	67	357	-20	3044	3204	90	391	0
842	128	240	-30	3285	3445	90	532	0
843	253	81	-20	0	3655	90	415	0
844	307	227	-20	2853	3013	90	823	0
845	233	441	-20	0	3633	90	226	0
846	311	47	-20	0	3613	90	63	0
847	292	456	20	0	3614	90	0	326
848	183	187	-30	0	3733	90	987	0
849	392	31	-20	2890	3050	90	715	0
850	103	251	10	0	3677	90	0	122
851	300	443	-20	1996	2156	90	338	0
852	420	295	-20	0	3649	90	995	0
853	427	64	-40	1292	1452	90	233	0
854	372	354	-10	0	3664	90	106	0
855	101	263	20	0	3675	90	0	557
856	141	454	20	1686	1846	90	0	127
857	146	461	20	1497	1657	90	0	711
858	298	430	30	469	629	90	0	687
859	148	270	10	119	279	90	0	101
860	76	287	20	1814	1974	90	0	925
861	308	55	30	871	1031	90	0	427
862	143	257	-10	501	661	90	14	0
863	393	2	-20	979	1139	90	530	0
864	385	28	-20	0	3565	90	598	0
865	204	291	20	0	3763	90	0	713
866	132	272	-10	0	3704	90	290	0
867	206	379	-20	0	3688	90	940	0
868	69	383	10	0	3600	90	0	977
869	245	96	-20	0	3670	90	575	0
870	431	301	10	0	3636	90	0	411
871	448	94	20	0	3572	90	0	423
872	199	305	-10	0	3749	90	473	0
873	95	356	-10	3447	3607	90	747	0
874	328	498	-10	0	3565	90	479	0
875	108	222	10	0	3680	90	0	289
876	341	26	10	0	3583	90	0	515
877	63	454	10	0	3548	90	0	608
878	222	357	30	0	3714	90	0	600
879	416	364	-30	0	3623	90	889	0
880	127	278	10	2106	2266	90	0	25
881	140	252	20	0	3714	90	0	27
882	218	298	-20	0	3767	90	652	0
883	432	87	-10	2858	3018	90	72	0
884	216	300	30	0	3764	0	0	1014
885	438	72	-10	1098	1258	90	650	0
886	184	178	10	1454	1614	90	0	831
887	345	468	-10	2677	2837	90	175	0
888	150	435	20	0	3614	90	0	574
889	395	365	30	0	3639	90	0	879
890	208	371	20	655	815	90	0	47
891	190	292	10	745	905	90	0	959
892	78	479	30	1089	1249	90	0	209
893	104	198	20	0	3670	90	0	691
894	346	13	20	1686	1846	90	0	701
895	47	388	20	1193	1353	90	0	741
896	315	57	20	0	3621	90	0	211
897	110	199	-10	0	3675	90	59	0
898	323	60	-20	0	3621	90	224	0
899	308	82	-20	0	3647	90	578	0
900	216	374	30	1035	1195	90	0	182
901	326	253	10	1039	1199	90	0	634
902	308	232	-30	2948	3108	90	330	0
903	118	223	10	339	499	90	0	943
904	149	444	-10	0	3606	90	776	0
905	95	395	30	0	3612	90	0	811
906	117	319	-10	0	3675	90	508	0
907	262	352	-10	0	3722	90	960	0
908	468	135	10	932	1092	90	0	766
909	351	31	20	813	973	90	0	770
910	361	15	-10	2118	2278	90	451	0
911	195	300	10	0	3750	90	0	202
912	397	27	20	0	3557	90	0	52
913	179	311	10	0	3731	90	0	99
914	77	133	-10	709	869	90	550	0
915	66	397	-30	0	3589	90	429	0
916	366	352	-10	2830	2990	90	185	0
917	221	87	20	1403	1563	90	0	274
918	347	23	-20	0	3578	90	124	0
919	176	358	10	2075	2235	90	0	35
920	229	78	-10	2496	2656	90	555	0
921	272	246	10	218	378	90	0	660
922	293	67	20	0	3637	90	0	932
923	140	265	40	1543	1703	90	0	612
924	238	83	20	0	3657	90	0	771
925	136	296	-20	0	3702	90	860	0
926	218	98	-20	2002	2162	90	601	0
927	290	440	40	1621	1781	90	0	42
928	29	302	-30	2085	2245	90	483	0
929	290	425	30	280	440	90	0	625
930	124	247	20	0	3698	90	0	817
931	442	287	30	0	3629	90	0	514
932	294	64	-20	0	3633	90	922	0
933	74	165	-20	0	3629	90	985	0
934	382	245	-20	2959	3119	90	581	0
935	405	24	10	378	538	90	0	661
936	211	97	20	812	972	90	0	283
937	88	390	-10	0	3610	90	647	0
938	37	295	20	0	3607	90	0	710
939	359	371	-20	0	3662	90	682	0
940	186	372	20	0	3687	90	0	867
941	116	446	-30	1898	2058	90	640	0
942	293	249	10	0	3781	90	0	709
943	83	228	-10	0	3656	90	903	0
944	96	269	10	0	3669	90	0	37
945	179	284	-10	0	3746	90	55	0
946	368	219	-20	0	3702	90	616	0
947	66	359	-20	3157	3317	90	418	0
948	189	338	10	2954	3114	90	0	585
949	163	277	10	0	3733	90	0	189
950	5	296	10	0	3575	0	0	1004
951	152	478	20	0	3576	90	0	278
952	366	34	10	2086	2246	90	0	490
953	429	80	-40	0	3578	90	457	0
954	464	178	-20	2691	2851	90	832	0
955	138	196	-10	0	3700	90	275	0
956	87	481	-30	2733	2893	90	181	0
957	425	99	-20	0	3593	90	815	0
958	241	362	10	2410	2570	0	0	1009
959	207	289	-10	2997	3157	90	891	0
960	264	365	10	0	3709	90	0	907
961	102	289	-10	1242	1402	90	257	0
962	233	346	-20	2711	2871	90	680	0
963	78	141	30	0	3621	90	0	768
964	196	348	10	0	3713	90	0	335
965	216	92	-20	2382	2542	90	971	0
966	444	309	20	2425	2585	90	0	624
967	313	263	20	0	3760	90	0	798
968	211	198	30	2660	2820	90	0	447
969	314	436	10	2101	2261	90	0	834
970	217	189	-20	0	3755	90	636	0
971	197	178	20	0	3735	90	0	965
972	60	497	10	0	3513	90	0	207
973	206	312	-20	2000	2160	90	540	0
974	197	351	20	1277	1437	90	0	428
975	305	233	-30	3041	3201	90	743	0
976	297	250	30	0	3777	90	0	503
977	71	348	-10	3055	3215	90	868	0
978	11	269	10	1110	1270	90	0	22
979	247	447	-10	0	3627	90	354	0
980	386	213	20	1996	2156	90	0	349
981	292	434	10	755	915	90	0	630
982	436	301	20	0	3632	90	0	85
983	145	221	20	0	3716	90	0	631
984	224	96	-20	0	3668	90	524	0
985	59	128	20	1496	1656	90	0	933
986	489	150	50	0	3565	0	0	1002
987	152	225	30	994	1154	90	0	848
988	426	85	10	0	3583	90	0	471
989	415	73	20	1495	1655	90	0	369
990	440	70	-30	2371	2531	90	107	0
991	320	476	30	0	3588	90	0	456
992	57	132	10	1312	1472	90	0	620
993	405	311	30	0	3658	90	0	375
994	109	250	10	1540	1700	90	0	474
995	428	314	20	0	3635	90	0	852
996	40	288	20	1793	1953	90	0	186
997	175	282	-20	0	3743	90	618	0
998	298	456	30	0	3613	90	0	200
999	208	101	10	0	3670	90	0	453
1000	342	52	-10	0	3606	90	164	0
1001	305	212	-20	0	3758	90	249	0
1002	489	150	-50	0	3565	90	986	0
1003	370	55	-10	2886	3046	90	370	0
1004	5	296	-10	0	3575	90	950	0
1005	50	368	-30	0	3592	90	695	0
1006	266	264	-30	0	3803	90	674	0
1007	430	310	-30	0	3635	90	469	0
1008	265	77	-20	0	3651	90	438	0
1009	241	362	-10	2410	2570	90	958	0
1010	211	188	-10	0	3751	90	376	0
1011	389	221	-10	0	3683	90	570	0
1012	251	376	-10	3186	3346	90	157	0
1013	152	260	-10	0	3726	90	308	0
1014	216	300	-30	0	3764	90	884	0
1015	289	240	-20	0	3784	90	690	0
1016	265	218	-20	2429	2589	90	615	0
