200	700	1
0	200	200	0	0	3811	0	0	0
1	271	343	10	2682	3562	90	0	392
2	85	208	20	115	995	90	0	683
3	82	179	-20	2722	3602	90	524	0
4	132	172	-10	1652	2532	90	359	0
5	278	109	10	151	1031	90	0	367
6	117	170	20	1354	2234	90	0	535
7	96	113	-30	393	1273	90	523	0
8	165	85	-30	1308	2188	90	62	0
9	371	171	-20	221	1101	90	629	0
10	141	105	20	1592	2472	90	0	633
11	150	77	-10	1506	2386	90	685	0
12	75	208	30	2641	3521	90	0	393
13	287	233	10	1757	2637	90	0	68
14	113	92	30	138	1018	90	0	259
15	271	375	30	888	1768	90	0	287
16	201	206	20	6	886	90	0	796
17	352	291	10	1442	2322	90	0	114
18	368	125	10	929	1809	90	0	751
19	216	84	-20	1762	2642	90	265	0
20	183	37	-20	2666	3546	90	602	0
21	235	115	-30	134	1014	90	195	0
22	273	345	-10	2679	3559	90	159	0
23	150	178	-10	2521	3401	90	752	0
24	190	186	40	349	1229	90	0	399
25	280	24	-20	2053	2933	90	419	0
26	282	95	20	1734	2614	0	0	810
27	261	268	10	2451	3331	0	0	809
28	212	93	30	1472	2352	90	0	441
29	228	162	-10	1428	2308	90	140	0
30	379	136	20	1322	2202	90	0	329
31	72	221	20	2163	3043	90	0	687
32	73	195	20	341	1221	90	0	680
33	351	272	-10	2344	3224	90	543	0
34	57	183	-20	1844	2724	90	113	0
35	106	50	-20	1051	1931	90	180	0
36	264	253	-10	877	1757	90	526	0
37	70	184	20	130	1010	90	0	261
38	255	15	20	193	1073	90	0	233
39	270	355	30	2510	3390	90	0	501
40	380	135	20	1413	2293	90	0	417
41	110	84	-30	356	1236	90	391	0
42	355	192	10	155	1035	90	0	782
43	77	209	-30	2718	3598	90	729	0
44	93	65	40	1559	2439	90	0	791
45	183	156	-10	2792	3672	90	416	0
46	182	78	-30	2394	3274	90	614	0
47	237	373	-10	176	1056	90	594	0
48	134	251	10	2441	3321	90	0	676
49	136	240	10	2063	2943	90	0	414
50	267	125	20	930	1810	90	0	682
51	197	184	30	161	1041	90	0	718
52	167	156	-20	2394	3274	90	274	0
53	268	124	10	1022	1902	90	0	462
54	127	62	-10	846	1726	90	565	0
55	127	180	30	668	1548	90	0	66
56	127	350	10	668	1548	90	0	668
57	146	373	20	1849	2729	90	0	94
58	67	109	-10	1279	2159	90	692	0
59	121	232	-20	1766	2646	90	703	0
60	134	195	-20	289	1169	90	404	0
61	96	104	20	588	1468	90	0	80
62	112	65	30	741	1621	90	0	8
63	351	267	-20	2439	3319	90	557	0
64	34	58	20	1840	2720	90	0	550
65	312	217	-20	2121	3001	90	336	0
66	143	180	-30	2123	3003	90	55	0
67	63	184	-30	2030	2910	90	756	0
68	282	248	-10	2046	2926	90	13	0
69	152	363	-30	2226	3106	90	582	0
70	234	361	30	2484	3364	90	0	205
71	282	198	10	868	1748	90	0	334
72	377	124	-10	1803	2683	90	401	0
73	252	365	-10	173	1053	90	652	0
74	90	121	10	440	1320	90	0	457
75	253	205	10	53	933	90	0	689
76	137	364	-10	288	1168	90	84	0
77	93	145	-20	2721	3601	90	765	0
78	79	139	-30	2534	3414	90	773	0
79	343	161	10	2086	2966	90	0	355
80	74	126	-20	1665	2545	90	61	0
81	212	81	-30	1954	2834	90	537	0
82	371	143	-20	2661	3541	90	641	0
83	279	111	10	119	999	90	0	456
84	146	343	10	152	1032	90	0	76
85	265	377	-20	1990	2870	90	636	0
86	214	88	-20	1856	2736	90	379	0
87	191	175	30	544	1424	90	0	527
88	283	124	-20	1217	2097	90	241	0
89	368	103	20	193	1073	90	0	707
90	59	115	30	834	1714	90	0	696
91	249	121	20	729	1609	90	0	155
92	246	247	20	209	1089	90	0	224
93	110	89	10	169	1049	90	0	304
94	151	352	-20	2682	3562	90	57	0
95	290	205	-20	678	1558	90	365	0
96	254	106	10	441	1321	90	0	509
97	93	55	20	1155	2035	90	0	706
98	78	97	30	159	1039	90	0	545
99	273	7	20	631	1511	90	0	653
100	263	118	20	103	983	90	0	588
101	150	381	-20	1659	2539	90	575	0
102	73	205	10	127	1007	90	0	507
103	275	209	10	1249	2129	90	0	387
104	204	146	30	54	934	90	0	720
105	248	377	-20	2283	3163	90	198	0
106	262	199	30	62	942	90	0	341
107	276	252	30	1260	2140	90	0	749
108	331	197	-20	131	1011	90	618	0
109	215	174	-10	1230	2110	90	262	0
110	334	177	10	1001	1881	90	0	662
111	272	78	20	835	1715	90	0	264
112	133	196	10	380	1260	90	0	728
113	66	228	20	1022	1902	90	0	34
114	351	264	-10	2532	3412	90	17	0
115	132	360	20	475	1355	90	0	599
116	146	208	20	54	934	90	0	571
117	294	26	-20	2626	3506	90	303	0
118	271	122	20	1115	1995	90	0	226
119	218	109	10	995	1875	0	0	812
120	388	145	-20	2563	3443	90	758	0
121	33	78	20	1417	2297	90	0	232
122	154	355	-30	2423	3303	90	423	0
123	275	16	-10	1857	2737	90	546	0
124	200	18	30	785	1665	90	0	528
125	374	121	30	832	1712	90	0	544
126	332	284	-20	1050	1930	90	339	0
127	190	138	-20	62	942	90	615	0
128	257	102	-30	2689	3569	90	541	0
129	337	282	-40	955	1835	90	691	0
130	283	362	10	2217	3097	90	0	230
131	195	46	10	154	1034	90	0	260
132	73	129	10	1850	2730	90	0	381
133	366	195	-20	166	1046	90	459	0
134	162	96	20	458	1338	90	0	275
135	252	253	10	398	1278	90	0	781
136	51	95	-30	713	1593	90	268	0
137	292	20	-20	2434	3314	90	349	0
138	76	210	30	720	1600	90	0	502
139	252	205	20	52	932	90	0	580
140	272	200	10	1059	1939	90	0	29
141	380	153	-10	2655	3535	90	495	0
142	111	185	-20	961	1841	90	702	0
143	233	86	-20	415	1295	90	433	0
144	85	189	40	2603	3483	90	0	634
145	267	251	20	1066	1946	90	0	438
146	172	101	-30	743	1623	90	210	0
147	87	204	-20	113	993	90	631	0
148	173	88	20	1028	1908	90	0	590
149	301	218	-20	2222	3102	90	587	0
150	68	70	-30	2656	3536	90	368	0
151	270	358	-20	2417	3297	90	397	0
152	268	224	-30	2769	3649	90	732	0
153	177	135	10	505	1385	90	0	556
154	130	245	10	2253	3133	90	0	548
155	237	93	-20	603	1483	90	91	0
156	96	122	-40	2190	3070	90	276	0
157	285	23	-20	2148	3028	90	412	0
158	356	172	10	613	1493	90	0	409
159	274	346	10	2678	3558	90	0	22
160	200	26	10	504	1384	90	0	178
161	266	368	30	790	1670	90	0	380
162	290	255	20	2146	3026	90	0	450
163	333	264	20	147	1027	90	0	669
164	194	160	20	933	1813	90	0	663
165	299	31	-10	2646	3526	90	187	0
166	261	391	30	1290	2170	90	0	559
167	224	63	-10	210	1090	90	608	0
168	130	364	-20	862	1742	90	454	0
169	361	156	40	1867	2747	90	0	470
170	83	125	-20	1125	2005	90	628	0
171	170	86	-20	1213	2093	90	388	0
172	289	392	30	1591	2471	90	0	272
173	75	153	-10	2430	3310	90	199	0
174	110	101	-30	2708	3588	90	606	0
175	236	91	10	511	1391	90	0	352
176	214	20	20	1956	2836	90	0	418
177	76	118	10	545	1425	90	0	643
178	206	38	-10	1262	2142	90	160	0
179	190	141	10	59	939	90	0	644
180	108	87	20	262	1142	90	0	35
181	187	129	20	97	977	90	0	267
182	256	386	20	1193	2073	90	0	452
183	202	33	-20	407	1287	90	600	0
184	371	113	30	733	1613	90	0	342
185	131	186	10	480	1360	90	0	734
186	241	251	10	65	945	90	0	584
187	286	5	10	1005	1885	90	0	165
188	364	284	-10	1734	2614	90	616	0
189	250	97	10	2501	3381	90	0	231
190	272	193	30	72	952	90	0	347
191	104	252	-10	1176	2056	90	407	0
192	370	95	-20	199	1079	90	425	0
193	97	139	20	1710	2590	90	0	295
194	263	80	-20	736	1616	90	373	0
195	224	131	30	73	953	90	0	21
196	354	273	-30	2251	3131	90	270	0
197	353	102	-30	181	1061	90	442	0
198	230	387	20	423	1303	90	0	105
199	70	114	10	733	1613	90	0	173
200	149	393	40	1362	2242	90	0	761
201	117	252	-10	1655	2535	90	800	0
202	163	135	30	989	1869	90	0	410
203	176	121	20	310	1190	90	0	552
204	217	8	20	1762	2642	90	0	764
205	242	283	-30	2656	3536	90	70	0
206	253	159	40	1928	2808	90	0	218
207	86	126	-20	1218	2098	90	395	0
208	269	83	-30	639	1519	90	437	0
209	361	125	10	1026	1906	90	0	719
210	172	89	30	1119	1999	90	0	146
211	158	379	10	1561	2441	90	0	434
212	356	177	-20	708	1588	90	443	0
213	89	87	-20	2132	3012	90	286	0
214	245	136	10	78	958	90	0	779
215	341	269	10	185	1065	90	0	554
216	16	56	-10	1732	2612	90	516	0
217	278	40	20	178	1058	90	0	297
218	252	154	-40	2024	2904	90	206	0
219	264	95	-20	2024	2904	90	561	0
220	99	132	-20	2090	2970	90	745	0
221	134	261	-10	2635	3515	90	444	0
222	90	138	30	1613	2493	90	0	579
223	130	88	20	132	1012	90	0	446
224	265	248	-20	972	1852	90	92	0
225	291	215	-10	1538	2418	90	257	0
226	250	134	-20	2506	3386	90	118	0
227	275	9	-20	1669	2549	90	534	0
228	145	93	10	120	1000	90	0	335
229	350	105	10	177	1057	90	0	727
230	256	370	-10	2182	3062	90	130	0
231	255	100	-10	2596	3476	90	189	0
232	108	95	-20	2702	3582	90	121	0
233	278	7	-20	726	1606	90	38	0
234	302	104	-10	1250	2130	90	785	0
235	140	118	10	101	981	90	0	722
236	74	193	20	126	1006	90	0	468
237	123	189	30	859	1739	90	0	266
238	227	392	-10	519	1399	90	312	0
239	55	81	40	514	1394	90	0	536
240	41	246	30	1571	2451	90	0	704
241	246	119	20	93	973	90	0	88
242	144	343	30	153	1033	90	0	793
243	163	81	20	1402	2282	90	0	302
244	125	369	10	1055	1935	90	0	717
245	53	215	-20	600	1480	90	430	0
246	252	259	-20	494	1374	90	515	0
247	185	175	10	732	1612	90	0	466
248	78	127	20	1030	1910	90	0	299
249	212	185	10	2119	2999	90	0	674
250	134	360	10	383	1263	90	0	269
251	265	262	-10	688	1568	90	649	0
252	64	235	-20	1960	2840	90	577	0
253	79	178	20	2719	3599	90	0	316
254	178	48	-20	2688	3568	90	421	0
255	274	204	-10	1154	2034	90	551	0
256	274	230	-20	1654	2534	90	576	0
257	282	213	10	1347	2227	90	0	225
258	343	296	-10	1251	2131	90	280	0
259	75	78	-30	174	1054	90	14	0
260	197	24	-10	598	1478	90	131	0
261	50	248	-20	1671	2551	90	37	0
262	288	184	10	476	1356	90	0	109
263	158	101	20	270	1150	90	0	488
264	282	104	-20	1635	2515	90	111	0
265	170	97	20	649	1529	90	0	19
266	108	185	-30	1054	1934	90	237	0
267	152	78	-20	131	1011	90	181	0
268	59	80	30	308	1188	90	0	136
269	127	372	-10	1148	2028	90	250	0
270	348	283	30	668	1548	90	0	196
271	250	8	20	237	1117	90	0	743
272	288	357	-30	2120	3000	90	172	0
273	215	107	-20	1088	1968	90	531	0
274	164	156	20	2301	3181	90	0	52
275	179	88	-20	2586	3466	90	134	0
276	77	134	40	2042	2922	90	0	156
277	154	342	-20	2692	3572	90	553	0
278	200	12	-20	2152	3032	90	787	0
279	361	295	20	1542	2422	0	0	803
280	341	287	10	766	1646	90	0	258
281	152	181	10	2614	3494	90	0	487
282	146	361	20	169	1049	90	0	490
283	112	129	-30	2484	3364	90	562	0
284	91	133	10	127	1007	90	0	583
285	339	181	20	905	1785	90	0	660
286	100	71	20	1658	2538	90	0	213
287	244	277	-30	2560	3440	90	15	0
288	55	60	-10	2138	3018	90	715	0
289	148	345	20	2687	3567	0	0	804
290	254	373	10	1086	1966	90	0	775
291	198	90	30	2060	2940	90	0	293
292	59	190	-20	1614	2494	90	675	0
293	215	116	-30	2458	3338	90	291	0
294	50	219	20	894	1774	90	0	310
295	110	121	-20	2386	3266	90	193	0
296	275	29	20	186	1066	90	0	755
297	274	2	-20	536	1416	90	217	0
298	45	210	-10	500	1380	90	508	0
299	122	130	-20	2584	3464	90	248	0
300	51	246	-10	1763	2643	90	792	0
301	92	131	-20	128	1008	90	436	0
302	143	76	-20	1603	2483	90	243	0
303	281	10	20	1386	2266	90	0	117
304	74	85	-10	170	1050	90	93	0
305	78	188	-20	2412	3292	90	564	0
306	338	161	20	2181	3061	90	0	596
307	210	185	30	2211	3091	0	0	811
308	186	73	-20	2298	3178	90	494	0
309	55	54	-30	2042	2922	90	472	0
310	46	239	-20	1473	2353	90	294	0
311	204	21	-10	880	1760	90	573	0
312	249	353	10	201	1081	90	0	238
313	263	110	-20	2732	3612	90	724	0
314	339	281	-20	862	1742	90	786	0
315	249	354	20	161	1041	90	0	483
316	90	178	-20	2729	3609	90	253	0
317	151	141	30	2001	2881	90	0	666
318	156	353	-30	2515	3395	90	377	0
319	53	198	-20	1329	2209	90	712	0
320	151	69	10	1899	2779	90	0	473
321	252	227	20	58	938	90	0	753
322	288	23	-20	2241	3121	90	771	0
323	299	108	10	1345	2225	90	0	677
324	279	98	-20	1828	2708	90	461	0
325	276	350	20	2608	3488	90	0	678
326	187	186	20	442	1322	90	0	445
327	211	110	-40	2264	3144	90	625	0
328	210	35	20	1167	2047	90	0	350
329	389	128	-20	1515	2395	90	30	0
330	263	259	10	781	1661	90	0	619
331	241	394	-20	718	1598	90	657	0
332	76	230	-20	2063	2943	90	789	0
333	206	29	-20	978	1858	90	463	0
334	280	200	-10	961	1841	90	71	0
335	140	90	-10	125	1005	90	228	0
336	300	203	20	1923	2803	90	0	65
337	136	117	10	104	984	90	0	574
338	298	22	-20	2530	3410	90	748	0
339	343	264	20	156	1036	90	0	126
340	69	179	20	2128	3008	0	0	807
341	275	184	-30	281	1161	90	106	0
342	384	111	-30	540	1420	90	184	0
343	77	212	10	812	1692	90	0	623
344	209	37	-20	1355	2235	90	693	0
345	287	211	30	1442	2322	90	0	486
346	76	219	-30	2257	3137	90	384	0
347	218	172	-30	1324	2204	90	190	0
348	267	360	-20	2323	3203	90	626	0
349	271	21	20	1953	2833	90	0	137
350	179	30	-20	2455	3335	90	328	0
351	228	196	-30	1736	2616	90	799	0
352	204	183	-10	2588	3468	90	175	0
353	190	36	20	2677	3557	0	0	805
354	272	223	-10	2731	3611	90	709	0
355	268	97	-10	1929	2809	90	79	0
356	266	90	-20	2209	3089	90	759	0
357	291	364	-20	1830	2710	90	538	0
358	168	123	-10	1376	2256	90	491	0
359	125	176	10	1164	2044	90	0	4
360	214	56	-10	144	1024	90	733	0
361	350	157	-10	1577	2457	90	394	0
362	346	294	10	1345	2225	90	0	511
363	126	103	-20	2719	3599	90	671	0
364	123	250	-20	1286	2166	90	665	0
365	275	191	20	93	973	90	0	95
366	267	393	-20	1479	2359	90	489	0
367	276	93	-10	438	1318	90	5	0
368	69	90	30	171	1051	90	0	150
369	223	13	10	1664	2544	90	0	447
370	255	384	-20	1101	1981	90	520	0
371	248	114	-20	541	1421	90	788	0
372	78	207	10	626	1506	90	0	672
373	243	103	20	340	1220	90	0	194
374	73	130	20	1759	2639	90	0	767
375	199	190	-20	2687	3567	90	698	0
376	140	265	-10	2732	3612	90	569	0
377	147	367	30	2130	3010	90	0	318
378	130	186	-30	571	1451	90	622	0
379	174	92	20	842	1722	90	0	86
380	256	396	-30	1386	2266	90	161	0
381	76	139	-10	1414	2294	90	132	0
382	207	55	20	145	1025	90	0	598
383	260	156	-10	1736	2616	90	402	0
384	64	220	30	137	1017	90	0	346
385	80	181	10	2720	3600	90	0	699
386	43	66	30	1613	2493	90	0	736
387	234	172	-10	1530	2410	90	103	0
388	152	81	20	128	1008	90	0	171
389	73	71	-10	2660	3540	90	700	0
390	124	160	-20	1456	2336	90	566	0
391	165	93	30	552	1432	90	0	41
392	273	342	-10	2682	3562	90	1	0
393	83	212	-30	2724	3604	90	12	0
394	296	77	10	949	1829	90	0	361
395	154	95	20	173	1053	90	0	207
396	194	187	10	67	947	90	0	429
397	264	384	20	1797	2677	90	0	151
398	141	350	20	161	1041	90	0	400
399	137	124	-40	1797	2677	90	24	0
400	138	356	-20	167	1047	90	398	0
401	381	113	10	633	1513	90	0	72
402	289	105	10	1445	2325	90	0	383
403	46	227	-20	795	1675	90	498	0
404	191	209	20	12	892	90	0	60
405	72	60	10	1357	2237	90	0	725
406	67	68	-20	2542	3422	90	620	0
407	188	212	10	16	896	90	0	191
408	231	143	30	64	944	90	0	474
409	332	148	-10	2285	3165	90	158	0
410	162	110	-30	1480	2360	90	202	0
411	141	192	30	191	1071	90	0	656
412	244	70	20	137	1017	90	0	157
413	74	218	-20	2350	3230	90	723	0
414	136	250	-10	2533	3413	90	49	0
415	54	218	-20	693	1573	90	701	0
416	174	153	10	2588	3468	90	0	45
417	390	134	-20	2271	3151	90	40	0
418	201	13	-20	2061	2941	90	176	0
419	278	14	20	1573	2453	90	0	25
420	260	249	30	77	957	90	0	503
421	180	21	20	2356	3236	90	0	254
422	118	148	-10	2744	3624	90	499	0
423	160	361	30	2324	3204	90	0	122
424	131	240	10	2158	3038	90	0	500
425	364	95	20	194	1074	90	0	192
426	147	84	20	127	1007	90	0	739
427	140	98	-20	118	998	90	637	0
428	233	101	20	702	1582	90	0	530
429	171	143	-10	605	1485	90	396	0
430	40	204	20	402	1282	90	0	245
431	125	225	10	1864	2744	90	0	591
432	260	161	-10	1831	2711	90	611	0
433	238	91	20	115	995	90	0	143
434	146	381	-10	1259	2139	90	211	0
435	386	107	20	242	1122	90	0	679
436	103	135	20	116	996	90	0	301
437	248	120	30	637	1517	90	0	208
438	282	242	-20	1950	2830	90	145	0
439	358	175	30	417	1297	90	0	497
440	76	83	-30	707	1587	90	485	0
441	219	114	-30	2363	3243	90	28	0
442	276	127	30	105	985	90	0	197
443	365	178	20	320	1200	90	0	212
444	124	250	10	1377	2257	90	0	221
445	185	177	-20	640	1520	90	326	0
446	137	77	-20	1699	2579	90	223	0
447	169	52	-10	2690	3570	90	369	0
448	111	261	-50	970	1850	90	504	0
449	278	15	-30	1482	2362	90	624	0
450	286	259	-20	2242	3122	90	162	0
451	173	278	20	435	1315	90	0	586
452	266	395	-20	1387	2267	90	182	0
453	266	351	20	406	1286	90	0	750
454	132	353	20	572	1452	90	0	168
455	328	158	-30	2476	3356	90	650	0
456	277	103	-10	247	1127	90	83	0
457	75	136	-10	2135	3015	90	74	0
458	193	38	-10	2679	3559	90	510	0
459	358	188	20	158	1038	90	0	133
460	130	263	10	94	974	90	0	708
461	342	168	20	1292	2172	90	0	324
462	258	134	-10	2317	3197	90	53	0
463	183	56	20	145	1025	90	0	333
464	79	128	-20	1946	2826	90	512	0
465	146	164	-20	2416	3296	90	542	0
466	202	171	-10	1127	2007	90	247	0
467	68	87	10	173	1053	90	0	475
468	61	183	-20	1938	2818	90	236	0
469	264	375	-20	2083	2963	90	790	0
470	309	215	-40	2028	2908	90	169	0
471	44	95	30	1057	1937	90	0	585
472	64	83	30	212	1092	90	0	309
473	187	92	-10	2685	3565	90	320	0
474	239	137	-30	74	954	90	408	0
475	40	73	-10	1516	2396	90	467	0
476	196	164	10	1028	1908	90	0	518
477	238	264	-20	2767	3647	90	783	0
478	64	193	-10	136	1016	90	726	0
479	369	135	10	1129	2009	90	0	737
480	72	118	-10	639	1519	90	664	0
481	267	4	-30	439	1319	90	581	0
482	122	142	-20	2686	3566	90	558	0
483	305	379	-20	1719	2599	90	315	0
484	166	133	-10	1184	2064	90	617	0
485	117	92	30	136	1016	90	0	440
486	275	269	-30	2347	3227	90	345	0
487	153	180	-10	2706	3586	90	281	0
488	100	115	-20	208	1088	90	263	0
489	246	390	20	1000	1880	90	0	366
490	150	370	-20	2035	2915	90	282	0
491	164	138	10	801	1681	90	0	358
492	296	209	-10	1730	2610	90	686	0
493	178	81	-30	2489	3369	90	651	0
494	162	69	20	2093	2973	90	0	308
495	380	129	10	2080	2960	90	0	141
496	166	124	20	1283	2163	90	0	654
497	349	179	-30	805	1685	90	439	0
498	50	204	20	302	1182	90	0	403
499	66	121	10	1381	2261	90	0	422
500	130	235	-10	1965	2845	90	424	0
501	231	263	-30	2771	3651	90	39	0
502	84	192	-30	2510	3390	90	138	0
503	365	288	-30	1640	2520	90	420	0
504	137	272	50	218	1098	90	0	448
505	156	271	10	327	1207	90	0	647
506	99	84	-10	2629	3509	90	593	0
507	64	219	-10	192	1072	90	102	0
508	68	199	10	244	1124	90	0	298
509	280	142	-10	1622	2502	90	96	0
510	228	32	10	1555	2435	90	0	458
511	363	276	-10	2151	3031	90	362	0
512	114	102	20	130	1010	90	0	464
513	365	158	10	1773	2653	90	0	521
514	132	274	40	122	1002	90	0	522
515	246	246	20	118	998	90	0	246
516	48	95	10	620	1500	90	0	216
517	207	179	-30	2493	3373	90	603	0
518	152	136	-10	1906	2786	90	476	0
519	137	288	10	562	1442	0	0	806
520	238	399	20	622	1502	90	0	370
521	299	234	-10	2423	3303	90	513	0
522	123	252	-40	1469	2349	90	514	0
523	99	114	30	300	1180	90	0	7
524	78	230	20	920	1800	90	0	3
525	223	189	-10	1927	2807	90	533	0
526	253	259	10	585	1465	90	0	36
527	147	115	-30	1693	2573	90	87	0
528	211	34	-30	1075	1955	90	124	0
529	92	88	-20	2225	3105	90	648	0
530	254	137	-20	2131	3011	90	428	0
531	189	112	20	204	1084	90	0	273
532	106	83	10	632	1512	90	0	639
533	228	180	10	1630	2510	90	0	525
534	266	10	20	343	1223	90	0	227
535	135	176	-20	1747	2627	90	6	0
536	69	70	-40	2634	3514	90	239	0
537	208	91	30	1378	2258	90	0	81
538	277	376	20	1601	2481	90	0	357
539	54	222	20	989	1869	90	0	795
540	275	95	-10	346	1226	90	760	0
541	259	90	30	2306	3186	90	0	128
542	70	142	20	2233	3113	90	0	465
543	256	235	10	66	946	90	0	33
544	389	122	-30	1611	2491	90	125	0
545	40	83	-30	1225	2105	90	98	0
546	272	31	10	183	1063	90	0	123
547	210	93	20	1193	2073	90	0	597
548	144	261	-10	2759	3639	90	154	0
549	144	183	-30	2030	2910	90	630	0
550	70	63	-20	2446	3326	90	64	0
551	289	203	10	770	1650	90	0	255
552	255	117	-20	826	1706	90	203	0
553	155	349	20	2610	3490	90	0	277
554	351	238	-10	2648	3528	90	215	0
555	289	211	30	1632	2512	90	0	572
556	173	125	-10	405	1285	90	153	0
557	363	270	20	2055	2935	90	0	63
558	88	143	20	1517	2397	90	0	482
559	270	380	-30	1895	2775	90	166	0
560	275	143	-20	1419	2299	90	610	0
561	330	173	20	1097	1977	90	0	219
562	74	124	30	1573	2453	90	0	283
563	132	267	-10	95	975	90	746	0
564	78	184	20	2318	3198	90	0	305
565	107	84	10	541	1421	90	0	54
566	143	187	20	58	938	90	0	390
567	228	97	20	799	1679	90	0	710
568	269	241	10	1552	2432	90	0	570
569	132	251	10	2349	3229	90	0	376
570	280	240	-10	1857	2737	90	568	0
571	59	226	-20	1180	2060	90	116	0
572	236	249	-30	2781	3661	90	555	0
573	196	35	10	220	1100	90	0	311
574	94	84	-10	1945	2825	90	337	0
575	142	363	20	193	1073	90	0	101
576	254	250	20	73	953	90	0	256
577	66	202	20	151	1031	90	0	252
578	105	98	-20	2702	3582	90	642	0
579	102	125	-30	2287	3167	90	222	0
580	283	187	-20	380	1260	90	139	0
581	272	32	30	182	1062	90	0	481
582	129	361	30	769	1649	90	0	69
583	86	122	-10	346	1226	90	284	0
584	258	359	-10	507	1387	90	186	0
585	75	49	-30	2341	3221	90	471	0
586	122	261	-20	779	1659	90	451	0
587	300	200	20	1830	2710	90	0	149
588	281	86	-20	536	1416	90	100	0
589	240	366	20	170	1050	90	0	684
590	207	91	-20	1287	2167	90	148	0
591	141	263	-10	2755	3635	90	431	0
592	146	196	20	54	934	90	0	778
593	41	79	10	1319	2199	90	0	506
594	244	358	10	164	1044	90	0	47
595	215	188	-30	2025	2905	90	690	0
596	265	94	-20	2115	2995	90	306	0
597	208	104	-20	2168	3048	90	547	0
598	175	89	-20	935	1815	90	382	0
599	147	374	-20	1940	2820	90	115	0
600	199	35	20	313	1193	90	0	183
601	226	385	10	236	1116	90	0	731
602	202	42	20	158	1038	90	0	20
603	219	84	30	1669	2549	90	0	517
604	331	268	30	147	1027	90	0	740
605	38	87	-10	1130	2010	90	768	0
606	93	80	30	1760	2640	90	0	174
607	141	202	20	59	939	90	0	797
608	240	97	10	243	1123	90	0	167
609	240	389	-20	904	1784	90	798	0
610	280	126	20	1311	2191	90	0	560
611	268	149	10	1518	2398	90	0	432
612	258	387	-20	1287	2167	90	730	0
613	388	278	-20	1849	2729	90	774	0
614	167	68	30	2188	3068	90	0	46
615	195	184	20	253	1133	90	0	127
616	329	289	10	1146	2026	90	0	188
617	182	171	10	827	1707	90	0	484
618	265	202	20	65	945	90	0	108
619	273	257	-10	1165	2045	90	330	0
620	43	54	20	1940	2820	90	0	406
621	273	393	-30	1494	2374	90	635	0
622	149	192	30	51	931	90	0	378
623	62	193	-10	1520	2400	90	343	0
624	282	7	30	820	1700	90	0	449
625	222	89	40	1573	2453	90	0	327
626	270	386	20	1701	2581	90	0	348
627	348	161	30	1483	2363	90	0	754
628	90	111	20	489	1369	90	0	170
629	384	183	20	184	1064	90	0	9
630	126	187	30	765	1645	90	0	549
631	96	196	20	104	984	90	0	147
632	397	140	20	2463	3343	90	0	688
633	156	144	-20	2097	2977	90	10	0
634	83	186	-40	2696	3576	90	144	0
635	261	363	30	602	1482	90	0	621
636	231	385	20	331	1211	90	0	85
637	183	134	20	68	948	90	0	427
638	267	358	30	171	1051	90	0	762
639	153	73	-10	1993	2873	90	532	0
640	286	17	10	2337	3217	90	0	757
641	392	106	20	338	1218	90	0	82
642	97	91	20	2441	3321	90	0	578
643	71	115	-10	926	1806	90	177	0
644	226	102	-10	894	1774	90	179	0
645	166	151	20	2489	3369	90	0	777
646	116	90	20	138	1018	90	0	681
647	118	261	-10	873	1753	90	505	0
648	90	66	20	1466	2346	90	0	529
649	249	252	10	305	1185	90	0	251
650	396	135	30	2368	3248	90	0	455
651	140	69	30	1798	2678	90	0	493
652	200	203	10	3	883	90	0	73
653	284	5	-20	913	1793	90	99	0
654	155	159	-20	2202	3082	90	496	0
655	206	185	-30	2397	3277	90	741	0
656	138	170	-30	2225	3105	90	411	0
657	241	360	20	165	1045	90	0	331
658	86	140	-20	2631	3511	90	770	0
659	379	124	10	1711	2591	0	0	802
660	242	116	-20	2748	3628	90	285	0
661	262	213	-20	2778	3658	90	784	0
662	343	169	-10	1384	2264	90	110	0
663	160	138	-20	895	1775	90	164	0
664	93	132	10	126	1006	90	0	480
665	122	253	20	1560	2440	90	0	364
666	172	164	-30	2689	3569	90	317	0
667	398	104	30	434	1314	90	0	721
668	125	362	-10	958	1838	90	56	0
669	343	279	-20	382	1262	90	163	0
670	241	366	-10	170	1050	90	714	0
671	85	105	20	2333	3213	90	0	363
672	73	183	-10	2223	3103	90	372	0
673	159	129	-10	1086	1966	90	735	0
674	208	187	-10	2304	3184	90	249	0
675	60	201	20	1232	2112	90	0	292
676	149	244	-10	2774	3654	90	48	0
677	294	230	-10	2326	3206	90	323	0
678	236	266	-20	2764	3644	90	325	0
679	317	165	-20	2579	3459	90	435	0
680	38	172	-20	1732	2612	90	32	0
681	98	86	-20	2537	3417	90	646	0
682	254	135	-20	2223	3103	90	50	0
683	56	196	-20	1423	2303	90	2	0
684	237	366	-20	2388	3268	90	589	0
685	161	101	10	363	1243	90	0	11
686	268	244	10	1458	2338	90	0	492
687	70	207	-20	2546	3426	90	31	0
688	329	156	-20	2384	3264	90	632	0
689	273	187	-10	188	1068	90	75	0
690	225	197	30	1829	2709	90	0	595
691	349	276	40	286	1166	90	0	129
692	83	122	10	253	1133	90	0	58
693	200	21	20	692	1572	90	0	344
694	290	6	10	1195	2075	90	0	742
695	39	117	-20	944	1824	90	794	0
696	72	155	-30	2336	3216	90	90	0
697	79	135	10	1319	2199	90	0	716
698	121	56	20	945	1825	90	0	375
699	94	175	-10	2733	3613	90	385	0
700	36	90	10	1037	1917	90	0	389
701	61	222	20	1086	1966	90	0	415
702	140	187	20	96	976	90	0	142
703	119	276	20	674	1554	90	0	59
704	60	239	-30	1864	2744	90	240	0
705	259	117	10	101	981	90	0	744
706	92	84	-20	2037	2917	90	97	0
707	380	127	-20	1988	2868	90	89	0
708	130	273	-10	101	981	90	460	0
709	293	92	10	1145	2025	90	0	354
710	251	132	-20	2414	3294	90	567	0
711	114	103	20	129	1009	0	0	808
712	77	196	20	435	1315	90	0	319
713	166	31	20	2558	3438	90	0	772
714	246	330	10	137	1017	90	0	670
715	20	97	10	929	1809	90	0	288
716	145	153	-10	2769	3649	90	697	0
717	149	345	-10	2688	3568	90	244	0
718	248	133	-30	2599	3479	90	51	0
719	281	230	-10	2630	3510	90	209	0
720	194	141	-30	59	939	90	104	0
721	379	127	-30	1897	2777	90	667	0
722	54	68	-10	411	1291	90	235	0
723	56	227	20	1273	2153	90	0	413
724	261	107	20	2730	3610	90	0	313
725	86	59	-10	1253	2133	90	405	0
726	68	204	10	132	1012	90	0	478
727	382	132	-10	2173	3053	90	229	0
728	123	175	-10	1256	2136	90	112	0
729	69	218	30	2445	3325	90	0	43
730	251	368	20	175	1055	90	0	612
731	268	375	-10	981	1861	90	601	0
732	358	142	30	1972	2852	90	0	152
733	228	68	10	307	1187	90	0	360
734	140	183	-10	1936	2816	90	185	0
735	171	147	10	699	1579	90	0	673
736	87	71	-30	2670	3550	90	386	0
737	362	159	-10	1680	2560	90	479	0
738	145	253	-20	2765	3645	90	747	0
739	109	82	-20	448	1328	90	426	0
740	351	281	-30	481	1361	90	604	0
741	245	149	30	2705	3585	90	0	655
742	285	11	-10	1292	2172	90	694	0
743	216	35	-20	1452	2332	90	271	0
744	280	121	-10	112	992	90	705	0
745	102	133	20	1997	2877	90	0	220
746	127	264	10	97	977	90	0	563
747	96	251	20	1078	1958	90	0	738
748	243	86	20	121	1001	90	0	338
749	280	249	-30	1355	2235	90	107	0
750	262	363	-20	693	1573	90	453	0
751	261	223	-10	2776	3656	90	18	0
752	128	161	10	1550	2430	90	0	23
753	339	261	-20	151	1031	90	321	0
754	257	97	-30	2404	3284	90	627	0
755	273	12	-20	1762	2642	90	296	0
756	57	210	30	1132	2012	90	0	67
757	299	39	-10	2652	3532	90	640	0
758	377	132	20	1228	2108	90	0	120
759	340	166	20	1199	2079	90	0	356
760	268	95	10	125	1005	90	0	540
761	145	374	-40	1757	2637	90	200	0
762	239	389	-30	813	1693	90	638	0
763	68	53	40	2243	3123	0	0	801
764	197	18	-20	2249	3129	90	204	0
765	73	97	20	1176	2056	90	0	77
766	107	138	10	1810	2690	90	0	780
767	141	164	-20	2321	3201	90	374	0
768	53	98	10	806	1686	90	0	605
769	86	133	10	132	1012	90	0	776
770	69	126	20	1477	2357	90	0	658
771	288	1	20	1099	1979	90	0	322
772	177	108	-20	2747	3627	90	713	0
773	80	111	30	826	1706	90	0	78
774	352	284	20	574	1454	90	0	613
775	249	384	-10	1188	2068	90	290	0
776	81	132	-10	153	1033	90	769	0
777	185	162	-20	2801	3681	90	645	0
778	136	181	-20	1842	2722	90	592	0
779	286	108	-10	1539	2419	90	214	0
780	105	135	-10	1903	2783	90	766	0
781	280	238	-10	2532	3412	90	135	0
782	356	166	-10	517	1397	90	42	0
783	297	365	20	1926	2806	90	0	477
784	376	271	20	1952	2832	90	0	661
785	292	87	10	1050	1930	90	0	234
786	319	274	20	140	1020	90	0	314
787	213	11	20	1857	2737	90	0	278
788	243	130	20	82	962	90	0	371
789	53	239	20	1376	2256	90	0	332
790	298	362	20	2019	2899	90	0	469
791	92	80	-40	1851	2731	90	44	0
792	70	213	10	130	1010	90	0	300
793	153	393	-30	1456	2336	90	242	0
794	103	116	20	128	1008	90	0	695
795	76	212	-20	2717	3597	90	539	0
796	202	216	-20	16	896	90	16	0
797	78	200	-20	529	1409	90	607	0
798	265	344	20	309	1189	90	0	609
799	286	193	30	575	1455	90	0	351
800	139	250	10	78	958	90	0	201
801	68	53	-40	2243	3123	90	763	0
802	379	124	-10	1711	2591	90	659	0
803	361	295	-20	1542	2422	90	279	0
804	148	345	-20	2687	3567	90	289	0
805	190	36	-20	2677	3557	90	353	0
806	137	288	-10	562	1442	90	519	0
807	69	179	-20	2128	3008	90	340	0
808	114	103	-20	129	1009	90	711	0
809	261	268	-10	2451	3331	90	27	0
810	282	95	-20	1734	2614	90	26	0
811	210	185	-30	2211	3091	90	307	0
812	218	109	-10	995	1875	90	119	0
