250	200	1
0	250	250	0	0	1925	0	0	0
1	171	34	-3	1143	1173	10	240	0
2	67	190	-10	1173	1203	10	69	0
3	80	400	-6	1446	1476	10	481	0
4	439	237	11	939	969	10	0	826
5	377	385	-15	866	896	10	672	0
6	449	428	-18	1247	1277	10	217	0
7	342	481	-15	1440	1470	10	175	0
8	466	149	16	1186	1216	10	0	288
9	83	290	14	0	1744	10	0	84
10	251	63	14	987	1017	10	0	761
11	328	491	21	0	1662	10	0	920
12	260	472	33	0	1693	10	0	192
13	290	145	-35	1282	1312	10	646	0
14	266	221	9	33	63	10	0	458
15	164	320	-12	1095	1125	10	915	0
16	52	412	-22	0	1660	10	32	0
17	485	104	-9	794	824	10	193	0
18	144	331	-22	931	961	10	423	0
19	387	394	-23	1098	1128	10	578	0
20	472	57	-11	1295	1325	10	76	0
21	343	276	15	96	126	10	0	127
22	104	349	-15	1009	1039	10	206	0
23	28	467	34	1343	1373	10	0	961
24	91	427	14	883	913	10	0	166
25	429	476	23	0	1627	10	0	431
26	210	276	5	47	77	10	0	544
27	58	39	-7	0	1630	10	667	0
28	273	300	30	55	85	10	0	943
29	41	232	16	209	239	10	0	885
30	25	53	-11	1020	1050	10	410	0
31	52	18	-30	857	887	10	628	0
32	27	444	22	1080	1110	10	0	16
33	178	72	-15	757	787	10	53	0
34	406	460	2	719	749	10	0	191
35	250	328	24	249	279	10	0	527
36	492	34	5	811	841	10	0	904
37	412	100	1	513	543	10	0	541
38	233	87	18	253	283	10	0	691
39	60	5	18	1044	1074	10	0	441
40	406	408	-1	1456	1486	10	783	0
41	245	42	24	547	577	10	0	362
42	166	345	14	1130	1160	10	0	918
43	440	294	-11	960	990	10	714	0
44	370	382	-26	884	914	10	696	0
45	32	319	-13	401	431	10	335	0
46	480	136	22	0	1659	10	0	648
47	371	163	-9	828	858	10	486	0
48	0	188	-7	932	962	10	386	0
49	438	5	18	549	579	10	0	270
50	132	477	25	327	357	10	0	238
51	203	211	-15	1306	1336	10	948	0
52	2	264	-18	0	1667	10	685	0
53	231	167	15	0	1830	10	0	33
54	423	221	9	258	288	10	0	991
55	459	53	-3	0	1628	10	154	0
56	386	154	-16	1101	1131	10	116	0
57	130	494	-23	759	789	10	476	0
58	31	175	24	0	1684	10	0	307
59	69	423	-18	802	832	10	171	0
60	352	241	-31	792	822	10	802	0
61	261	201	-6	1514	1544	10	172	0
62	59	276	11	892	922	0	0	1024
63	146	188	-23	1235	1265	10	731	0
64	451	62	5	282	312	10	0	975
65	299	285	-22	1254	1284	10	540	0
66	142	372	18	162	192	10	0	264
67	440	201	-12	893	923	10	939	0
68	219	210	14	50	80	10	0	573
69	64	198	10	1088	1118	10	0	2
70	390	249	21	582	612	10	0	322
71	9	101	-11	666	696	10	402	0
72	424	288	13	1057	1087	10	0	257
73	77	372	19	211	241	10	0	681
74	298	264	36	50	80	10	0	713
75	405	454	11	0	1659	10	0	174
76	407	35	11	0	1649	10	0	20
77	225	369	38	121	151	10	0	413
78	347	459	25	479	509	10	0	682
79	117	178	-20	1117	1147	10	242	0
80	132	479	11	257	287	10	0	208
81	201	66	-31	1167	1197	10	623	0
82	245	176	20	0	1841	0	0	1036
83	470	138	-2	1389	1419	10	711	0
84	115	296	-14	1529	1559	10	9	0
85	348	476	-3	1197	1227	10	511	0
86	43	210	-4	210	240	10	765	0
87	327	139	-23	1257	1287	10	332	0
88	49	353	-27	1446	1476	10	593	0
89	356	256	19	106	136	10	0	463
90	335	99	25	1218	1248	10	0	105
91	363	34	19	272	302	10	0	477
92	33	278	-27	1487	1517	10	401	0
93	366	288	29	684	714	10	0	967
94	452	172	9	608	638	10	0	869
95	86	189	21	227	257	10	0	829
96	262	369	-15	0	1796	10	97	0
97	218	403	15	0	1759	10	0	96
98	218	12	3	544	574	10	0	366
99	228	399	14	0	1765	10	0	897
100	492	188	33	715	745	10	0	168
101	267	174	-28	1618	1648	10	965	0
102	274	441	-22	695	725	10	744	0
103	210	113	28	690	720	10	0	427
104	370	262	15	1099	1129	0	0	1033
105	303	186	-25	1354	1384	10	90	0
106	241	180	13	1695	1725	0	0	1039
107	100	85	14	351	381	10	0	200
108	350	199	-18	1201	1231	10	745	0
109	500	228	8	0	1665	0	0	1035
110	251	238	27	12	42	10	0	798
111	114	102	-32	507	537	10	120	0
112	345	146	-24	0	1775	10	766	0
113	21	146	-15	487	517	10	337	0
114	330	147	-13	848	878	10	984	0
115	476	61	-20	449	479	10	600	0
116	386	245	16	479	509	10	0	56
117	201	278	13	56	86	10	0	350
118	421	499	23	1345	1375	10	0	550
119	426	231	24	1028	1058	10	0	810
120	105	137	32	452	482	10	0	111
121	64	437	-23	918	948	10	597	0
122	181	260	23	0	1846	10	0	820
123	413	391	8	0	1700	10	0	180
124	370	493	-13	571	601	10	705	0
125	447	267	19	980	1010	10	0	861
126	232	101	-2	346	376	10	599	0
127	371	332	-15	530	560	10	21	0
128	447	383	-13	0	1678	10	557	0
129	325	147	14	1187	1217	0	0	1042
130	489	437	29	707	737	10	0	266
131	415	95	15	1177	1207	10	0	286
132	331	356	13	712	742	10	0	594
133	374	346	27	0	1759	10	0	833
134	108	37	23	549	579	10	0	385
135	5	224	-21	0	1669	10	231	0
136	93	413	17	226	256	10	0	944
137	210	29	-30	0	1691	10	295	0
138	136	265	12	114	144	10	0	426
139	409	155	19	0	1730	10	0	244
140	111	178	18	156	186	10	0	393
141	291	251	-18	41	71	10	911	0
142	322	290	23	0	1833	10	0	848
143	57	183	15	0	1711	0	0	1037
144	181	185	-19	1614	1644	10	930	0
145	7	382	27	770	800	10	0	404
146	425	448	-10	794	824	10	280	0
147	174	41	-10	0	1693	10	617	0
148	161	276	-22	133	163	10	489	0
149	398	49	21	792	822	10	0	376
150	210	379	-30	709	739	10	306	0
151	60	231	-30	1026	1056	10	345	0
152	453	360	-17	230	260	10	849	0
153	367	97	17	988	1018	10	0	584
154	488	3	3	401	431	10	0	55
155	44	115	24	246	276	10	0	999
156	48	293	22	276	306	10	0	733
157	64	135	-14	0	1697	10	801	0
158	65	62	-16	0	1652	10	715	0
159	404	207	6	0	1756	10	0	924
160	68	303	22	0	1726	10	0	585
161	263	418	-21	278	308	10	893	0
162	147	30	-23	1109	1139	10	795	0
163	384	149	-16	1197	1227	10	181	0
164	340	416	36	321	351	10	0	236
165	271	128	-12	346	376	10	971	0
166	89	358	-14	1247	1277	10	24	0
167	20	480	-30	0	1590	10	677	0
168	488	173	-33	1210	1240	10	100	0
169	439	156	-27	0	1704	10	812	0
170	389	156	-30	716	746	10	891	0
171	111	392	18	0	1717	10	0	59
172	267	162	6	1449	1479	10	0	61
173	248	176	-19	1401	1431	10	318	0
174	413	476	-11	1179	1209	10	75	0
175	352	481	15	1285	1315	10	0	7
176	264	135	-19	879	909	10	256	0
177	29	462	-21	1310	1340	10	285	0
178	148	462	10	727	757	10	0	670
179	44	140	11	868	898	10	0	985
180	414	378	-8	495	525	10	123	0
181	392	95	16	766	796	10	0	163
182	216	341	-29	654	684	10	615	0
183	211	411	15	0	1750	0	0	1016
184	317	45	-24	0	1700	10	339	0
185	178	150	33	632	662	10	0	634
186	428	302	-24	1016	1046	10	343	0
187	450	45	24	504	534	10	0	592
188	453	318	30	374	404	10	0	509
189	186	135	24	0	1784	10	0	214
190	11	403	18	343	373	10	0	843
191	433	447	-2	794	824	10	34	0
192	272	420	-33	1386	1416	10	12	0
193	429	59	9	0	1654	10	0	17
194	200	27	22	525	555	0	0	1018
195	498	171	-20	1256	1286	10	269	0
196	487	320	21	858	888	10	0	570
197	45	166	-11	1013	1043	10	583	0
198	490	276	33	241	271	10	0	678
199	126	391	19	273	303	10	0	830
200	92	18	-14	1124	1154	10	107	0
201	293	228	19	48	78	10	0	320
202	343	205	26	767	797	10	0	970
203	182	480	31	0	1676	10	0	671
204	385	285	13	868	898	10	0	728
205	44	344	-2	1079	1109	10	759	0
206	170	347	15	0	1790	10	0	22
207	457	492	7	0	1597	0	0	1001
208	124	448	-11	369	399	10	80	0
209	398	210	31	153	183	10	0	973
210	75	118	21	409	439	10	0	521
211	105	474	27	471	501	10	0	293
212	134	211	-16	122	152	10	394	0
213	211	248	26	39	69	10	0	673
214	212	186	-24	1722	1752	10	189	0
215	492	335	-25	0	1659	10	250	0
216	497	483	12	353	383	10	0	822
217	440	436	18	892	922	10	0	6
218	311	203	15	723	753	10	0	743
219	491	369	-3	0	1647	10	716	0
220	67	378	-20	470	500	10	312	0
221	383	17	15	940	970	10	0	314
222	7	82	25	412	442	10	0	364
223	342	319	36	115	145	10	0	772
224	78	406	-19	960	990	10	504	0
225	103	123	-18	490	520	10	796	0
226	241	38	-12	0	1703	10	513	0
227	224	3	-17	690	720	10	247	0
228	436	467	-10	736	766	10	879	0
229	438	488	18	327	357	10	0	294
230	351	60	15	0	1700	10	0	955
231	13	214	21	1354	1384	10	0	135
232	429	67	16	732	762	10	0	241
233	498	456	-10	1406	1436	10	903	0
234	135	400	-14	0	1726	10	251	0
235	215	293	13	55	85	10	0	566
236	354	416	-36	0	1720	10	164	0
237	294	421	-13	1575	1605	10	856	0
238	208	445	-25	1332	1362	10	50	0
239	230	320	-14	1192	1222	10	412	0
240	157	38	3	1048	1078	10	0	1
241	441	100	-16	0	1673	10	232	0
242	61	170	20	1006	1036	10	0	79
243	79	467	-11	351	381	10	808	0
244	365	190	-19	1477	1507	10	139	0
245	282	1	18	0	1664	10	0	815
246	124	111	15	0	1728	10	0	603
247	247	219	17	0	1884	10	0	227
248	28	180	34	386	416	10	0	382
249	167	488	17	252	282	10	0	460
250	442	289	25	195	225	10	0	215
251	136	430	14	710	740	10	0	234
252	38	15	-10	0	1599	10	503	0
253	246	314	-35	1445	1475	10	932	0
254	176	200	17	568	598	10	0	927
255	337	232	-16	1571	1601	10	357	0
256	257	133	19	862	892	10	0	176
257	295	247	-13	1303	1333	10	72	0
258	39	162	-10	565	595	10	934	0
259	79	257	-14	953	983	10	553	0
260	236	126	23	0	1791	10	0	680
261	259	498	-11	1075	1105	10	900	0
262	180	162	9	0	1803	10	0	435
263	53	466	9	335	365	0	0	1004
264	167	291	-18	1634	1664	10	66	0
265	89	185	16	600	630	10	0	832
266	487	446	-29	1340	1370	10	130	0
267	308	199	-32	1508	1538	10	613	0
268	481	84	17	506	536	10	0	974
269	495	227	20	0	1669	10	0	195
270	397	57	-18	1476	1506	10	49	0
271	372	39	10	724	754	10	0	668
272	278	450	-20	1375	1405	10	466	0
273	292	32	14	229	259	10	0	329
274	90	496	13	1395	1425	10	0	688
275	68	53	16	739	769	0	0	1011
276	371	423	10	211	241	10	0	287
277	273	149	14	1503	1533	10	0	845
278	297	283	28	0	1858	0	0	1032
279	120	37	28	0	1666	10	0	791
280	371	488	10	0	1649	10	0	146
281	206	174	14	800	830	10	0	516
282	174	347	-19	1015	1045	10	302	0
283	330	281	14	1330	1360	10	0	831
284	67	451	5	1216	1246	10	0	664
285	27	464	21	1291	1321	10	0	177
286	361	178	-15	0	1783	10	131	0
287	463	406	-10	857	887	10	276	0
288	456	157	-16	1455	1485	10	8	0
289	153	244	5	108	138	10	0	657
290	153	192	-30	866	896	10	449	0
291	352	63	-22	1178	1208	10	317	0
292	371	71	-13	287	317	10	931	0
293	163	472	-27	653	683	10	211	0
294	448	495	-18	384	414	10	229	0
295	282	10	30	0	1673	10	0	137
296	66	163	6	395	425	10	0	588
297	314	205	-20	1527	1557	10	471	0
298	83	169	21	0	1730	10	0	529
299	221	291	9	50	80	10	0	762
300	374	116	-30	587	617	10	876	0
301	418	269	3	0	1746	0	0	1023
302	178	302	19	887	917	10	0	282
303	250	57	-20	748	778	10	805	0
304	475	352	33	0	1668	0	0	1014
305	1	252	-12	0	1666	10	964	0
306	286	356	30	0	1804	10	0	150
307	65	82	-24	740	770	10	58	0
308	154	392	9	171	201	10	0	738
309	196	56	15	0	1714	10	0	636
310	366	390	-23	0	1734	10	933	0
311	436	25	-15	1282	1312	10	952	0
312	67	352	20	373	403	10	0	220
313	173	182	25	102	132	10	0	433
314	390	34	-15	1060	1090	10	221	0
315	18	225	8	691	721	10	0	707
316	57	43	-22	0	1632	10	595	0
317	388	44	22	1131	1161	10	0	291
318	269	112	19	1263	1293	10	0	173
319	374	260	-7	1761	1791	10	734	0
320	291	213	-19	1258	1288	10	201	0
321	178	420	-9	1071	1101	10	484	0
322	389	255	-21	785	815	10	70	0
323	134	194	-8	1652	1682	10	665	0
324	93	490	-5	379	409	10	919	0
325	64	294	-29	1101	1131	10	863	0
326	493	111	26	541	571	10	0	598
327	150	484	16	625	655	10	0	878
328	235	316	-10	656	686	10	630	0
329	239	15	-14	0	1680	10	273	0
330	193	138	30	661	691	0	0	1006
331	40	278	10	1104	1134	10	0	392
332	307	52	23	920	950	10	0	87
333	161	416	25	0	1727	10	0	981
334	381	457	28	471	501	10	0	913
335	55	318	13	312	342	10	0	45
336	80	279	-27	0	1743	10	442	0
337	48	162	15	220	250	10	0	113
338	91	27	14	1182	1212	10	0	383
339	288	70	24	183	213	10	0	184
340	177	404	17	1262	1292	0	0	1045
341	10	237	19	616	646	10	0	416
342	493	493	20	856	886	10	0	750
343	440	292	24	940	970	10	0	186
344	349	76	15	1031	1061	10	0	864
345	47	208	30	226	256	10	0	151
346	283	454	14	0	1709	10	0	450
347	486	324	-19	0	1668	10	803	0
348	392	87	23	0	1699	10	0	406
349	122	422	-18	1457	1487	10	468	0
350	37	281	-13	493	523	10	117	0
351	413	127	28	831	861	10	0	935
352	222	499	7	845	875	10	0	470
353	211	446	-15	1123	1153	10	700	0
354	30	7	-15	1189	1219	10	701	0
355	398	341	-15	939	969	10	998	0
356	26	67	-11	1317	1347	10	786	0
357	461	186	16	0	1695	10	0	255
358	313	391	5	0	1761	10	0	727
359	471	94	30	999	1029	10	0	562
360	341	72	-27	805	835	10	576	0
361	130	186	16	136	166	10	0	492
362	257	57	-24	1226	1256	10	41	0
363	94	344	26	0	1733	10	0	659
364	6	53	-25	0	1602	10	222	0
365	146	376	8	234	264	10	0	390
366	244	13	-3	1013	1043	10	98	0
367	29	336	-26	332	362	10	858	0
368	306	42	-6	0	1700	10	642	0
369	177	486	-3	0	1668	10	926	0
370	489	338	-9	1397	1427	10	954	0
371	179	318	2	1121	1151	10	0	384
372	344	203	14	167	197	10	0	921
373	149	341	6	404	434	10	0	479
374	307	412	8	404	434	10	0	389
375	68	450	18	633	663	10	0	816
376	420	80	-21	0	1675	10	149	0
377	144	220	35	110	140	10	0	729
378	497	54	14	978	1008	10	0	414
379	80	458	30	371	401	10	0	574
380	84	377	10	0	1706	10	0	754
381	332	382	-35	1010	1040	10	631	0
382	6	196	-34	1203	1233	10	248	0
383	104	28	-14	1473	1503	10	338	0
384	224	320	-2	1284	1314	10	371	0
385	87	3	-23	0	1620	10	134	0
386	149	214	7	0	1808	10	0	48
387	98	29	-4	0	1647	10	491	0
388	135	30	12	474	504	10	0	483
389	287	397	-8	564	594	10	374	0
390	107	374	-8	914	944	10	365	0
391	355	485	-20	1479	1509	10	662	0
392	51	286	-10	1459	1489	10	331	0
393	49	118	-18	1071	1101	10	140	0
394	159	226	16	94	124	10	0	212
395	185	431	-7	387	417	10	539	0
396	262	92	25	630	660	10	0	821
397	475	198	-29	0	1685	10	602	0
398	142	30	32	1246	1276	0	0	1040
399	481	207	-21	856	886	10	590	0
400	174	122	14	593	623	10	0	500
401	35	263	27	270	300	10	0	92
402	24	71	11	346	376	10	0	71
403	173	65	-15	448	478	10	514	0
404	91	326	-27	0	1739	10	145	0
405	470	417	11	737	767	10	0	421
406	397	153	-23	882	912	10	348	0
407	295	283	26	0	1860	10	0	877
408	174	376	8	0	1768	10	0	693
409	38	190	23	285	315	10	0	902
410	16	68	11	0	1619	10	0	30
411	179	286	-36	341	371	10	532	0
412	244	422	14	538	568	10	0	239
413	250	441	-38	756	786	10	77	0
414	497	18	-14	1130	1160	10	378	0
415	195	111	-27	998	1028	10	443	0
416	26	221	-19	996	1026	10	341	0
417	442	5	16	320	350	10	0	978
418	44	496	-18	402	432	10	582	0
419	448	404	15	0	1665	10	0	579
420	471	427	-12	816	846	10	862	0
421	460	424	-11	1455	1485	10	405	0
422	461	195	-11	1395	1425	10	512	0
423	146	313	22	0	1794	10	0	18
424	19	273	25	1017	1047	10	0	836
425	245	461	-24	649	679	10	548	0
426	69	266	-12	758	788	10	138	0
427	191	84	-28	867	897	10	103	0
428	68	160	-24	0	1712	10	666	0
429	212	47	-18	801	831	10	473	0
430	80	337	28	0	1725	0	0	1038
431	412	478	-23	0	1636	10	25	0
432	225	488	-18	636	666	10	901	0
433	105	140	-25	0	1733	10	313	0
434	389	43	21	0	1666	10	0	823
435	177	156	-9	167	197	10	262	0
436	179	497	1	1411	1441	10	0	451
437	377	432	-16	831	861	10	760	0
438	497	296	14	613	643	10	0	922
439	152	476	-13	523	553	10	992	0
440	277	428	7	490	520	0	0	1034
441	64	5	-18	1129	1159	10	39	0
442	44	311	27	0	1701	10	0	336
443	165	59	27	943	973	10	0	415
444	261	138	-21	0	1803	10	917	0
445	268	351	-20	0	1813	10	626	0
446	48	150	15	0	1690	10	0	966
447	215	79	-13	0	1741	10	724	0
448	109	56	27	239	269	10	0	534
449	171	188	30	621	651	10	0	290
450	284	457	-14	0	1706	10	346	0
451	274	442	-1	0	1722	10	436	0
452	33	286	-19	1546	1576	10	493	0
453	112	433	29	0	1686	10	0	860
454	423	170	27	513	543	10	0	568
455	213	283	-19	0	1866	10	841	0
456	240	34	-30	1560	1590	10	780	0
457	283	438	3	231	261	10	0	763
458	324	99	-9	338	368	10	14	0
459	259	301	25	99	129	10	0	972
460	189	402	-17	0	1752	10	249	0
461	215	282	21	1440	1470	10	0	721
462	166	440	12	207	237	10	0	619
463	374	232	-19	125	155	10	89	0
464	339	113	14	761	791	10	0	767
465	335	46	18	0	1694	10	0	542
466	313	493	20	1193	1223	10	0	272
467	432	66	-12	1071	1101	10	720	0
468	76	462	18	956	986	10	0	349
469	397	477	13	0	1645	0	0	1017
470	196	489	-7	1030	1060	10	352	0
471	354	156	20	832	862	10	0	297
472	171	24	11	1383	1413	10	0	993
473	187	73	18	292	322	10	0	429
474	243	408	-15	1434	1464	10	851	0
475	421	387	-4	801	831	10	881	0
476	141	426	23	531	561	10	0	57
477	415	118	-19	0	1704	10	91	0
478	240	255	-23	1611	1641	10	770	0
479	162	388	-6	1126	1156	10	373	0
480	413	493	26	1218	1248	10	0	951
481	69	414	6	1263	1293	10	0	3
482	273	70	-27	619	649	10	675	0
483	142	14	-12	835	865	10	388	0
484	185	434	9	0	1720	10	0	321
485	360	294	-29	0	1797	10	523	0
486	265	240	9	18	48	10	0	47
487	280	245	21	30	60	10	0	530
488	87	51	-15	514	544	10	614	0
489	195	273	22	59	89	10	0	148
490	422	498	-31	692	722	10	825	0
491	95	64	4	766	796	10	0	387
492	63	155	-16	0	1706	10	361	0
493	24	259	19	0	1689	10	0	452
494	376	92	-30	0	1713	10	620	0
495	83	300	-38	500	530	10	654	0
496	72	477	46	288	318	10	0	520
497	380	194	-40	0	1774	10	558	0
498	72	227	25	564	594	10	0	525
499	238	123	-20	781	811	10	854	0
500	188	119	-14	975	1005	10	400	0
501	229	322	11	0	1840	10	0	790
502	150	68	23	0	1708	10	0	577
503	67	24	10	0	1625	10	0	252
504	63	420	19	0	1663	10	0	224
505	339	144	13	1099	1129	10	0	658
506	454	201	-25	0	1706	10	988	0
507	158	24	-10	611	641	10	784	0
508	365	119	30	382	412	10	0	987
509	440	284	-30	852	882	10	188	0
510	417	212	12	910	940	10	0	589
511	404	439	3	243	273	10	0	85
512	472	248	11	0	1693	10	0	422
513	235	108	12	0	1773	10	0	226
514	174	67	15	0	1717	10	0	403
515	132	151	22	154	184	10	0	740
516	217	207	-14	1382	1412	10	281	0
517	162	306	22	119	149	10	0	651
518	48	366	29	743	773	10	0	777
519	209	68	-13	1568	1598	10	643	0
520	94	497	-46	782	812	10	496	0
521	110	122	-21	1509	1539	10	210	0
522	274	403	-30	887	917	10	641	0
523	421	386	29	824	854	10	0	485
524	399	175	13	747	777	10	0	941
525	56	268	-25	1064	1094	10	498	0
526	322	406	17	829	859	10	0	656
527	244	277	-24	1301	1331	10	35	0
528	105	181	-17	1531	1561	10	940	0
529	30	97	-21	1210	1240	10	298	0
530	359	246	-21	0	1806	10	487	0
531	498	457	15	0	1592	10	0	969
532	190	267	36	0	1853	10	0	411
533	334	481	32	330	360	10	0	776
534	18	24	-27	628	658	10	448	0
535	482	104	19	807	837	10	0	809
536	460	328	-13	224	254	10	872	0
537	320	211	-15	993	1023	10	621	0
538	494	165	-14	0	1657	10	605	0
539	167	445	7	0	1704	10	0	395
540	340	291	22	470	500	10	0	65
541	272	234	-1	1590	1620	10	37	0
542	325	56	-18	796	826	10	465	0
543	71	304	-25	689	719	10	959	0
544	87	311	-5	0	1741	10	26	0
545	207	487	-22	689	719	10	779	0
546	332	5	14	1033	1063	10	0	580
547	161	275	21	0	1823	10	0	844
548	268	458	24	523	553	10	0	425
549	175	352	-19	0	1789	10	768	0
550	398	476	-23	0	1645	10	118	0
551	51	360	-21	1145	1175	10	838	0
552	21	70	-31	771	801	10	979	0
553	80	251	14	304	334	10	0	259
554	457	280	17	1000	1030	10	0	906
555	423	315	-12	0	1731	10	771	0
556	66	88	-22	830	860	10	896	0
557	479	387	13	397	427	10	0	128
558	436	123	40	0	1690	10	0	497
559	286	244	-19	1284	1314	10	706	0
560	449	190	-22	1140	1170	10	639	0
561	456	113	-11	1227	1257	10	793	0
562	480	152	-30	0	1665	10	359	0
563	100	266	-20	470	500	10	804	0
564	343	34	-12	725	755	10	692	0
565	374	306	4	994	1024	10	0	612
566	13	465	-13	774	804	10	235	0
567	230	487	20	1130	1160	10	0	908
568	442	153	-27	1189	1219	10	454	0
569	240	362	-14	0	1803	10	925	0
570	433	319	-21	0	1720	10	196	0
571	0	422	8	821	851	10	0	739
572	297	131	-23	1165	1195	10	773	0
573	71	12	-14	297	327	10	68	0
574	44	440	-30	0	1635	10	379	0
575	447	184	-14	424	454	10	960	0
576	341	59	27	790	820	10	0	360
577	132	32	-23	784	814	10	502	0
578	411	396	23	920	950	10	0	19
579	450	416	-15	577	607	10	419	0
580	323	34	-14	0	1687	10	546	0
581	244	368	-10	414	444	10	710	0
582	90	477	18	277	307	10	0	418
583	34	169	11	484	514	10	0	197
584	351	128	-17	1253	1283	10	153	0
585	71	282	-22	0	1734	10	160	0
586	157	269	-22	1576	1606	10	945	0
587	392	1	11	605	635	0	0	1007
588	39	153	-6	798	828	10	296	0
589	306	229	-12	1320	1350	10	510	0
590	415	253	21	367	397	10	0	399
591	92	76	4	1139	1169	10	0	857
592	437	98	-24	1114	1144	10	187	0
593	12	367	27	326	356	10	0	88
594	448	414	-13	1223	1253	10	132	0
595	128	113	22	363	393	10	0	316
596	43	360	-23	0	1681	10	742	0
597	102	422	23	226	256	10	0	121
598	480	131	-26	688	718	10	326	0
599	210	81	2	0	1742	10	0	126
600	432	2	20	0	1608	10	0	115
601	396	83	-17	1586	1616	10	709	0
602	489	159	29	0	1660	10	0	397
603	56	75	-15	0	1654	10	246	0
604	66	31	25	0	1629	10	0	855
605	460	117	14	520	550	10	0	538
606	175	239	23	75	105	10	0	884
607	217	333	-18	411	441	10	697	0
608	62	375	16	349	379	10	0	859
609	82	183	-8	1102	1132	10	867	0
610	248	214	-20	1479	1509	10	962	0
611	385	239	21	786	816	10	0	686
612	371	315	-4	1166	1196	10	565	0
613	333	163	32	0	1795	10	0	267
614	100	66	15	0	1678	10	0	488
615	311	422	29	0	1733	10	0	182
616	153	235	10	98	128	10	0	807
617	168	109	10	204	234	10	0	147
618	284	319	-16	0	1839	10	669	0
619	195	464	-12	0	1695	10	462	0
620	382	9	30	274	304	10	0	494
621	325	210	15	933	963	10	0	537
622	366	334	5	410	440	10	0	635
623	200	78	31	993	1023	10	0	81
624	351	5	12	496	526	10	0	660
625	197	202	-22	1204	1234	10	788	0
626	270	337	20	0	1826	10	0	445
627	125	65	17	788	818	10	0	976
628	120	17	30	279	309	10	0	31
629	84	255	13	282	312	10	0	748
630	222	331	10	540	570	10	0	328
631	332	459	35	369	399	10	0	381
632	226	175	-37	1694	1724	10	655	0
633	404	140	-24	1259	1289	10	871	0
634	223	178	-33	1136	1166	10	185	0
635	330	308	-5	1170	1200	10	622	0
636	140	108	-15	1071	1101	10	309	0
637	34	239	-29	0	1699	10	882	0
638	94	192	-33	1080	1110	10	758	0
639	458	213	22	1128	1158	10	0	560
640	13	314	14	245	275	10	0	737
641	202	391	30	0	1767	10	0	522
642	339	41	6	456	486	10	0	368
643	224	56	13	1186	1216	10	0	519
644	345	431	-26	345	375	10	983	0
645	292	104	26	304	334	0	0	1027
646	318	99	35	1213	1243	10	0	13
647	46	248	-11	814	844	10	824	0
648	482	184	-22	0	1674	10	46	0
649	411	379	25	0	1709	10	0	828
650	293	174	31	87	117	10	0	661
651	169	305	-22	162	192	10	517	0
652	394	47	-24	313	343	10	774	0
653	323	29	7	1137	1167	0	0	1015
654	65	343	38	207	237	10	0	495
655	158	179	37	0	1799	10	0	632
656	299	353	-17	0	1801	10	526	0
657	9	233	-5	306	336	10	289	0
658	330	138	-13	0	1778	10	505	0
659	48	412	-26	1032	1062	10	363	0
660	385	17	-12	809	839	10	624	0
661	382	110	-31	1112	1142	10	650	0
662	336	493	20	0	1658	10	0	391
663	181	441	-16	542	572	10	840	0
664	162	301	-5	1613	1643	10	284	0
665	1	101	8	1257	1287	10	0	323
666	80	117	24	824	854	10	0	428
667	210	219	7	50	80	10	0	27
668	404	59	-10	913	943	10	271	0
669	288	439	16	0	1723	10	0	618
670	149	458	-10	0	1684	10	178	0
671	257	391	-31	1633	1663	10	203	0
672	405	349	15	522	552	10	0	5
673	191	215	-26	68	98	10	213	0
674	231	29	14	1226	1256	0	0	1025
675	253	50	27	226	256	10	0	482
676	441	177	23	1001	1031	0	0	1030
677	5	445	30	313	343	10	0	167
678	463	253	-33	1047	1077	10	198	0
679	435	180	37	225	255	10	0	782
680	198	85	-23	263	293	10	260	0
681	59	388	-19	663	693	10	73	0
682	373	418	-25	1259	1289	10	78	0
683	142	80	-3	0	1714	10	895	0
684	441	7	-26	392	422	10	752	0
685	33	268	18	696	726	10	0	52
686	355	174	-21	0	1786	10	611	0
687	228	260	-36	1606	1636	10	690	0
688	114	460	-13	0	1665	10	274	0
689	337	41	8	1002	1032	10	0	968
690	154	374	36	0	1759	10	0	687
691	235	13	-18	359	389	10	38	0
692	303	78	12	179	209	10	0	564
693	103	464	-8	1273	1303	10	408	0
694	325	311	22	1322	1352	0	0	1005
695	306	235	25	57	87	10	0	827
696	382	360	26	178	208	10	0	44
697	235	288	18	40	70	10	0	607
698	0	356	-15	0	1644	10	717	0
699	178	135	-28	0	1780	10	865	0
700	226	423	15	197	227	10	0	353
701	15	11	15	952	982	10	0	354
702	144	35	26	239	269	10	0	747
703	176	199	28	89	119	10	0	781
704	247	306	33	56	86	10	0	751
705	396	417	13	0	1694	10	0	124
706	289	220	19	49	79	10	0	559
707	23	235	-8	1023	1053	10	315	0
708	137	377	23	169	199	10	0	880
709	400	71	17	1372	1402	10	0	601
710	261	359	10	109	139	10	0	581
711	438	127	2	941	971	10	0	83
712	318	280	21	0	1841	0	0	1009
713	333	293	-36	617	647	10	74	0
714	436	295	11	528	558	10	0	43
715	62	94	16	0	1671	10	0	158
716	495	355	3	1243	1273	10	0	219
717	13	394	15	373	403	10	0	698
718	172	292	17	0	1827	10	0	937
719	14	232	18	0	1679	0	0	1020
720	437	90	12	585	615	10	0	467
721	214	274	-21	0	1872	10	461	0
722	420	383	27	982	1012	10	0	996
723	120	261	-23	793	823	10	755	0
724	179	75	13	740	770	10	0	447
725	484	224	7	300	330	10	0	870
726	214	245	8	36	66	10	0	1000
727	395	474	-5	387	417	10	358	0
728	368	311	-13	926	956	10	204	0
729	199	203	-35	1457	1487	10	377	0
730	485	428	22	1490	1520	0	0	1003
731	86	199	23	0	1744	10	0	63
732	447	272	-14	384	414	10	928	0
733	40	304	-22	1145	1175	10	156	0
734	475	267	7	780	810	10	0	319
735	482	141	-21	1011	1041	10	868	0
736	489	274	31	534	564	10	0	883
737	26	342	-14	321	351	10	640	0
738	139	438	-9	0	1697	10	308	0
739	12	358	-8	1224	1254	10	571	0
740	125	61	-22	612	642	10	515	0
741	360	284	-24	0	1800	10	986	0
742	29	358	23	611	641	10	0	596
743	285	247	-15	0	1880	10	218	0
744	248	386	22	378	408	10	0	102
745	415	207	18	900	930	10	0	108
746	130	247	17	120	150	10	0	792
747	172	66	-26	1303	1333	10	702	0
748	92	259	-13	399	429	10	629	0
749	379	486	22	672	702	0	0	1013
750	452	484	-20	0	1606	10	342	0
751	268	288	-33	1267	1297	10	704	0
752	349	43	26	229	259	10	0	684
753	225	269	30	0	1884	0	0	1031
754	50	383	-10	260	290	10	380	0
755	110	251	23	498	528	10	0	723
756	461	182	-17	629	659	10	797	0
757	255	487	-12	398	428	10	817	0
758	133	202	33	461	491	10	0	638
759	34	329	2	1043	1073	10	0	205
760	368	452	16	670	700	10	0	437
761	242	106	-14	1268	1298	10	10	0
762	171	303	-9	0	1820	10	299	0
763	329	456	-3	0	1695	10	457	0
764	490	286	29	0	1673	10	0	887
765	61	214	4	0	1723	10	0	86
766	365	74	24	848	878	10	0	112
767	321	149	-14	0	1792	10	464	0
768	84	453	19	0	1653	10	0	549
769	26	442	-4	1344	1374	10	982	0
770	180	283	23	744	774	10	0	478
771	394	322	12	1025	1055	10	0	555
772	348	348	-36	935	965	10	223	0
773	309	161	23	583	613	10	0	572
774	385	58	24	0	1681	10	0	652
775	228	287	21	43	73	10	0	853
776	312	453	-32	550	580	10	533	0
777	35	344	-29	863	893	10	518	0
778	393	98	13	753	783	0	0	1028
779	208	488	22	478	508	10	0	545
780	235	33	30	1337	1367	10	0	456
781	140	137	-28	570	600	10	703	0
782	405	187	-37	1251	1281	10	679	0
783	330	371	1	0	1770	10	0	40
784	265	0	10	0	1665	10	0	507
785	295	89	23	742	772	10	0	889
786	3	23	11	0	1580	10	0	356
787	363	225	35	856	886	10	0	916
788	148	208	22	0	1805	10	0	625
789	466	362	15	0	1672	10	0	910
790	267	290	-11	0	1872	10	501	0
791	98	2	-28	592	622	10	279	0
792	131	246	-17	832	862	10	746	0
793	418	75	11	448	478	10	0	561
794	366	260	23	1520	1550	0	0	1048
795	138	28	23	1097	1127	10	0	162
796	209	212	18	0	1860	10	0	225
797	443	167	17	543	573	10	0	756
798	156	65	-27	1037	1067	10	110	0
799	279	355	9	166	196	0	0	1041
800	206	172	29	788	818	10	0	866
801	32	94	14	930	960	10	0	157
802	301	239	31	52	82	10	0	60
803	471	368	19	0	1665	10	0	347
804	133	273	20	119	149	10	0	563
805	253	74	20	0	1739	10	0	303
806	470	405	-14	0	1646	10	874	0
807	77	172	-10	786	816	10	616	0
808	77	465	11	275	305	10	0	243
809	466	96	-19	1383	1413	10	535	0
810	402	277	-24	1438	1468	10	119	0
811	267	374	23	601	631	10	0	834
812	450	194	27	625	655	10	0	169
813	89	65	16	720	750	10	0	942
814	429	389	-21	424	454	10	835	0
815	202	28	-18	0	1688	10	245	0
816	46	389	-18	0	1669	10	375	0
817	246	407	12	312	342	10	0	757
818	452	110	-32	0	1670	10	953	0
819	213	185	21	74	104	10	0	846
820	134	276	-23	133	163	10	122	0
821	262	97	-25	947	977	10	396	0
822	469	489	-12	555	585	10	216	0
823	364	71	-21	1348	1378	10	434	0
824	68	240	11	794	824	10	0	647
825	494	468	31	352	382	10	0	490
826	439	222	-11	980	1010	10	4	0
827	386	225	-25	919	949	10	695	0
828	434	359	-25	1392	1422	10	649	0
829	103	177	-21	626	656	10	95	0
830	89	322	-19	1021	1051	10	199	0
831	307	249	-14	1377	1407	10	283	0
832	30	155	-16	1280	1310	10	265	0
833	401	314	-27	976	1006	10	133	0
834	217	357	-23	1420	1450	10	811	0
835	373	421	21	237	267	10	0	814
836	5	281	-25	1372	1402	10	424	0
837	173	474	-14	1285	1315	10	946	0
838	36	301	21	219	249	10	0	551
839	429	169	8	903	933	10	0	894
840	195	450	16	0	1708	10	0	663
841	95	382	19	0	1712	10	0	455
842	225	121	18	0	1784	0	0	1010
843	10	407	-18	434	464	10	190	0
844	221	269	-21	1265	1295	10	547	0
845	264	180	-14	1681	1711	10	277	0
846	168	59	-21	366	396	10	819	0
847	281	96	1	0	1758	10	0	980
848	387	349	-23	0	1746	10	142	0
849	398	329	17	167	197	10	0	152
850	239	486	3	1482	1512	0	0	1047
851	237	420	15	1334	1364	10	0	474
852	346	354	8	0	1774	10	0	899
853	172	314	-21	545	575	10	775	0
854	233	230	20	26	56	10	0	499
855	79	80	-25	1382	1412	10	604	0
856	243	402	13	405	435	10	0	237
857	117	110	-4	0	1722	10	591	0
858	66	314	26	194	224	10	0	367
859	58	391	-16	882	912	10	608	0
860	142	360	-29	1532	1562	10	453	0
861	492	326	-19	1204	1234	10	125	0
862	381	328	12	0	1763	10	0	420
863	62	236	29	558	588	10	0	325
864	344	70	-15	1146	1176	10	344	0
865	151	81	28	1558	1588	10	0	699
866	240	240	-29	1700	1730	10	800	0
867	46	163	8	926	956	10	0	609
868	455	168	21	867	897	10	0	735
869	428	202	-9	904	934	10	94	0
870	432	199	-7	0	1726	10	725	0
871	391	112	24	1000	1030	10	0	633
872	451	305	13	208	238	10	0	536
873	214	311	14	70	100	0	0	1022
874	465	367	14	0	1671	10	0	806
875	164	473	26	296	326	0	0	1019
876	364	173	30	180	210	10	0	300
877	274	261	-26	1707	1737	10	407	0
878	133	455	-16	808	838	10	327	0
879	351	481	10	322	352	10	0	228
880	115	395	-23	815	845	10	708	0
881	297	304	4	71	101	10	0	475
882	7	194	29	0	1666	10	0	637
883	409	255	-31	0	1756	10	736	0
884	87	213	-23	626	656	10	606	0
885	60	246	-16	0	1725	10	29	0
886	3	471	13	0	1584	0	0	1012
887	418	251	-29	1197	1227	10	764	0
888	153	362	7	0	1767	10	0	909
889	323	77	-23	0	1728	10	785	0
890	143	158	12	141	171	10	0	963
891	351	148	30	461	491	10	0	170
892	426	38	-9	609	639	10	936	0
893	226	316	21	70	100	10	0	161
894	347	192	-8	1488	1518	10	839	0
895	102	6	3	1458	1488	10	0	683
896	41	120	22	696	726	10	0	556
897	247	443	-14	330	360	10	99	0
898	218	271	-8	1574	1604	10	923	0
899	376	385	-8	184	214	10	852	0
900	241	402	11	0	1763	10	0	261
901	213	399	18	234	264	10	0	432
902	32	191	-23	586	616	10	409	0
903	441	374	10	227	257	10	0	233
904	376	113	-5	0	1729	10	36	0
905	215	434	9	0	1728	0	0	1043
906	499	316	-17	0	1658	10	554	0
907	318	497	21	0	1659	0	0	1044
908	256	441	-20	0	1724	10	567	0
909	174	397	-7	1245	1275	10	888	0
910	468	360	-15	274	304	10	789	0
911	287	256	18	37	67	10	0	141
912	448	397	33	866	896	0	0	1026
913	352	487	-28	902	932	10	334	0
914	253	118	-33	547	577	10	947	0
915	159	299	12	1016	1046	10	0	15
916	351	233	-35	1423	1453	10	787	0
917	268	113	21	0	1777	10	0	444
918	164	332	-14	1280	1310	10	42	0
919	88	484	5	0	1631	10	0	324
920	360	488	-21	0	1653	10	11	0
921	343	166	-14	876	906	10	372	0
922	497	266	-14	748	778	10	438	0
923	138	406	8	1216	1246	10	0	898
924	420	224	-6	429	459	10	159	0
925	231	410	14	0	1754	10	0	569
926	199	438	3	0	1721	10	0	369
927	219	215	-17	0	1869	10	254	0
928	365	274	14	117	147	10	0	732
929	481	454	-13	0	1607	10	949	0
930	187	61	19	545	575	10	0	144
931	372	97	13	214	244	10	0	292
932	187	263	35	64	94	10	0	253
933	371	427	23	0	1701	10	0	310
934	74	215	10	229	259	10	0	258
935	375	145	-28	929	959	10	351	0
936	365	28	9	268	298	10	0	892
937	118	314	-17	338	368	10	718	0
938	60	29	32	1363	1393	0	0	1046
939	478	300	12	0	1682	10	0	67
940	33	152	17	1320	1350	10	0	528
941	347	184	-13	1079	1109	10	524	0
942	94	40	-16	1068	1098	10	813	0
943	290	328	-30	144	174	10	28	0
944	96	346	-17	0	1734	10	136	0
945	97	288	22	1284	1314	10	0	586
946	176	470	14	547	577	10	0	837
947	206	97	33	0	1756	10	0	914
948	210	133	15	689	719	10	0	51
949	489	457	13	0	1599	10	0	929
950	418	399	-25	438	468	10	995	0
951	392	491	-26	0	1636	10	480	0
952	437	19	15	1014	1044	10	0	311
953	495	83	32	0	1619	10	0	818
954	468	352	9	768	798	10	0	370
955	390	120	-15	1004	1034	10	230	0
956	80	357	1	530	560	0	0	1021
957	394	310	-15	0	1759	10	994	0
958	61	441	-7	544	574	10	977	0
959	52	303	25	441	471	10	0	543
960	391	202	14	0	1767	10	0	575
961	36	451	-34	0	1622	10	23	0
962	276	84	20	0	1747	10	0	610
963	130	140	-12	194	224	10	890	0
964	16	287	12	0	1679	10	0	305
965	292	136	28	781	811	10	0	101
966	53	204	-15	1055	1085	10	446	0
967	359	287	-29	0	1800	10	93	0
968	309	29	-8	1294	1324	10	689	0
969	473	491	-15	0	1587	10	531	0
970	273	255	-26	1492	1522	10	202	0
971	263	153	12	0	1818	10	0	165
972	328	458	-25	768	798	10	459	0
973	401	164	-31	0	1742	10	209	0
974	480	119	-17	628	658	10	268	0
975	488	96	-5	1066	1096	10	64	0
976	149	98	-17	1165	1195	10	627	0
977	49	437	7	427	457	10	0	958
978	440	77	-16	0	1659	10	417	0
979	43	135	31	236	266	10	0	552
980	188	151	-1	1297	1327	10	847	0
981	175	422	-25	1446	1476	10	333	0
982	48	437	4	804	834	10	0	769
983	334	403	26	174	204	10	0	644
984	372	115	13	364	394	10	0	114
985	111	192	-11	1199	1229	10	179	0
986	357	290	24	114	144	10	0	741
987	331	134	-30	1124	1154	10	508	0
988	495	199	25	337	367	10	0	506
989	441	60	21	1459	1489	0	0	1002
990	51	89	19	1208	1238	0	0	1008
991	452	206	-9	492	522	10	54	0
992	195	386	13	146	176	10	0	439
993	172	24	-11	1452	1482	10	472	0
994	408	318	15	0	1743	10	0	957
995	410	399	25	234	264	10	0	950
996	413	345	-27	1218	1248	10	722	0
997	215	129	17	1119	1149	0	0	1029
998	380	350	15	866	896	10	0	355
999	19	38	-24	847	877	10	155	0
1000	166	247	-8	84	114	10	726	0
1001	457	492	-7	0	1597	10	207	0
1002	441	60	-21	1459	1489	10	989	0
1003	485	428	-22	1490	1520	10	730	0
1004	53	466	-9	335	365	10	263	0
1005	325	311	-22	1322	1352	10	694	0
1006	193	138	-30	661	691	10	330	0
1007	392	1	-11	605	635	10	587	0
1008	51	89	-19	1208	1238	10	990	0
1009	318	280	-21	0	1841	10	712	0
1010	225	121	-18	0	1784	10	842	0
1011	68	53	-16	739	769	10	275	0
1012	3	471	-13	0	1584	10	886	0
1013	379	486	-22	672	702	10	749	0
1014	475	352	-33	0	1668	10	304	0
1015	323	29	-7	1137	1167	10	653	0
1016	211	411	-15	0	1750	10	183	0
1017	397	477	-13	0	1645	10	469	0
1018	200	27	-22	525	555	10	194	0
1019	164	473	-26	296	326	10	875	0
1020	14	232	-18	0	1679	10	719	0
1021	80	357	-1	530	560	10	956	0
1022	214	311	-14	70	100	10	873	0
1023	418	269	-3	0	1746	10	301	0
1024	59	276	-11	892	922	10	62	0
1025	231	29	-14	1226	1256	10	674	0
1026	448	397	-33	866	896	10	912	0
1027	292	104	-26	304	334	10	645	0
1028	393	98	-13	753	783	10	778	0
1029	215	129	-17	1119	1149	10	997	0
1030	441	177	-23	1001	1031	10	676	0
1031	225	269	-30	0	1884	10	753	0
1032	297	283	-28	0	1858	10	278	0
1033	370	262	-15	1099	1129	10	104	0
1034	277	428	-7	490	520	10	440	0
1035	500	228	-8	0	1665	10	109	0
1036	245	176	-20	0	1841	10	82	0
1037	57	183	-15	0	1711	10	143	0
1038	80	337	-28	0	1725	10	430	0
1039	241	180	-13	1695	1725	10	106	0
1040	142	30	-32	1246	1276	10	398	0
1041	279	355	-9	166	196	10	799	0
1042	325	147	-14	1187	1217	10	129	0
1043	215	434	-9	0	1728	10	905	0
1044	318	497	-21	0	1659	10	907	0
1045	177	404	-17	1262	1292	10	340	0
1046	60	29	-32	1363	1393	10	938	0
1047	239	486	-3	1482	1512	10	850	0
1048	366	260	-23	1520	1550	10	794	0
