250	1000	1
0	250	250	0	0	7697	0	0	0
1	228	399	14	2207	2603	10	0	501
2	325	56	-21	3216	3275	10	116	0
3	290	145	5	4884	5488	10	0	299
4	340	291	22	1859	2025	10	0	726
5	370	382	11	3444	3746	10	0	553
6	273	255	18	5796	6260	0	0	1007
7	36	301	21	758	1001	10	0	187
8	117	178	28	4421	4637	10	0	42
9	295	283	-23	3476	3791	10	707	0
10	57	43	15	3935	4373	10	0	147
11	436	123	40	788	1013	0	0	1004
12	48	162	15	656	1201	0	0	1005
13	222	499	7	3075	3807	10	0	930
14	376	92	10	3896	4149	10	0	580
15	437	90	-5	2143	2657	10	673	0
16	3	23	-12	1396	1856	10	22	0
17	94	40	24	4208	4457	10	0	418
18	398	476	25	1534	1931	10	0	434
19	307	249	10	5244	5888	10	0	912
20	179	286	-26	1102	1747	10	476	0
21	0	356	-8	4298	4511	10	124	0
22	143	158	12	355	865	10	0	16
23	413	476	-29	4656	4896	10	864	0
24	371	488	10	2207	2575	10	0	560
25	415	118	19	846	1007	10	0	708
26	440	77	14	3454	3969	10	0	923
27	261	201	-1	5941	6291	10	427	0
28	490	286	29	2019	2279	10	0	320
29	309	161	23	2064	2722	10	0	605
30	39	162	-34	2112	2529	10	142	0
31	361	178	5	3679	4221	10	0	58
32	261	138	-9	2451	2616	10	850	0
33	447	383	17	890	1012	10	0	819
34	346	354	-17	3189	3471	10	199	0
35	461	195	26	5426	5855	10	0	410
36	187	263	35	64	470	10	0	638
37	130	247	17	280	681	10	0	257
38	328	491	-15	2638	2908	10	288	0
39	161	276	8	435	752	10	0	954
40	365	74	24	3287	3621	10	0	900
41	168	109	-9	733	1021	10	986	0
42	111	192	-28	4798	4918	10	8	0
43	87	213	-10	2211	2914	10	279	0
44	45	166	-6	4018	4209	10	473	0
45	62	94	16	3590	4134	0	0	1001
46	348	476	-14	4701	4993	10	827	0
47	64	437	-32	3591	3875	10	129	0
48	56	75	-19	5529	6092	10	609	0
49	24	259	-16	1273	1808	10	108	0
50	295	247	-23	5102	5446	10	679	0
51	6	53	8	2207	2608	10	0	763
52	15	11	-32	3792	3941	10	180	0
53	179	497	-15	5481	5928	10	375	0
54	67	352	-19	1388	1717	10	530	0
55	317	45	-23	2330	3057	10	217	0
56	40	278	-25	4362	4593	10	813	0
57	33	278	18	5734	6283	10	0	710
58	322	290	-5	5658	6294	10	31	0
59	159	226	16	260	492	10	0	385
60	208	445	-26	5232	5548	10	802	0
61	453	360	-25	750	1098	10	968	0
62	34	169	-6	1787	2209	10	433	0
63	436	25	19	5038	5340	10	0	838
64	393	98	13	2772	3368	10	0	724
65	466	96	-5	5542	5643	10	676	0
66	366	390	-36	5135	5530	10	301	0
67	303	78	12	472	967	10	0	491
68	374	116	9	2338	2479	10	0	844
69	424	288	-19	4132	4447	10	961	0
70	191	84	13	3319	3737	10	0	962
71	59	276	11	3388	3871	10	0	919
72	215	293	13	55	792	10	0	176
73	343	276	15	151	622	10	0	586
74	488	173	-11	4632	5170	10	928	0
75	452	110	-14	1240	1602	10	639	0
76	153	244	5	402	581	10	0	588
77	176	200	17	2261	2400	10	0	143
78	498	171	-22	4724	5447	10	496	0
79	492	188	33	2897	2946	10	0	537
80	177	156	25	581	877	10	0	527
81	398	49	21	3015	3439	10	0	245
82	497	296	14	2347	2673	10	0	529
83	276	84	20	2674	2895	10	0	507
84	128	113	22	1346	1676	10	0	789
85	422	498	-7	2597	3059	10	977	0
86	460	424	-20	5775	5981	10	791	0
87	246	314	-15	5813	5870	10	757	0
88	0	422	-30	3311	3378	10	633	0
89	166	247	1	84	605	10	0	399
90	311	422	-17	3839	4185	10	296	0
91	392	95	-17	3039	3210	10	829	0
92	460	117	14	1916	2363	10	0	148
93	28	467	-22	5292	5569	10	686	0
94	375	145	12	3761	3793	10	0	749
95	240	255	-14	6386	6622	10	437	0
96	440	436	18	3525	3731	10	0	848
97	454	201	-24	5210	5349	10	917	0
98	407	35	-17	5132	5295	10	620	0
99	420	383	27	3856	4119	10	0	109
100	264	180	-14	6495	7070	10	565	0
101	440	294	-27	3572	4230	10	929	0
102	500	228	-20	2983	3391	10	153	0
103	144	331	-14	3509	4061	10	482	0
104	98	2	-14	2227	2626	10	381	0
105	461	186	-26	5717	6501	10	223	0
106	68	450	-19	2438	2742	10	405	0
107	153	192	-5	3370	3676	10	786	0
108	34	239	16	763	1108	10	0	49
109	465	367	-27	3937	4398	10	99	0
110	208	488	-16	1776	2165	10	346	0
111	93	413	17	678	1133	10	0	616
112	371	332	14	1951	2405	10	0	285
113	231	167	15	165	517	10	0	546
114	179	75	-17	2844	3195	10	503	0
115	196	489	23	3948	4413	10	0	964
116	280	245	21	30	369	10	0	2
117	108	37	-2	1908	2608	10	777	0
118	1	101	-21	4874	5304	10	925	0
119	420	80	24	4193	4701	10	0	430
120	38	190	23	999	1399	10	0	602
121	470	405	-23	3581	3946	10	836	0
122	448	397	33	3404	3640	10	0	156
123	471	427	-9	3110	3542	10	159	0
124	146	376	8	743	1252	10	0	21
125	12	358	-25	4714	5201	10	292	0
126	175	422	-12	5571	6120	10	626	0
127	297	131	-27	4493	4950	10	604	0
128	457	492	7	1870	2315	10	0	688
129	69	423	32	3099	3440	10	0	47
130	97	288	-12	4980	5412	10	702	0
131	172	314	-9	2195	2289	10	168	0
132	170	347	15	1574	2032	10	0	462
133	103	123	-32	1947	2090	10	951	0
134	154	374	36	3590	4025	10	0	154
135	318	497	21	3260	3690	10	0	226
136	330	147	-19	3272	3636	10	987	0
137	241	180	-22	6708	6969	10	331	0
138	174	67	-11	4764	5433	10	502	0
139	235	288	18	40	451	10	0	356
140	94	192	1	4279	4484	10	0	414
141	232	101	24	1283	1606	10	0	185
142	28	180	34	1382	1822	10	0	30
143	64	135	-17	3500	3566	10	77	0
144	174	376	8	5457	6018	10	0	290
145	293	174	31	159	540	10	0	721
146	218	12	3	1980	2492	10	0	158
147	110	122	-15	5849	6342	10	10	0
148	459	53	-14	4298	4800	10	92	0
149	173	474	14	5039	5361	10	0	959
150	135	400	20	1194	1315	10	0	589
151	497	266	-13	2949	3151	10	459	0
152	380	194	3	2837	2992	10	0	963
153	495	227	20	1273	1599	10	0	102
154	268	351	-36	6518	7003	10	134	0
155	213	399	18	873	1118	10	0	785
156	448	414	-33	4668	5234	10	122	0
157	327	139	13	4937	5241	10	0	597
158	151	81	-3	6142	6442	10	146	0
159	425	448	9	2961	3514	10	0	123
160	92	259	4	1565	1750	10	0	210
161	59	388	-26	2452	2970	10	337	0
162	468	360	-12	854	1458	10	564	0
163	332	459	35	1260	1809	10	0	936
164	469	489	-3	2115	2448	10	358	0
165	248	176	-14	5608	5723	10	753	0
166	174	41	15	5250	5297	10	0	746
167	343	205	-2	2803	3456	10	648	0
168	154	392	9	561	811	10	0	131
169	92	18	-13	4368	4745	10	429	0
170	250	328	24	843	1266	10	0	957
171	88	484	5	5888	6158	10	0	202
172	360	488	-30	1175	1470	10	269	0
173	156	65	-24	4049	4369	10	310	0
174	18	225	8	2582	3069	10	0	931
175	152	476	-29	2058	2242	10	833	0
176	176	470	-13	2041	2452	10	72	0
177	195	450	-22	5809	6198	10	762	0
178	466	149	-17	4524	5085	10	396	0
179	221	269	14	4718	5525	10	0	184
180	105	137	32	1624	2114	10	0	52
181	284	319	17	3125	3529	10	0	338
182	41	120	22	2759	2928	10	0	909
183	263	418	25	833	1514	10	0	902
184	218	271	-14	6219	6490	10	179	0
185	365	119	-24	1325	1849	10	141	0
186	89	322	-27	3904	4381	10	318	0
187	180	283	-21	2886	3183	10	7	0
188	385	17	-10	3084	3507	10	298	0
189	401	314	25	3745	4186	10	0	336
190	245	176	-33	4840	5157	10	685	0
191	251	238	27	12	330	10	0	325
192	139	438	-9	811	1021	10	548	0
193	236	126	23	333	666	10	0	521
194	61	441	27	2128	2342	10	0	646
195	405	454	-10	5115	5428	10	760	0
196	111	392	-15	4647	4825	10	858	0
197	373	421	21	927	1092	10	0	334
198	247	443	17	1078	1685	10	0	614
199	322	406	17	3268	3487	10	0	34
200	412	478	-25	3754	4044	10	388	0
201	374	346	27	1632	1856	10	0	332
202	122	422	-5	5590	6184	10	171	0
203	261	359	-25	188	688	10	880	0
204	173	182	25	102	783	10	0	422
205	398	341	-15	3718	3915	10	989	0
206	413	127	-25	3339	3426	10	428	0
207	325	311	22	5174	5524	10	0	520
208	80	357	-19	2028	2336	10	456	0
209	67	378	-13	1680	2204	10	946	0
210	216	341	-4	2380	2972	10	160	0
211	498	457	15	3444	3981	10	0	787
212	44	344	-23	3981	4775	10	732	0
213	352	481	-19	5087	5311	10	384	0
214	237	420	15	5122	5672	10	0	874
215	389	43	21	1346	1939	10	0	376
216	292	136	28	2918	3447	10	0	947
217	426	38	23	2299	2691	10	0	55
218	245	461	8	2590	2725	10	0	453
219	415	253	21	1367	1686	10	0	664
220	298	264	36	50	597	10	0	809
221	307	412	-19	1413	1936	10	517	0
222	53	204	8	4157	4403	10	0	767
223	480	152	26	3908	4385	10	0	105
224	262	97	17	3628	4069	10	0	486
225	83	169	-23	3003	3329	10	938	0
226	377	432	-21	3277	3494	10	135	0
227	390	249	21	2081	2693	10	0	303
228	132	479	-12	830	1231	10	832	0
229	359	246	-34	5531	5972	10	969	0
230	314	205	-14	5883	6452	10	467	0
231	124	448	6	1257	1812	10	0	699
232	0	188	26	3578	3998	10	0	394
233	343	166	28	3269	3858	10	0	642
234	482	141	14	3862	4345	10	0	751
235	162	306	22	338	735	10	0	815
236	24	71	11	1170	1719	10	0	480
237	188	119	44	3621	4298	10	0	452
238	100	85	14	1250	1678	10	0	701
239	103	177	28	2448	2683	10	0	362
240	26	67	-21	5069	5585	10	805	0
241	164	332	19	5034	5324	10	0	994
242	385	285	-16	3348	3716	10	561	0
243	209	68	-3	6076	6589	10	518	0
244	149	341	6	1541	1811	10	0	779
245	415	95	-21	4521	5013	10	81	0
246	167	488	17	987	1133	10	0	329
247	413	493	-15	4679	5186	10	680	0
248	439	222	22	3781	4175	10	0	259
249	150	484	-14	2306	2816	10	890	0
250	299	353	34	139	774	10	0	573
251	273	300	30	55	481	10	0	439
252	402	277	-12	5641	5986	10	554	0
253	239	15	-16	2380	2571	10	985	0
254	363	225	35	3189	3778	10	0	733
255	65	343	38	625	1154	10	0	426
256	351	60	15	838	963	10	0	416
257	60	246	-17	641	879	10	37	0
258	144	35	26	875	1042	10	0	939
259	463	253	-22	4128	4368	10	248	0
260	332	382	-12	3879	4325	10	354	0
261	408	318	15	2432	2833	10	0	681
262	452	206	-7	1946	2111	10	719	0
263	471	368	19	1503	2041	10	0	935
264	93	490	2	1417	1736	10	0	979
265	241	402	11	4038	4280	10	0	585
266	60	231	32	4020	4307	10	0	689
267	172	66	-32	5248	5294	10	497	0
268	404	207	-5	3543	3861	10	872	0
269	286	356	30	375	521	10	0	172
270	489	338	-18	5551	5747	10	773	0
271	334	481	32	1280	1483	10	0	865
272	26	442	-20	5082	5790	10	889	0
273	226	175	-19	6536	7134	10	995	0
274	488	3	3	1396	1929	10	0	357
275	178	150	-30	2384	2788	10	795	0
276	371	423	10	579	1110	10	0	600
277	5	224	-10	4127	4430	10	778	0
278	94	344	-26	2660	2917	10	417	0
279	153	235	10	223	562	10	0	43
280	12	367	-5	1194	1532	10	316	0
281	217	357	-15	5623	5857	10	392	0
282	255	487	19	1388	1915	10	0	419
283	149	214	7	1888	2088	10	0	781
284	169	305	21	645	769	10	0	879
285	487	446	-14	5131	5710	10	112	0
286	267	374	23	2113	2812	10	0	322
287	360	294	-21	5621	5841	10	926	0
288	185	431	15	1405	1811	10	0	38
289	325	210	-34	3685	3902	10	552	0
290	175	352	-8	6599	6841	10	144	0
291	76	462	18	3711	4057	10	0	768
292	19	273	25	3619	4633	10	0	125
293	72	227	25	2143	2488	10	0	498
294	213	283	-15	5734	6154	10	883	0
295	130	140	-20	510	1163	10	350	0
296	274	442	17	4044	4607	10	0	90
297	337	41	8	3837	4301	10	0	878
298	372	39	10	2809	3099	10	0	188
299	269	112	-5	4875	5346	10	3	0
300	224	56	-18	4607	5005	10	901	0
301	340	416	36	1180	1509	10	0	66
302	13	214	-25	5261	5687	10	406	0
303	230	320	-21	4681	4975	10	227	0
304	6	196	20	4579	5166	10	0	911
305	87	3	-3	5604	5981	10	505	0
306	133	202	33	1642	2162	10	0	499
307	235	316	-21	2538	2828	10	364	0
308	435	180	37	787	1129	10	0	534
309	173	65	-27	1596	2112	10	831	0
310	245	42	24	2109	2390	10	0	173
311	384	149	18	4663	5035	10	0	888
312	51	286	-21	5837	5955	10	966	0
313	267	290	15	43	458	10	0	873
314	453	318	-9	1415	1695	10	871	0
315	189	402	10	2114	2295	10	0	372
316	210	276	5	82	300	10	0	280
317	120	261	5	3081	3385	10	0	978
318	35	263	27	949	1333	10	0	186
319	429	59	9	1707	2084	10	0	612
320	330	308	-29	4473	5010	10	28	0
321	58	391	16	3372	3807	10	0	799
322	260	472	-23	3933	4474	10	286	0
323	217	333	26	1384	2025	10	0	533
324	335	46	-14	5331	5522	10	477	0
325	198	85	-27	875	1346	10	191	0
326	138	28	-26	4250	4642	10	470	0
327	29	336	22	1318	1455	10	0	471
328	200	27	22	2051	2266	10	0	475
329	157	269	-17	6177	6554	10	246	0
330	177	404	17	4820	5397	10	0	474
331	202	28	22	3599	3994	10	0	137
332	366	334	-27	1370	2031	10	201	0
333	149	458	13	4646	4785	10	0	655
334	481	454	-21	1184	1500	10	197	0
335	377	385	-16	3406	3644	10	694	0
336	217	207	-25	5222	5958	10	189	0
337	96	346	26	697	905	10	0	161
338	224	320	-17	5066	5323	10	181	0
339	206	97	-24	1757	1947	10	432	0
340	438	127	-13	3576	4071	10	761	0
341	494	468	31	1211	1728	10	0	352
342	494	165	19	2354	2600	10	0	636
343	5	281	-18	5405	5687	10	345	0
344	441	60	-30	5660	6130	10	948	0
345	14	232	18	1057	1504	10	0	343
346	288	439	16	1020	1287	10	0	110
347	420	224	10	1470	2082	10	0	567
348	267	162	-10	5691	6022	10	603	0
349	195	273	22	62	414	10	0	892
350	233	230	20	26	422	10	0	295
351	382	360	26	649	895	10	0	972
352	406	460	-31	2792	3081	10	341	0
353	499	316	18	2331	2763	10	0	468
354	246	407	12	1060	1553	10	0	260
355	283	454	-12	4949	5291	10	389	0
356	426	231	-18	3917	4431	10	139	0
357	432	2	-3	1755	2097	10	274	0
358	404	439	3	862	1168	10	0	164
359	397	477	-23	4722	5124	10	958	0
360	44	140	11	3458	3608	10	0	390
361	330	138	18	4134	4862	10	0	965
362	39	153	-28	3008	3494	10	239	0
363	397	153	-21	3528	3651	10	797	0
364	226	316	21	183	378	10	0	307
365	354	156	20	3268	3511	10	0	990
366	201	66	14	4572	4882	10	0	830
367	389	156	27	2770	3075	10	0	463
368	134	211	-35	477	607	10	816	0
369	386	154	-15	4366	4561	10	937	0
370	335	99	-15	4736	5131	10	744	0
371	356	256	19	238	611	10	0	812
372	240	362	-10	5476	5954	10	315	0
373	412	100	-5	2053	2174	10	500	0
374	394	322	-18	4044	4275	10	993	0
375	48	150	15	2544	2816	10	0	53
376	225	121	-21	2824	3164	10	215	0
377	102	422	23	873	1057	10	0	729
378	339	41	-10	1536	2229	10	598	0
379	440	201	-7	3434	3827	10	403	0
380	411	379	25	4599	5068	0	0	1002
381	219	210	14	50	558	10	0	104
382	250	441	-12	2729	3436	10	413	0
383	210	29	-7	4053	4473	10	818	0
384	178	302	19	3351	3861	10	0	213
385	148	208	-16	2002	2329	10	59	0
386	225	369	38	278	694	10	0	508
387	16	287	12	923	1363	10	0	811
388	450	416	25	2310	2425	10	0	200
389	287	397	12	2163	2472	10	0	355
390	285	247	-11	4996	5322	10	360	0
391	351	481	10	1260	1434	10	0	578
392	243	408	15	5589	6001	10	0	281
393	137	377	23	364	995	10	0	575
394	33	152	-26	5034	5646	10	232	0
395	68	303	-20	940	950	10	469	0
396	456	113	17	4708	5230	10	0	178
397	134	276	15	390	795	10	0	649
398	26	221	-16	3845	4246	10	899	0
399	79	257	-1	3592	4153	10	89	0
400	181	185	19	6338	6693	0	0	1003
401	104	349	20	3817	4376	10	0	464
402	267	174	-36	6442	6623	10	695	0
403	475	267	7	2950	3407	10	0	379
404	385	239	21	2980	3425	10	0	511
405	95	382	19	746	1223	10	0	106
406	67	190	25	4673	4834	10	0	302
407	32	94	14	3591	3971	10	0	922
408	401	164	13	2427	2663	10	0	857
409	376	113	8	2039	2194	10	0	862
410	409	255	-26	5941	6358	10	35	0
411	228	260	-20	6314	6651	10	506	0
412	363	34	-13	1117	1181	10	792	0
413	274	441	12	2660	3016	10	0	382
414	146	188	-1	4895	5105	10	140	0
415	212	186	-19	6799	7094	10	913	0
416	432	66	-15	4318	4371	10	256	0
417	83	300	26	1936	2181	10	0	278
418	51	89	-24	4664	5122	10	17	0
419	379	486	-19	2652	2841	10	282	0
420	440	284	-13	3339	3595	10	703	0
421	175	239	-8	132	475	10	547	0
422	282	1	-25	4131	4328	10	204	0
423	268	113	21	2517	3041	10	0	841
424	480	131	5	2516	3105	10	0	894
425	429	67	-2	2850	3128	10	770	0
426	162	301	-38	6343	6681	10	255	0
427	281	96	1	4248	4878	10	0	27
428	495	199	25	1319	1495	10	0	206
429	372	115	13	1354	1676	10	0	169
430	396	83	-24	6325	6487	10	119	0
431	239	486	-22	5913	6063	10	691	0
432	288	70	24	607	945	10	0	339
433	66	163	6	1419	1865	10	0	62
434	470	417	-25	2998	3017	10	18	0
435	226	423	15	451	1245	10	0	976
436	342	319	36	260	661	10	0	927
437	174	122	14	2182	2685	10	0	95
438	49	353	-27	5756	5932	10	771	0
439	448	495	-30	1363	1825	10	251	0
440	13	465	-32	2900	3408	10	458	0
441	489	159	29	5699	5843	10	0	886
442	311	203	15	2863	3037	10	0	528
443	480	119	-16	2460	2688	10	776	0
444	442	153	29	4640	4990	10	0	881
445	148	462	10	2776	3159	10	0	861
446	233	87	18	909	1232	10	0	784
447	323	34	-16	5209	5430	10	697	0
448	84	377	10	3510	4021	10	0	780
449	292	32	14	833	1120	10	0	647
450	418	75	11	1770	1934	10	0	856
451	451	305	13	582	1085	10	0	885
452	225	269	-44	4864	5422	10	237	0
453	272	420	-8	5502	5705	10	218	0
454	318	280	21	98	496	10	0	513
455	250	57	26	2821	3285	10	0	617
456	77	372	19	653	1040	10	0	208
457	385	58	-30	1488	1870	10	632	0
458	44	496	32	1429	1905	10	0	440
459	460	328	13	855	1018	10	0	151
460	67	24	-17	3996	4272	10	591	0
461	91	27	-12	4560	5013	10	718	0
462	360	284	-15	2604	2849	10	132	0
463	82	183	-27	4254	4679	10	367	0
464	153	362	-20	4397	5012	10	401	0
465	52	412	-36	5351	6016	10	635	0
466	32	191	-24	2270	2540	10	674	0
467	325	147	14	4540	5074	10	0	230
468	328	458	-18	2943	3320	10	353	0
469	133	273	20	254	699	10	0	395
470	147	30	26	4300	4689	10	0	326
471	131	246	-22	3184	3592	10	327	0
472	433	319	-15	5506	5624	10	942	0
473	168	59	6	1372	1676	10	0	44
474	218	403	-17	5087	5586	10	330	0
475	295	89	-22	2866	3189	10	328	0
476	118	314	26	1233	1587	10	0	20
477	251	63	14	3846	4173	10	0	324
478	388	44	22	4188	4979	0	0	1008
479	381	328	-31	2726	3132	10	584	0
480	132	32	-11	3002	3393	10	236	0
481	334	403	26	329	1067	10	0	543
482	83	290	14	2236	2744	10	0	103
483	411	396	23	3628	3853	10	0	577
484	243	402	13	1554	1807	10	0	494
485	52	18	28	3308	3668	10	0	967
486	265	0	-17	3294	3994	10	224	0
487	268	288	-4	4753	5502	10	725	0
488	476	61	-19	1646	2064	10	739	0
489	283	438	3	806	1165	10	0	766
490	191	215	17	95	453	10	0	581
491	253	50	-12	831	1094	10	67	0
492	71	282	-14	2305	2948	10	668	0
493	297	304	4	71	618	10	0	722
494	244	368	-13	1581	1852	10	484	0
495	80	279	-4	4535	4847	10	992	0
496	488	96	22	4114	4535	10	0	78
497	142	30	32	4903	5184	10	0	267
498	68	240	-25	3117	3358	10	293	0
499	193	138	-33	2321	3086	10	306	0
500	451	62	5	1054	1324	10	0	373
501	138	406	-14	4826	5021	10	1	0
502	306	42	11	1889	2045	10	0	138
503	247	219	17	31	445	10	0	114
504	98	29	-16	4212	4281	10	628	0
505	102	6	3	5764	6024	10	0	305
506	142	360	20	5914	6462	10	0	411
507	172	24	-20	5691	6046	10	83	0
508	352	241	-38	3003	3456	10	386	0
509	486	324	15	3113	3164	10	0	730
510	133	455	25	3035	3548	10	0	741
511	440	292	-21	3648	3993	10	404	0
512	364	173	-19	707	854	10	803	0
513	442	289	-21	530	1117	10	454	0
514	48	412	7	4028	4349	10	0	618
515	344	70	24	4481	4804	10	0	652
516	78	406	15	3713	4091	10	0	916
517	329	456	19	920	1192	10	0	221
518	157	38	3	4009	4494	10	0	243
519	374	260	-23	6952	7366	10	658	0
520	297	283	-22	5268	5647	10	207	0
521	210	113	-23	2620	3021	10	193	0
522	215	434	9	770	891	10	0	569
523	262	92	-18	2421	2742	10	672	0
524	140	108	-11	4146	4543	10	558	0
525	235	108	-15	4139	4618	10	526	0
526	210	133	15	2424	3204	10	0	525
527	25	53	-25	4091	4190	10	80	0
528	339	113	-15	3064	3140	10	442	0
529	394	310	-14	4290	4618	10	82	0
530	126	391	19	992	1310	10	0	54
531	343	34	-22	2721	3197	10	908	0
532	354	416	10	2597	2957	10	0	727
533	202	391	-26	2243	2866	10	323	0
534	367	97	-37	3856	4167	10	308	0
535	188	151	-28	5053	5440	10	712	0
536	111	178	18	483	769	10	0	709
537	456	157	-33	5627	6134	10	79	0
538	441	7	-9	1334	1918	10	820	0
539	270	337	-22	6973	7410	10	750	0
540	323	29	-20	4238	4981	10	971	0
541	200	78	31	3954	4108	10	0	670
542	330	281	-8	5198	5566	10	808	0
543	438	488	-26	1140	1598	10	481	0
544	161	416	-11	3933	4277	10	627	0
545	30	97	-18	4680	5121	10	634	0
546	273	70	-15	2294	2780	10	113	0
547	214	245	8	36	754	10	0	421
548	221	291	9	58	430	10	0	192
549	79	467	-46	1320	1612	10	599	0
550	423	315	12	640	921	10	0	693
551	395	474	26	1431	1785	10	0	956
552	481	207	34	3112	3856	10	0	289
553	199	203	-11	5848	5930	10	5	0
554	497	483	12	1277	1671	10	0	252
555	449	428	-18	4832	5263	10	840	0
556	100	266	5	1700	2178	10	0	823
557	214	274	-13	5303	5770	10	595	0
558	16	68	11	1070	1302	10	0	524
559	475	198	-23	3184	3617	10	592	0
560	371	427	-10	3634	4152	10	24	0
561	62	375	16	1316	1594	10	0	242
562	163	472	-10	2460	2888	10	752	0
563	13	314	14	861	1210	10	0	997
564	376	385	12	630	847	10	0	162
565	231	29	14	4956	4974	10	0	100
566	89	358	-28	5016	5082	10	980	0
567	331	356	-10	2666	3148	10	347	0
568	365	190	22	5762	6178	10	0	870
569	256	441	-9	613	915	10	522	0
570	120	37	28	2919	3404	10	0	650
571	349	43	26	634	1202	10	0	847
572	230	487	-13	4375	4781	10	740	0
573	489	457	-34	1252	1399	10	250	0
574	341	72	9	3025	3533	10	0	903
575	181	441	-23	2067	2388	10	393	0
576	306	229	-24	5176	5507	10	814	0
577	492	326	-23	4625	5127	10	483	0
578	347	459	-10	1688	2268	10	391	0
579	66	88	2	3093	3665	10	0	896
580	272	234	-10	6359	6484	10	14	0
581	134	194	-17	6481	6852	10	490	0
582	320	211	-24	3804	4257	10	684	0
583	214	311	14	70	549	10	0	924
584	489	274	31	2114	2276	10	0	479
585	231	410	-11	4836	5176	10	265	0
586	432	199	-15	2418	2811	10	73	0
587	29	358	23	2328	2678	10	0	735
588	62	236	-5	2234	2349	10	76	0
589	333	163	-20	4769	5273	10	150	0
590	364	71	-30	5247	5661	10	645	0
591	125	65	17	3014	3414	10	0	460
592	429	476	23	2236	2470	10	0	559
593	161	275	21	5304	5590	10	0	944
594	365	274	14	166	774	10	0	720
595	117	110	13	3819	4131	10	0	557
596	166	345	-17	4568	4591	10	835	0
597	345	146	-13	5702	5930	10	157	0
598	324	99	10	1314	1510	10	0	378
599	72	477	46	900	1408	10	0	549
600	487	320	-10	3291	3690	10	276	0
601	120	17	30	876	1477	10	0	906
602	1	252	-23	929	1393	10	120	0
603	303	186	10	5209	5744	10	0	348
604	428	302	27	3907	4341	10	0	127
605	264	135	-23	3219	3937	10	29	0
606	223	178	20	4496	4715	10	0	839
607	174	347	-22	4044	4193	10	910	0
608	238	123	24	2889	3480	10	0	824
609	187	61	19	2046	2433	10	0	48
610	52	303	-12	1640	2009	10	1000	0
611	89	185	-21	2282	2637	10	996	0
612	341	59	-9	3117	3322	10	319	0
613	89	65	16	2758	3125	10	0	656
614	495	355	-17	4907	5159	10	198	0
615	368	452	16	2692	2788	10	0	716
616	164	473	-17	1055	1435	10	111	0
617	171	34	-26	4373	4892	10	455	0
618	114	460	-7	4301	4506	10	514	0
619	224	3	10	2642	3001	10	0	860
620	472	57	17	5161	5318	10	0	98
621	448	404	-1	2302	2610	10	747	0
622	390	120	-24	3855	4298	10	852	0
623	386	225	-12	3535	3934	10	863	0
624	301	239	31	52	819	10	0	798
625	115	296	-2	5934	6417	10	933	0
626	69	266	12	2858	3328	10	0	126
627	115	395	11	3160	3482	10	0	544
628	68	53	16	2851	3178	10	0	504
629	33	268	18	2750	2936	10	0	869
630	450	45	24	1988	2160	10	0	794
631	351	5	-26	1808	2280	10	828	0
632	351	148	30	1711	2098	10	0	457
633	80	458	30	1430	1654	10	0	88
634	60	5	18	3946	4524	10	0	545
635	10	407	36	1649	1947	10	0	465
636	497	18	-19	4436	4724	10	342	0
637	437	98	-15	4309	4720	10	952	0
638	130	494	-35	2847	3344	10	36	0
639	391	202	14	304	887	10	0	75
640	43	210	20	756	931	10	0	955
641	381	457	28	1650	2236	10	0	950
642	449	190	-28	4504	4735	10	233	0
643	429	169	-23	3361	3981	10	817	0
644	105	140	-37	394	1063	10	934	0
645	282	10	30	5017	5196	10	0	590
646	20	480	-27	2134	2548	10	194	0
647	61	170	-14	3935	4232	10	449	0
648	210	81	2	1548	1765	10	0	167
649	87	311	-15	671	721	10	397	0
650	309	29	-28	5191	5280	10	570	0
651	397	57	-9	5903	6024	10	898	0
652	337	232	-24	6227	6458	10	515	0
653	262	369	-9	517	638	10	849	0
654	41	232	-21	629	1134	10	953	0
655	69	414	-13	4835	5392	10	333	0
656	149	98	-16	4582	4858	10	613	0
657	207	487	4	2679	2955	10	0	895
658	366	260	23	5965	6316	10	0	519
659	497	54	-17	3841	4104	10	717	0
660	210	379	-12	2640	3150	10	983	0
661	437	19	-9	3990	4241	10	834	0
662	181	260	23	69	503	10	0	759
663	125	61	-21	2316	2698	10	666	0
664	368	311	-21	3563	3966	10	219	0
665	80	400	10	5662	6028	10	0	667
666	75	118	21	1408	1984	10	0	663
667	171	303	-10	6375	6459	10	665	0
668	80	251	14	1037	1512	10	0	492
669	455	168	21	3385	3669	10	0	682
670	215	129	-31	4302	4766	10	541	0
671	179	318	-12	4372	4713	10	855	0
672	187	73	18	1199	1258	10	0	523
673	394	47	5	1075	1548	10	0	15
674	31	175	24	832	1260	10	0	466
675	339	144	13	4168	4743	10	0	949
676	492	34	5	3006	3598	10	0	65
677	387	349	9	282	1070	10	0	904
678	142	372	18	455	848	10	0	914
679	291	213	23	4908	5274	10	0	50
680	421	387	15	3120	3409	10	0	247
681	274	403	-15	3179	4040	10	261	0
682	434	359	-21	5371	5886	10	669	0
683	257	57	18	4678	5250	10	0	723
684	428	202	24	3502	3849	10	0	582
685	355	174	33	2816	3026	10	0	190
686	46	389	22	908	1266	10	0	93
687	44	440	24	2930	3500	10	0	973
688	491	369	-7	2763	3194	10	128	0
689	33	286	-32	6235	6253	10	266	0
690	351	128	-11	4910	5236	10	998	0
691	485	428	22	5734	6306	10	0	431
692	273	149	-31	6026	6116	10	915	0
693	447	184	-12	1658	1857	10	550	0
694	386	245	16	1959	1993	10	0	335
695	323	77	36	5468	5892	10	0	402
696	21	70	15	2968	3321	10	0	796
697	9	101	16	2497	2952	10	0	447
698	71	304	19	2563	3070	10	0	714
699	43	360	-6	3367	3435	10	231	0
700	396	417	-17	3102	3499	10	846	0
701	158	24	-14	2322	2688	10	238	0
702	164	320	12	4241	4636	10	0	130
703	195	386	13	383	790	10	0	420
704	306	235	25	146	317	10	0	800
705	66	314	26	684	875	10	0	736
706	95	64	-12	2969	3279	10	851	0
707	348	348	23	3655	3942	10	0	9
708	495	83	-19	1759	1888	10	25	0
709	61	214	-18	1210	1643	10	536	0
710	240	240	-18	6749	6967	10	57	0
711	140	137	32	1964	2713	10	0	842
712	242	106	28	4875	5392	10	0	535
713	392	491	-33	4398	4784	10	837	0
714	342	481	-19	5793	5848	10	698	0
715	478	300	-29	3339	3897	10	755	0
716	299	285	-16	4791	5360	10	615	0
717	481	84	17	1875	2290	10	0	659
718	271	128	12	1124	1760	10	0	461
719	484	224	7	1143	1373	10	0	262
720	441	177	-14	3780	4350	10	594	0
721	46	163	-31	3504	4024	10	145	0
722	493	493	-4	3139	3832	10	493	0
723	253	74	-18	5305	5616	10	683	0
724	390	34	-13	4211	4392	10	64	0
725	374	306	4	3967	4106	10	0	487
726	436	295	-22	2037	2309	10	4	0
727	371	315	-10	4659	4787	10	532	0
728	27	464	-17	4945	5504	10	806	0
729	3	471	-23	2649	3157	10	377	0
730	418	269	-15	4771	4987	10	509	0
731	90	477	18	858	1363	10	0	876
732	141	426	23	1980	2392	10	0	212
733	418	251	-35	4564	5131	10	254	0
734	57	183	-30	4387	4536	10	754	0
735	29	462	-23	5144	5453	10	587	0
736	55	318	-26	948	1668	10	705	0
737	18	24	-22	2375	2771	10	826	0
738	263	153	12	1455	1965	10	0	943
739	289	220	19	49	466	10	0	488
740	84	255	13	1043	1333	10	0	572
741	159	299	-25	4023	4222	10	510	0
742	485	104	-14	3066	3409	10	793	0
743	178	135	-12	6093	6137	10	774	0
744	389	255	15	3085	3317	10	0	370
745	457	280	-29	3988	4130	10	772	0
746	171	24	-15	5447	5740	10	166	0
747	330	371	1	2102	2486	10	0	621
748	10	237	-31	2352	2699	10	866	0
749	458	213	-12	4431	4715	10	94	0
750	257	391	22	6347	6838	10	0	539
751	482	184	-14	4289	4686	10	234	0
752	222	331	10	1892	2545	10	0	562
753	332	5	14	4113	4270	10	0	165
754	47	208	30	763	1169	10	0	734
755	489	437	29	2717	3058	10	0	715
756	165	59	27	3702	3961	10	0	981
757	211	446	15	4418	4689	10	0	87
758	225	488	-33	2375	2829	10	984	0
759	355	485	-23	5705	6247	10	662	0
760	441	374	10	714	1192	10	0	195
761	399	175	13	2892	3204	10	0	340
762	103	464	22	4953	5350	10	0	177
763	244	13	-8	4089	4135	10	51	0
764	51	360	-21	4533	4743	10	790	0
765	44	115	24	935	1035	10	0	932
766	312	453	-3	2034	2483	10	489	0
767	64	198	-8	4198	4630	10	222	0
768	67	451	-18	4878	4966	10	291	0
769	371	71	21	1106	1308	10	0	853
770	439	156	2	2015	2312	10	0	425
771	105	474	27	1765	2121	10	0	438
772	366	288	29	2747	2842	10	0	745
773	415	207	18	3421	3899	10	0	270
774	58	39	12	4430	4993	10	0	743
775	197	202	-3	4742	5008	10	845	0
776	442	5	16	1315	1367	10	0	443
777	71	12	2	880	1583	10	0	117
778	74	215	10	823	1127	10	0	277
779	347	192	-6	5841	6185	10	244	0
780	178	420	-10	4262	4429	10	448	0
781	186	135	-7	2883	2978	10	283	0
782	176	199	28	272	447	10	0	991
783	438	5	18	1961	2552	10	0	877
784	150	68	-18	1631	1872	10	446	0
785	185	434	-18	2179	2529	10	155	0
786	215	79	5	759	1150	10	0	107
787	177	486	-15	6360	6538	10	211	0
788	49	437	7	1427	2112	10	0	810
789	100	66	-22	5439	5879	10	84	0
790	35	344	21	3286	3738	10	0	764
791	433	447	20	3082	3392	10	0	86
792	372	97	13	729	1101	10	0	412
793	344	203	14	542	916	10	0	742
794	423	170	-24	1973	2251	10	630	0
795	171	188	30	2357	2727	10	0	275
796	64	5	-15	4318	4833	10	696	0
797	371	163	21	3193	3550	10	0	363
798	398	210	-31	338	888	10	624	0
799	48	437	-16	3056	3493	10	321	0
800	392	1	-25	2172	2790	10	704	0
801	195	464	20	5989	6462	0	0	1006
802	211	248	26	39	414	10	0	60
803	293	228	19	53	334	10	0	512
804	23	235	43	4029	4278	10	0	859
805	213	185	21	113	485	10	0	240
806	172	292	17	239	616	10	0	728
807	228	287	21	43	471	10	0	887
808	387	394	8	4304	4597	10	0	542
809	374	232	-36	280	722	10	220	0
810	48	366	-7	2894	3170	10	788	0
811	44	311	-12	1650	1730	10	387	0
812	447	272	-19	1463	1728	10	371	0
813	132	477	25	1136	1602	10	0	56
814	80	117	24	3237	3476	10	0	576
815	11	403	-22	1286	1577	10	235	0
816	144	220	35	279	602	10	0	368
817	473	491	23	1629	1798	10	0	643
818	210	219	7	60	345	10	0	383
819	452	484	-17	4907	5440	10	33	0
820	365	28	9	1052	1214	10	0	538
821	498	456	27	5456	5912	10	0	854
822	84	453	19	4815	5089	10	0	907
823	91	427	-5	3374	3806	10	556	0
824	178	72	-24	2840	3335	10	608	0
825	409	155	-20	565	917	10	921	0
826	132	151	22	298	934	10	0	737
827	136	430	14	2667	3134	10	0	46
828	292	104	26	1160	1392	10	0	631
829	443	167	17	1993	2472	10	0	91
830	321	149	-14	5428	6088	10	366	0
831	235	13	27	1303	1687	10	0	309
832	166	440	12	625	1036	10	0	228
833	112	433	29	750	1250	10	0	175
834	452	172	9	2366	2620	10	0	661
835	37	281	17	1722	2343	10	0	596
836	414	378	23	1912	2167	10	0	121
837	475	352	33	1211	1388	10	0	713
838	400	71	-19	5475	5621	10	63	0
839	286	244	-20	5063	5329	10	606	0
840	429	389	18	1622	1891	10	0	555
841	92	76	-21	4567	4665	10	423	0
842	124	111	-32	3185	3250	10	711	0
843	268	458	24	2050	2254	10	0	945
844	352	63	-9	4566	4979	10	68	0
845	49	118	3	4270	4422	10	0	775
846	398	329	17	577	765	10	0	700
847	382	9	-26	918	1377	10	571	0
848	229	322	-18	6461	6942	10	96	0
849	279	355	9	327	1124	10	0	653
850	266	221	9	33	443	10	0	32
851	142	80	12	1874	2183	10	0	706
852	359	287	24	132	788	10	0	622
853	482	104	-21	3111	3468	10	769	0
854	284	457	-27	5775	6333	10	821	0
855	64	294	12	4182	4748	10	0	671
856	404	59	-11	3559	3864	10	450	0
857	68	160	-13	4404	4803	10	408	0
858	211	411	15	4496	4796	10	0	196
859	30	155	-43	5044	5320	10	804	0
860	240	34	-10	6135	6462	10	619	0
861	107	374	-10	3485	3949	10	445	0
862	404	140	-8	4972	5217	10	409	0
863	436	467	12	2869	3140	10	0	623
864	421	386	29	3190	3525	10	0	23
865	182	480	-32	1310	1728	10	271	0
866	9	233	31	1072	1498	10	0	748
867	110	251	23	1847	2254	10	0	875
868	19	38	15	3277	3621	10	0	891
869	46	248	-18	3179	3452	10	629	0
870	308	199	-22	5953	6233	10	568	0
871	423	221	9	1020	1167	10	0	314
872	313	391	5	397	919	10	0	268
873	413	345	-15	4863	5002	10	313	0
874	278	450	-15	5345	5774	10	214	0
875	94	497	-23	2946	3431	10	867	0
876	7	382	-18	2895	3388	10	731	0
877	493	111	-18	1970	2479	10	783	0
878	392	87	-8	4565	5016	10	297	0
879	13	394	-21	1452	1649	10	284	0
880	259	301	25	195	716	10	0	203
881	351	233	-29	5530	5972	10	444	0
882	313	493	-33	4670	4994	10	974	0
883	65	62	15	3646	4285	10	0	294
884	417	212	-9	3547	3855	10	940	0
885	450	194	-13	2340	2778	10	451	0
886	470	138	-29	5275	5961	10	441	0
887	190	267	-21	6849	7300	10	807	0
888	248	214	-18	5623	6330	10	311	0
889	50	383	20	865	1335	10	0	272
890	244	422	14	2013	2409	10	0	249
891	60	29	-15	5292	5729	10	868	0
892	5	445	-22	1151	1456	10	349	0
893	490	276	33	973	1049	10	0	975
894	441	100	-5	3239	3868	10	424	0
895	162	388	-4	4374	4754	10	657	0
896	244	277	-2	5159	5372	10	579	0
897	406	408	-8	5712	6057	10	988	0
898	265	240	9	18	429	10	0	651
899	130	186	16	472	698	10	0	398
900	382	110	-24	4308	4712	10	40	0
901	142	14	18	3115	3686	10	0	300
902	352	487	-25	3300	4034	10	183	0
903	307	52	-9	3530	3954	10	574	0
904	418	399	-9	1678	1943	10	677	0
905	196	56	-12	2369	2626	10	960	0
906	66	31	-30	4124	4384	10	601	0
907	90	496	-19	5371	5912	10	822	0
908	480	136	22	731	1322	10	0	531
909	65	82	-22	2807	3230	10	182	0
910	48	293	22	1150	1177	10	0	607
911	105	181	-20	5981	6388	10	304	0
912	215	282	-10	5644	5999	10	19	0
913	257	133	19	3361	3657	10	0	415
914	77	465	-18	932	1276	10	678	0
915	43	135	31	629	1266	10	0	692
916	27	444	-15	4069	4693	10	516	0
917	357	290	24	150	764	10	0	97
918	38	15	-27	4195	4654	10	970	0
919	80	337	-11	4315	4758	10	71	0
920	36	451	-19	3293	3938	10	941	0
921	291	251	20	41	662	10	0	825
922	195	111	-14	3971	4133	10	407	0
923	383	17	-14	3563	4080	10	26	0
924	53	466	-14	1186	1615	10	583	0
925	114	102	21	1849	2330	10	0	118
926	350	199	21	4761	4970	10	0	287
927	405	349	-36	2119	2179	10	436	0
928	472	248	11	2980	3816	10	0	74
929	333	293	27	2302	2755	10	0	101
930	174	397	-7	4710	5368	10	13	0
931	2	264	-8	2551	2806	10	174	0
932	7	82	-24	1460	1953	10	765	0
933	34	329	2	4120	4345	10	0	625
934	158	179	37	442	487	10	0	644
935	421	499	-19	5226	5657	10	263	0
936	345	431	-35	1270	1610	10	163	0
937	370	262	15	4326	4590	10	0	369
938	77	172	23	2920	3484	10	0	225
939	87	51	-26	1977	2257	10	258	0
940	468	352	9	2964	3301	10	0	884
941	63	420	19	1954	2323	10	0	920
942	347	184	15	4266	4483	10	0	472
943	206	174	-12	2947	3571	10	738	0
944	209	212	-21	5936	6406	10	593	0
945	466	362	-24	4624	4715	10	843	0
946	201	278	13	198	253	10	0	209
947	206	172	-28	2952	3471	10	216	0
948	471	94	30	3862	4249	10	0	344
949	331	134	-13	4364	4745	10	675	0
950	274	261	-28	6843	6933	10	641	0
951	219	215	32	46	710	10	0	133
952	349	76	15	4014	4351	10	0	637
953	86	189	21	798	1136	10	0	654
954	336	493	-8	6006	6057	10	39	0
955	7	194	-20	3632	4099	10	640	0
956	492	335	-26	3249	3497	10	551	0
957	248	386	-24	1321	1825	10	170	0
958	463	406	23	3320	3659	10	0	359
959	199	438	-14	5315	5688	10	149	0
960	135	30	12	1572	2343	10	0	905
961	447	267	19	3716	4240	10	0	69
962	235	33	-13	5322	5494	10	70	0
963	63	155	-3	3782	4056	10	152	0
964	294	421	-23	6057	6666	10	115	0
965	318	99	-18	4654	5168	10	361	0
966	21	146	21	1772	2242	10	0	312
967	30	7	-28	4750	4879	10	485	0
968	410	399	25	722	1268	10	0	61
969	405	187	34	4814	5311	10	0	229
970	109	56	27	754	1165	10	0	918
971	212	47	20	3135	3394	10	0	540
972	479	387	-26	1522	1778	10	351	0
973	167	291	-24	6558	6637	10	687	0
974	259	498	33	4123	4596	10	0	882
975	461	182	-33	2429	2722	10	893	0
976	277	428	-15	1876	2167	10	435	0
977	290	328	7	584	686	10	0	85
978	146	313	-5	4580	5103	10	317	0
979	40	304	-2	4389	4888	10	264	0
980	56	268	28	3936	4695	10	0	566
981	104	28	-27	5896	6008	10	756	0
982	370	493	22	2301	2389	10	0	999
983	136	265	12	357	563	10	0	660
984	247	306	33	56	778	10	0	758
985	241	38	16	1789	2584	10	0	253
986	180	162	9	722	786	10	0	41
987	253	118	19	2177	2321	10	0	136
988	413	391	8	902	955	10	0	897
989	380	350	15	3390	3662	10	0	205
990	391	112	-20	3958	4165	10	365	0
991	86	199	-28	873	1470	10	782	0
992	91	326	4	3470	4355	10	0	495
993	287	256	18	37	272	10	0	374
994	203	211	-19	5009	5562	10	241	0
995	79	80	19	5361	5816	10	0	273
996	32	319	21	1582	1742	10	0	611
997	167	445	-14	5515	5902	10	563	0
998	439	237	11	3700	3928	10	0	690
999	373	418	-22	4906	5289	10	982	0
1000	26	342	12	996	1691	10	0	610
1001	62	94	-16	3590	4134	10	45	0
1002	411	379	-25	4599	5068	10	380	0
1003	181	185	-19	6338	6693	10	400	0
1004	436	123	-40	788	1013	10	11	0
1005	48	162	-15	656	1201	10	12	0
1006	195	464	-20	5989	6462	10	801	0
1007	273	255	-18	5796	6260	10	6	0
1008	388	44	-22	4188	4979	10	478	0
