150	200	1
0	150	150	0	0	1206	0	0	0
1	125	168	-9	848	916	10	278	0
2	162	107	10	57	139	10	0	481
3	199	213	-30	522	530	10	461	0
4	61	84	7	281	416	10	0	208
5	125	103	-30	53	89	10	438	0
6	143	101	10	51	91	0	0	624
7	28	141	-20	632	689	10	328	0
8	230	128	-16	376	415	10	527	0
9	55	68	-29	125	222	10	560	0
10	72	180	27	366	409	10	0	500
11	159	41	-20	277	366	10	488	0
12	8	4	29	203	234	10	0	506
13	257	58	10	154	203	10	0	27
14	57	155	20	93	160	10	0	426
15	186	26	-18	538	622	10	272	0
16	231	243	10	123	157	10	0	148
17	247	132	-20	205	279	10	170	0
18	89	61	14	237	300	10	0	561
19	84	231	21	535	584	0	0	628
20	116	240	17	516	564	10	0	537
21	110	79	-20	196	215	10	428	0
22	110	74	30	126	181	10	0	563
23	180	106	19	53	164	10	0	401
24	240	73	20	118	154	10	0	110
25	13	265	20	178	276	10	0	582
26	134	147	20	95	116	10	0	178
27	257	59	-10	178	201	10	13	0
28	160	108	-30	43	155	10	566	0
29	289	130	27	302	387	10	0	584
30	27	255	-10	232	280	10	74	0
31	234	146	-15	329	405	10	440	0
32	69	208	-36	539	654	10	165	0
33	115	196	10	57	104	10	0	580
34	250	228	-2	751	833	10	355	0
35	159	89	-27	787	895	10	533	0
36	105	81	20	82	130	10	0	343
37	149	183	10	33	147	10	0	346
38	159	300	15	150	224	10	0	145
39	47	277	20	163	203	10	0	277
40	209	269	17	428	493	10	0	477
41	212	26	30	189	288	10	0	172
42	14	149	-20	136	250	10	75	0
43	74	117	-10	771	867	10	80	0
44	140	140	30	18	33	10	0	354
45	152	241	-10	647	725	10	107	0
46	222	83	20	98	180	10	0	324
47	88	124	2	67	157	10	0	92
48	136	68	19	603	616	10	0	549
49	250	124	4	103	193	10	0	393
50	109	299	-18	377	406	10	125	0
51	258	244	10	183	273	10	0	494
52	208	47	6	118	145	10	0	154
53	212	62	20	179	209	10	0	137
54	259	59	-30	173	230	10	254	0
55	150	104	21	80	89	10	0	179
56	77	233	20	129	231	10	0	121
57	212	45	-13	606	682	10	489	0
58	57	125	23	191	261	10	0	78
59	232	121	15	560	624	10	0	87
60	255	132	10	115	219	10	0	282
61	18	184	-10	371	401	10	113	0
62	165	113	20	159	166	0	0	626
63	143	111	20	39	82	10	0	423
64	248	41	11	436	533	10	0	579
65	8	263	30	181	242	10	0	262
66	109	110	20	87	120	10	0	104
67	106	71	-30	110	147	10	383	0
68	259	240	10	233	310	10	0	205
69	38	139	-5	326	378	10	134	0
70	277	41	-20	322	396	10	403	0
71	255	57	-10	140	255	10	577	0
72	9	122	-10	206	256	10	445	0
73	102	76	-20	848	869	10	389	0
74	43	286	10	173	228	10	0	30
75	60	160	20	90	137	10	0	42
76	172	225	13	98	151	10	0	444
77	161	22	-14	185	251	10	505	0
78	88	110	-23	613	684	10	58	0
79	122	127	1	36	63	10	0	497
80	52	63	10	131	238	10	0	43
81	53	141	-19	97	163	10	202	0
82	175	281	-42	629	681	10	465	0
83	265	141	22	115	168	10	0	353
84	250	126	20	192	236	10	0	542
85	147	281	20	255	320	10	0	424
86	255	240	20	184	198	10	0	541
87	188	142	-15	1100	1158	10	59	0
88	154	26	20	124	216	10	0	215
89	59	64	10	167	234	10	0	597
90	114	204	-20	68	168	10	420	0
91	235	242	10	178	207	10	0	136
92	34	150	-2	384	433	10	47	0
93	140	214	24	607	651	10	0	395
94	59	113	16	236	283	10	0	412
95	282	104	-20	261	312	10	301	0
96	145	184	-24	71	120	10	487	0
97	184	277	17	173	260	10	0	377
98	129	77	-22	630	676	10	283	0
99	96	199	-19	1015	1054	10	431	0
100	67	154	-10	170	211	10	331	0
101	2	81	-30	267	292	10	510	0
102	208	208	16	82	183	10	0	307
103	169	173	10	29	113	10	0	149
104	106	108	-20	92	164	10	66	0
105	15	2	5	381	447	10	0	478
106	227	26	-40	145	188	10	167	0
107	147	285	10	237	311	10	0	45
108	141	286	-20	220	295	10	292	0
109	231	70	10	122	196	10	0	351
110	242	73	-20	119	192	10	24	0
111	15	259	-10	652	734	10	467	0
112	93	165	-15	58	130	10	341	0
113	10	198	10	215	282	10	0	61
114	149	294	-20	169	205	10	498	0
115	82	100	-22	563	622	10	310	0
116	256	286	-11	789	830	10	388	0
117	172	2	-24	589	645	10	559	0
118	277	172	-6	202	226	10	394	0
119	73	81	-30	555	587	10	397	0
120	217	69	10	108	148	10	0	139
121	85	224	-20	200	246	10	56	0
122	0	153	-30	213	247	10	524	0
123	147	43	-20	107	164	10	474	0
124	143	288	-18	174	258	10	245	0
125	112	272	18	328	376	10	0	50
126	200	26	10	442	477	10	0	539
127	140	143	20	12	93	10	0	568
128	83	236	10	127	154	10	0	532
129	253	84	-20	386	454	10	407	0
130	53	288	20	193	257	10	0	410
131	256	239	-10	185	219	10	357	0
132	224	79	30	102	164	10	0	206
133	110	107	20	128	246	10	0	198
134	125	136	5	28	130	10	0	69
135	149	76	-30	770	860	10	375	0
136	203	166	-10	979	1031	10	91	0
137	211	61	-20	134	231	10	53	0
138	107	103	-10	150	174	10	419	0
139	262	62	-10	234	267	10	120	0
140	227	80	30	104	157	10	0	281
141	269	103	-20	220	248	10	493	0
142	119	254	42	796	848	0	0	607
143	122	96	19	154	171	10	0	562
144	248	245	10	136	154	10	0	203
145	181	297	-15	150	219	10	38	0
146	65	69	-10	247	292	10	298	0
147	16	151	20	134	221	10	0	223
148	254	206	-10	613	659	10	16	0
149	167	176	-10	43	108	10	103	0
150	280	172	-30	145	257	10	409	0
151	285	285	-22	666	765	10	338	0
152	149	282	10	132	201	10	0	529
153	277	100	-10	136	206	10	396	0
154	223	23	-6	153	193	10	52	0
155	25	191	-10	211	278	10	387	0
156	266	212	-15	324	371	10	204	0
157	272	183	12	682	761	10	0	185
158	135	251	-10	463	535	10	296	0
159	11	191	-30	690	792	10	511	0
160	25	119	17	154	212	10	0	380
161	215	68	10	104	167	10	0	471
162	137	104	-20	134	174	10	427	0
163	113	202	10	63	183	10	0	386
164	160	24	-20	181	231	10	213	0
165	51	217	36	254	315	10	0	32
166	14	177	17	138	228	10	0	422
167	225	22	40	148	199	10	0	106
168	194	234	7	94	159	10	0	508
169	262	14	21	648	779	10	0	285
170	259	126	20	142	227	10	0	17
171	214	234	-11	737	753	10	196	0
172	216	23	-30	170	254	10	41	0
173	111	110	10	63	121	10	0	188
174	145	182	10	71	186	10	0	252
175	51	2	-10	206	258	10	552	0
176	30	243	-10	266	336	10	540	0
177	186	228	-20	407	449	10	256	0
178	132	146	-20	41	145	10	26	0
179	176	72	-21	567	612	10	55	0
180	108	3	-10	677	695	10	398	0
181	216	62	20	135	181	10	0	514
182	271	106	22	570	635	10	0	250
183	140	290	20	204	282	10	0	392
184	64	59	30	125	161	10	0	189
185	206	157	-12	903	948	10	157	0
186	66	157	-40	161	194	10	340	0
187	132	297	40	155	203	10	0	525
188	109	105	-10	166	183	10	173	0
189	64	55	-30	128	222	10	184	0
190	173	64	-21	573	601	10	311	0
191	213	65	20	172	243	10	0	581
192	17	205	20	143	241	10	0	306
193	224	229	16	321	392	0	0	614
194	78	236	10	130	203	10	0	585
195	274	6	41	488	581	10	0	595
196	207	237	11	487	518	10	0	171
197	161	26	10	189	275	10	0	571
198	119	104	-20	168	245	10	133	0
199	169	171	30	28	107	0	0	609
200	296	235	-20	553	597	10	269	0
201	220	74	20	214	220	10	0	249
202	109	148	19	44	61	10	0	81
203	212	270	-10	585	629	10	144	0
204	265	197	15	312	361	10	0	156
205	174	238	-10	1013	1063	10	68	0
206	223	74	-30	164	243	10	132	0
207	47	203	29	635	735	10	0	457
208	69	90	-7	740	842	10	4	0
209	33	231	-20	751	769	10	492	0
210	8	265	20	182	276	10	0	233
211	136	144	10	42	94	10	0	526
212	286	175	10	140	205	10	0	280
213	151	30	20	120	159	10	0	164
214	150	184	20	53	64	10	0	453
215	157	25	-20	171	215	10	88	0
216	131	78	-9	573	613	10	442	0
217	232	240	-30	196	286	10	548	0
218	53	285	10	202	275	10	0	374
219	278	176	20	206	251	10	0	432
220	225	192	-5	548	575	10	557	0
221	115	197	-22	100	170	10	418	0
222	167	179	20	65	113	10	0	224
223	6	168	-20	738	780	10	147	0
224	163	180	-20	59	171	10	222	0
225	135	210	-10	887	947	10	482	0
226	277	104	20	135	169	10	0	242
227	262	241	20	222	294	10	0	447
228	162	148	-8	727	804	10	573	0
229	61	138	-46	648	667	10	544	0
230	117	155	-14	978	1067	10	287	0
231	126	127	40	33	74	10	0	553
232	157	221	10	381	471	10	0	558
233	19	290	-20	380	425	10	210	0
234	65	156	10	144	188	10	0	244
235	159	177	-20	109	151	10	297	0
236	12	10	22	412	456	10	0	499
237	67	175	3	262	320	0	0	620
238	78	232	-20	142	240	10	325	0
239	201	175	10	642	774	0	0	613
240	249	133	10	104	120	10	0	400
241	139	110	-12	854	894	10	319	0
242	252	128	-20	169	235	10	226	0
243	57	123	19	135	226	0	0	615
244	71	154	-10	174	235	10	234	0
245	157	276	18	126	164	10	0	124
246	111	98	16	260	312	0	0	621
247	221	70	10	120	239	10	0	515
248	70	57	-20	204	256	10	330	0
249	236	108	-20	842	959	10	201	0
250	268	113	-22	828	888	10	182	0
251	40	1	-10	430	498	10	413	0
252	106	243	-10	158	247	10	174	0
253	37	126	-11	142	195	10	293	0
254	259	58	30	187	237	10	0	54
255	167	193	29	1003	1072	0	0	606
256	168	204	20	56	152	10	0	177
257	72	286	17	385	450	10	0	554
258	254	240	-10	147	212	10	365	0
259	241	183	-34	817	900	10	300	0
260	75	191	-21	85	158	10	416	0
261	26	27	-16	843	926	10	312	0
262	12	270	-30	218	298	10	65	0
263	81	238	-20	111	246	10	521	0
264	140	294	18	378	470	10	0	534
265	11	242	16	491	573	10	0	369
266	224	77	-4	103	199	10	348	0
267	166	123	14	31	109	10	0	352
268	92	241	-20	761	802	10	470	0
269	280	180	20	133	171	10	0	200
270	151	113	-30	355	367	10	379	0
271	65	49	20	141	236	10	0	528
272	203	36	18	385	440	10	0	15
273	129	83	15	621	653	0	0	625
274	38	74	16	143	187	10	0	486
275	166	105	-10	82	142	10	547	0
276	129	98	20	123	154	10	0	518
277	30	226	-20	938	967	10	39	0
278	15	178	9	772	793	10	0	1
279	108	298	17	873	918	10	0	368
280	296	211	-10	164	259	10	212	0
281	236	72	-30	188	226	10	140	0
282	277	177	-10	231	269	10	60	0
283	99	73	22	92	158	10	0	98
284	166	113	-10	136	167	10	512	0
285	271	8	-21	768	783	10	169	0
286	228	41	16	809	845	0	0	627
287	80	131	14	296	402	10	0	230
288	284	176	-10	139	181	10	367	0
289	208	117	15	66	129	10	0	327
290	119	183	-17	561	604	10	468	0
291	246	166	18	549	570	10	0	303
292	144	292	20	166	239	10	0	108
293	128	155	11	22	110	10	0	253
294	113	188	-30	300	338	10	446	0
295	155	93	33	126	180	10	0	591
296	161	210	10	61	136	10	0	158
297	168	176	20	31	112	10	0	235
298	60	64	10	164	259	10	0	146
299	165	204	-30	56	156	10	451	0
300	280	158	34	645	681	10	0	259
301	241	71	20	140	166	10	0	95
302	57	68	-10	124	167	10	425	0
303	219	152	-18	955	993	10	291	0
304	72	89	13	553	582	0	0	602
305	85	75	-30	709	773	10	463	0
306	3	205	-20	203	254	10	192	0
307	235	243	-16	149	214	10	102	0
308	12	275	18	504	550	10	0	406
309	76	160	-14	74	167	10	535	0
310	56	116	22	222	268	10	0	115
311	170	53	21	130	224	10	0	190
312	34	5	16	719	782	10	0	261
313	280	175	-20	167	209	10	530	0
314	288	127	-40	707	744	10	504	0
315	103	8	16	640	754	0	0	610
316	229	25	-30	461	556	10	546	0
317	12	198	10	252	269	10	0	513
318	66	54	-12	169	238	10	479	0
319	120	60	12	498	557	10	0	241
320	110	31	15	352	403	10	0	405
321	218	20	-13	156	222	10	373	0
322	226	248	-23	852	883	10	361	0
323	275	100	-10	136	207	10	414	0
324	217	73	-20	206	254	10	46	0
325	88	225	20	97	199	10	0	238
326	123	92	20	83	89	10	0	555
327	293	62	-15	167	227	10	289	0
328	4	149	20	175	254	10	0	7
329	216	25	30	179	270	10	0	531
330	63	59	20	166	289	10	0	248
331	63	155	10	133	175	10	0	100
332	158	140	5	12	60	10	0	441
333	84	236	10	108	200	10	0	429
334	260	58	20	213	234	10	0	475
335	284	244	12	747	756	10	0	578
336	190	181	-19	885	953	10	590	0
337	159	287	-13	374	449	10	430	0
338	285	283	22	535	603	10	0	151
339	65	68	-20	234	283	10	437	0
340	61	157	40	122	161	10	0	186
341	102	173	15	53	84	10	0	112
342	300	44	3	749	794	10	0	472
343	103	78	-20	85	131	10	36	0
344	144	182	30	106	129	10	0	551
345	24	76	23	477	546	10	0	460
346	149	186	-10	36	105	10	37	0
347	165	182	-20	62	142	10	391	0
348	179	123	4	39	136	10	0	266
349	157	84	19	98	133	10	0	359
350	17	209	10	145	172	10	0	484
351	233	119	-10	935	971	10	109	0
352	167	105	-14	93	154	10	267	0
353	238	206	-22	574	601	10	83	0
354	127	101	-30	54	133	10	44	0
355	263	291	2	183	221	10	0	34
356	281	68	-17	490	554	10	593	0
357	251	237	10	133	216	10	0	131
358	108	109	-20	89	142	10	382	0
359	199	28	-19	421	522	10	349	0
360	3	119	8	690	718	0	0	612
361	252	219	23	300	333	10	0	322
362	234	213	15	105	221	10	0	433
363	136	140	10	37	72	10	0	476
364	191	49	12	112	178	10	0	417
365	251	241	10	135	227	10	0	258
366	119	214	-40	595	671	10	567	0
367	275	182	10	129	177	10	0	288
368	103	260	-17	893	925	10	279	0
369	2	238	-16	844	867	10	265	0
370	94	93	-21	870	980	10	565	0
371	158	291	-30	141	227	10	502	0
372	230	248	-26	126	196	10	570	0
373	207	20	13	175	225	10	0	321
374	54	285	-10	224	275	10	218	0
375	160	107	30	44	140	10	0	135
376	59	280	20	249	303	10	0	517
377	208	290	-17	299	342	10	97	0
378	248	280	-33	280	330	10	503	0
379	138	100	30	69	167	10	0	270
380	8	155	-17	206	291	10	160	0
381	208	235	-18	800	875	10	598	0
382	111	112	20	54	138	10	0	358
383	128	94	30	69	133	10	0	67
384	110	262	-23	470	544	10	491	0
385	162	203	30	78	171	10	0	456
386	160	179	-10	752	838	10	163	0
387	16	204	10	158	204	10	0	155
388	239	295	11	729	806	10	0	116
389	157	31	20	241	298	10	0	73
390	147	178	-10	108	178	10	599	0
391	170	174	20	31	86	10	0	347
392	157	254	-20	504	558	10	183	0
393	277	101	-4	136	163	10	49	0
394	283	144	6	133	217	10	0	118
395	156	182	-24	567	659	10	93	0
396	274	97	10	141	250	10	0	153
397	66	56	30	165	267	10	0	119
398	158	27	10	217	294	10	0	180
399	156	26	-10	143	220	10	538	0
400	257	133	-10	128	181	10	240	0
401	264	61	-19	204	273	10	23	0
402	296	279	15	470	555	0	0	605
403	220	66	20	109	191	10	0	70
404	240	71	30	127	201	10	0	576
405	112	43	-15	542	594	10	320	0
406	4	296	-18	818	879	10	308	0
407	222	73	20	141	243	10	0	129
408	209	84	13	336	458	10	0	587
409	250	134	30	101	154	10	0	150
410	59	287	-20	469	554	10	130	0
411	13	202	20	179	212	10	0	516
412	93	117	-16	321	409	10	94	0
413	62	53	10	142	183	10	0	251
414	275	97	10	181	188	10	0	323
415	206	121	-25	721	801	10	449	0
416	107	174	21	49	179	10	0	260
417	224	61	-12	460	517	10	364	0
418	124	174	22	35	73	10	0	221
419	101	110	10	128	157	10	0	138
420	112	201	20	63	152	10	0	90
421	80	86	32	558	672	0	0	617
422	5	189	-17	150	255	10	166	0
423	141	100	-20	82	109	10	63	0
424	165	256	-20	550	653	10	85	0
425	108	113	10	57	98	10	0	302
426	37	159	-20	113	190	10	14	0
427	136	104	20	134	153	10	0	162
428	107	71	20	105	173	10	0	21
429	97	232	-10	910	985	10	333	0
430	127	266	13	118	170	10	0	337
431	14	204	19	571	646	10	0	99
432	278	177	-20	202	277	10	219	0
433	209	246	-15	361	417	10	362	0
434	134	148	20	90	142	10	0	443
435	283	65	-19	436	495	10	466	0
436	108	80	20	163	223	10	0	496
437	55	62	20	164	210	10	0	339
438	141	137	30	15	108	10	0	5
439	224	138	16	904	943	0	0	608
440	163	150	15	13	105	10	0	31
441	213	68	-5	103	210	10	332	0
442	113	62	9	520	557	10	0	216
443	100	138	-20	210	229	10	434	0
444	126	266	-13	470	547	10	76	0
445	10	150	10	140	251	10	0	72
446	137	150	30	102	157	10	0	294
447	258	232	-20	260	319	10	227	0
448	191	234	9	93	110	10	0	536
449	213	119	25	699	789	10	0	415
450	5	195	-20	164	238	10	454	0
451	166	203	30	57	81	10	0	299
452	100	73	20	91	165	0	0	629
453	147	185	-20	44	123	10	214	0
454	60	156	20	104	155	10	0	450
455	239	77	20	115	143	10	0	523
456	163	202	-30	94	178	10	385	0
457	81	219	-29	948	1009	10	207	0
458	155	28	10	132	182	10	0	519
459	160	27	-20	222	265	10	520	0
460	43	62	-23	818	854	10	345	0
461	235	241	30	167	265	10	0	3
462	291	148	-10	633	668	10	556	0
463	64	53	30	159	191	10	0	305
464	168	42	26	604	691	0	0	616
465	183	282	42	446	467	10	0	82
466	289	79	19	382	428	10	0	435
467	1	272	10	203	270	10	0	111
468	87	183	17	503	578	10	0	290
469	234	107	24	331	375	0	0	601
470	52	288	20	174	254	10	0	268
471	236	66	-10	168	213	10	161	0
472	264	35	-3	958	1035	10	342	0
473	233	245	10	126	231	10	0	545
474	144	100	20	50	145	10	0	123
475	260	64	-20	423	473	10	334	0
476	130	96	-10	105	146	10	363	0
477	202	292	-17	877	968	10	40	0
478	7	31	-5	790	826	10	105	0
479	96	86	12	83	150	10	0	318
480	141	102	10	48	111	10	0	543
481	170	93	-10	488	493	10	2	0
482	85	228	10	196	223	10	0	225
483	10	147	20	140	225	10	0	509
484	18	206	-10	143	187	10	350	0
485	164	202	-30	83	211	10	550	0
486	1	81	-16	299	372	10	274	0
487	148	157	24	7	72	10	0	96
488	159	110	20	46	79	10	0	11
489	229	40	13	208	301	10	0	57
490	67	161	10	83	117	10	0	575
491	131	220	23	110	162	10	0	384
492	112	199	20	62	118	10	0	209
493	238	69	20	155	200	10	0	141
494	258	247	-10	198	283	10	51	0
495	205	130	30	943	965	0	0	611
496	109	61	-20	394	430	10	436	0
497	59	67	-1	123	149	10	79	0
498	151	294	20	155	194	10	0	114
499	26	0	-22	471	549	10	236	0
500	45	190	-27	440	479	10	10	0
501	56	212	10	436	539	0	0	623
502	148	288	30	138	247	10	0	371
503	275	263	33	168	218	10	0	378
504	272	97	40	142	272	10	0	314
505	143	67	14	83	152	10	0	77
506	29	8	-29	750	782	10	12	0
507	152	29	10	876	953	0	0	603
508	176	235	-7	88	167	10	168	0
509	30	145	-20	823	900	10	483	0
510	61	70	30	119	207	10	0	101
511	16	196	30	243	307	10	0	159
512	168	108	10	117	156	10	0	284
513	15	209	-10	862	933	10	317	0
514	211	66	-20	212	228	10	181	0
515	256	54	-10	143	233	10	247	0
516	11	207	-20	190	230	10	411	0
517	58	240	-20	750	828	10	376	0
518	131	95	-20	82	147	10	276	0
519	116	14	-10	647	691	10	458	0
520	154	31	20	119	226	10	0	459
521	86	230	20	102	154	10	0	263
522	133	99	20	113	192	0	0	604
523	290	37	-20	806	857	10	455	0
524	9	145	30	170	203	10	0	122
525	140	292	-40	209	253	10	187	0
526	134	146	-10	38	125	10	211	0
527	229	179	16	248	265	10	0	8
528	72	20	-20	653	745	10	271	0
529	149	285	-10	135	180	10	152	0
530	257	137	20	107	212	10	0	313
531	225	73	-30	507	560	10	329	0
532	71	294	-10	536	625	10	128	0
533	156	57	27	645	747	10	0	35
534	177	281	-18	396	486	10	264	0
535	117	168	14	37	138	10	0	309
536	162	250	-9	181	241	10	448	0
537	116	245	-17	545	640	10	20	0
538	153	28	10	122	205	10	0	399
539	176	70	-10	674	700	10	126	0
540	50	285	10	168	245	10	0	176
541	257	243	-20	204	228	10	86	0
542	246	133	-20	229	277	10	84	0
543	140	100	-10	74	138	10	480	0
544	69	134	46	611	667	10	0	229
545	236	248	-10	146	162	10	473	0
546	217	21	30	161	239	10	0	316
547	161	112	10	39	111	10	0	275
548	233	242	30	206	250	10	0	217
549	127	77	-19	811	878	10	48	0
550	155	180	30	30	81	10	0	485
551	144	173	-30	141	177	10	344	0
552	65	56	10	126	195	10	0	175
553	130	102	-40	141	192	10	231	0
554	76	280	-17	467	532	10	257	0
555	110	76	-20	141	189	10	326	0
556	271	101	10	183	259	10	0	462
557	216	203	5	526	586	10	0	220
558	136	241	-10	350	424	10	232	0
559	160	17	24	332	379	10	0	117
560	64	91	29	104	194	10	0	9
561	107	39	-14	303	408	10	18	0
562	106	77	-19	148	212	10	143	0
563	103	93	-30	538	625	10	22	0
564	138	101	20	90	168	10	0	600
565	15	52	21	166	264	10	0	370
566	160	111	30	40	137	10	0	28
567	81	223	40	213	261	10	0	366
568	113	114	-20	51	103	10	127	0
569	162	206	30	98	125	10	0	596
570	203	183	26	79	91	10	0	372
571	113	4	-10	285	326	10	197	0
572	176	263	5	590	660	0	0	622
573	173	72	8	686	715	10	0	228
574	279	189	-10	544	674	10	586	0
575	9	144	-10	193	202	10	490	0
576	266	104	-30	213	281	10	404	0
577	253	57	10	138	203	10	0	71
578	296	252	-12	749	859	10	335	0
579	254	87	-11	1032	1075	10	64	0
580	114	198	-10	60	135	10	33	0
581	220	43	-20	446	453	10	191	0
582	11	265	-20	180	249	10	25	0
583	250	130	10	177	279	0	0	619
584	299	153	-27	386	464	10	29	0
585	133	187	-10	1066	1099	10	194	0
586	246	137	10	96	189	10	0	574
587	238	103	-13	732	743	10	408	0
588	220	182	-30	606	650	10	594	0
589	213	61	20	155	186	0	0	630
590	290	219	19	164	240	10	0	336
591	153	61	-33	265	282	10	295	0
592	55	285	30	254	267	0	0	618
593	276	66	17	151	221	10	0	356
594	236	240	30	173	236	10	0	588
595	244	13	-41	709	767	10	195	0
596	163	200	-30	132	188	10	569	0
597	62	65	-10	226	262	10	89	0
598	189	240	18	98	166	10	0	381
599	145	183	10	72	140	10	0	390
600	140	108	-20	125	214	10	564	0
601	234	107	-24	331	375	10	469	0
602	72	89	-13	553	582	10	304	0
603	152	29	-10	876	953	10	507	0
604	133	99	-20	113	192	10	522	0
605	296	279	-15	470	555	10	402	0
606	167	193	-29	1003	1072	10	255	0
607	119	254	-42	796	848	10	142	0
608	224	138	-16	904	943	10	439	0
609	169	171	-30	28	107	10	199	0
610	103	8	-16	640	754	10	315	0
611	205	130	-30	943	965	10	495	0
612	3	119	-8	690	718	10	360	0
613	201	175	-10	642	774	10	239	0
614	224	229	-16	321	392	10	193	0
615	57	123	-19	135	226	10	243	0
616	168	42	-26	604	691	10	464	0
617	80	86	-32	558	672	10	421	0
618	55	285	-30	254	267	10	592	0
619	250	130	-10	177	279	10	583	0
620	67	175	-3	262	320	10	237	0
621	111	98	-16	260	312	10	246	0
622	176	263	-5	590	660	10	572	0
623	56	212	-10	436	539	10	501	0
624	143	101	-10	51	91	10	6	0
625	129	83	-15	621	653	10	273	0
626	165	113	-20	159	166	10	62	0
627	228	41	-16	809	845	10	286	0
628	84	231	-21	535	584	10	19	0
629	100	73	-20	91	165	10	452	0
630	213	61	-20	155	186	10	589	0
