200	200	1
0	200	200	0	0	1573	0	0	0
1	244	56	-30	662	692	10	431	0
2	245	106	20	121	151	0	0	837
3	233	214	10	0	1528	10	0	52
4	395	340	-26	0	1323	10	554	0
5	229	371	-30	1013	1043	10	16	0
6	384	248	35	222	252	10	0	760
7	277	163	-20	0	1478	10	248	0
8	52	94	14	0	1381	10	0	579
9	89	152	-33	0	1443	10	541	0
10	218	284	-20	0	1478	10	631	0
11	340	276	-10	0	1404	10	784	0
12	206	106	-17	0	1469	10	254	0
13	375	247	10	181	211	10	0	588
14	113	179	10	196	226	10	0	36
15	348	280	10	217	247	10	0	302
16	223	372	30	0	1390	10	0	5
17	361	287	-10	256	286	10	57	0
18	6	62	-13	0	1325	10	448	0
19	37	397	50	825	855	10	0	617
20	364	27	20	305	335	10	0	380
21	14	201	-20	216	246	10	576	0
22	325	294	22	0	1407	10	0	408
23	41	382	20	0	1322	10	0	642
24	325	130	-30	1038	1068	10	222	0
25	384	47	-15	0	1324	10	259	0
26	116	181	-10	221	251	10	288	0
27	346	155	20	237	267	10	0	524
28	359	30	-30	0	1331	10	47	0
29	222	284	10	0	1477	10	0	598
30	91	150	-20	0	1444	10	306	0
31	140	387	8	196	226	10	0	538
32	176	154	15	51	81	10	0	547
33	352	383	16	0	1326	10	0	215
34	213	332	-25	718	748	10	177	0
35	133	68	20	175	205	0	0	825
36	151	188	-10	0	1513	10	14	0
37	105	250	-30	0	1456	10	165	0
38	94	70	30	0	1396	10	0	680
39	287	307	-21	225	255	10	297	0
40	267	321	26	0	1425	10	0	201
41	220	71	-30	676	706	10	341	0
42	244	106	-10	0	1460	10	534	0
43	338	290	-13	0	1399	10	741	0
44	5	345	-12	0	1320	10	299	0
45	145	301	8	115	145	10	0	706
46	393	301	-36	0	1346	10	113	0
47	359	23	30	237	267	10	0	28
48	196	107	18	1329	1359	0	0	812
49	348	41	-27	658	688	10	433	0
50	59	51	14	206	236	10	0	527
51	126	91	30	190	220	10	0	769
52	234	214	-10	110	140	10	3	0
53	108	395	-10	573	603	10	81	0
54	186	306	-10	172	202	10	513	0
55	125	122	15	0	1455	10	0	390
56	12	368	12	0	1311	10	0	545
57	348	279	10	0	1396	10	0	17
58	26	247	10	0	1383	10	0	599
59	393	306	20	240	270	10	0	447
60	268	114	-13	0	1454	10	422	0
61	2	17	11	269	299	10	0	123
62	62	258	-20	0	1414	10	759	0
63	186	145	18	1477	1507	0	0	811
64	338	315	-20	952	982	10	675	0
65	66	118	27	565	595	10	0	418
66	68	378	-19	682	712	10	562	0
67	294	136	10	113	143	0	0	833
68	73	126	-20	419	449	10	732	0
69	68	263	-10	195	225	10	394	0
70	302	136	-10	165	195	10	281	0
71	234	203	10	0	1529	10	0	662
72	127	94	10	216	246	10	0	183
73	233	208	30	33	63	10	0	766
74	210	1	-16	0	1364	10	498	0
75	102	252	-30	0	1453	10	420	0
76	152	237	10	71	101	10	0	373
77	2	3	-5	0	1284	10	285	0
78	92	162	20	253	283	10	0	687
79	177	55	-10	756	786	10	370	0
80	193	29	16	757	787	10	0	240
81	105	360	10	0	1377	10	0	53
82	193	216	-20	0	1546	10	114	0
83	338	150	-10	768	798	10	767	0
84	68	143	-11	0	1420	10	155	0
85	180	15	7	0	1377	10	0	488
86	182	378	-30	0	1385	10	97	0
87	39	384	40	0	1319	10	0	168
88	43	386	-10	295	325	10	596	0
89	291	301	-12	135	165	10	175	0
90	32	251	20	0	1388	0	0	816
91	246	298	-18	956	986	10	486	0
92	32	229	7	1054	1084	10	0	186
93	116	252	20	98	128	10	0	521
94	198	295	-16	145	175	10	764	0
95	63	262	20	179	209	10	0	494
96	119	179	-10	235	265	10	746	0
97	174	375	30	0	1387	10	0	86
98	199	45	26	790	820	10	0	407
99	150	236	20	61	91	10	0	269
100	363	24	-20	257	287	10	307	0
101	393	307	10	0	1343	0	0	842
102	331	251	-20	0	1423	10	798	0
103	293	306	20	0	1422	10	0	126
104	18	102	18	0	1357	10	0	403
105	196	293	20	0	1470	10	0	563
106	299	141	-10	229	259	10	755	0
107	364	25	40	293	323	10	0	658
108	41	183	25	0	1404	10	0	511
109	342	385	10	356	386	10	0	786
110	302	203	30	0	1461	10	0	591
111	212	197	-20	854	884	10	584	0
112	384	294	-10	557	587	10	312	0
113	381	290	36	0	1361	10	0	46
114	110	254	20	0	1459	10	0	82
115	196	51	-39	530	560	10	342	0
116	264	341	-11	1041	1071	10	333	0
117	23	98	10	0	1359	10	0	568
118	278	265	23	649	679	10	0	385
119	23	97	-10	0	1359	10	490	0
120	281	155	10	137	167	10	0	352
121	352	162	10	0	1407	10	0	643
122	209	85	-20	134	164	10	674	0
123	15	4	-11	0	1294	10	61	0
124	177	379	10	302	332	10	0	716
125	18	208	20	259	289	10	0	363
126	343	322	-20	811	841	10	103	0
127	369	107	20	279	309	10	0	514
128	31	360	23	277	307	10	0	629
129	263	110	10	138	168	10	0	440
130	240	246	20	0	1503	10	0	247
131	380	339	-27	741	771	10	470	0
132	111	286	21	133	163	10	0	479
133	213	271	10	0	1491	10	0	797
134	251	381	17	0	1375	10	0	474
135	322	242	-10	233	263	10	472	0
136	390	52	10	0	1323	10	0	593
137	26	70	-18	0	1346	10	649	0
138	300	132	10	0	1443	10	0	611
139	342	384	-11	0	1331	10	270	0
140	357	160	20	180	210	10	0	423
141	204	87	30	113	143	10	0	396
142	197	293	30	0	1470	10	0	441
143	98	107	-14	0	1425	10	399	0
144	400	109	-18	0	1344	10	189	0
145	231	243	10	145	175	10	0	364
146	84	221	-10	0	1446	10	590	0
147	230	290	-28	0	1469	10	150	0
148	397	261	16	585	615	0	0	802
149	222	283	-9	0	1478	10	368	0
150	247	377	28	1215	1245	10	0	147
151	60	319	29	255	285	0	0	814
152	79	154	10	0	1434	10	0	206
153	256	385	-20	596	626	10	275	0
154	140	40	-10	1015	1045	10	616	0
155	8	119	11	0	1355	10	0	84
156	208	274	30	80	110	10	0	340
157	84	293	-15	556	586	10	519	0
158	74	351	-10	960	990	10	650	0
159	95	64	-24	178	208	10	574	0
160	329	236	-10	0	1430	10	315	0
161	248	286	-30	0	1465	10	692	0
162	234	243	20	0	1509	10	0	210
163	244	109	-14	108	138	10	199	0
164	340	388	10	0	1329	10	0	694
165	161	233	30	117	147	10	0	37
166	125	95	-21	204	234	10	758	0
167	351	199	-20	792	822	10	466	0
168	61	333	-40	0	1371	10	87	0
169	146	324	-16	1398	1428	10	190	0
170	372	104	20	0	1367	10	0	291
171	381	144	-10	0	1374	10	633	0
172	394	299	-11	794	824	10	321	0
173	363	30	10	330	360	10	0	654
174	358	23	20	0	1326	10	0	647
175	220	238	12	42	72	10	0	89
176	97	105	33	944	974	10	0	213
177	186	355	25	0	1408	10	0	34
178	391	42	44	964	994	0	0	829
179	48	326	20	214	244	10	0	691
180	74	87	-10	0	1394	10	634	0
181	264	69	-11	665	695	10	618	0
182	341	394	20	290	320	10	0	377
183	128	95	-10	250	280	10	72	0
184	362	383	21	0	1319	10	0	232
185	41	340	26	0	1352	10	0	445
186	13	220	-7	1065	1095	10	92	0
187	85	61	20	180	210	10	0	361
188	340	290	39	0	1397	10	0	731
189	396	106	18	0	1346	10	0	144
190	79	344	16	217	247	10	0	169
191	201	195	-10	0	1558	10	395	0
192	90	311	-7	669	699	10	627	0
193	207	185	1	0	1547	10	0	489
194	92	255	30	424	454	10	0	790
195	385	56	-20	254	284	10	672	0
196	396	59	20	321	351	10	0	298
197	51	326	10	201	231	10	0	762
198	169	352	-10	249	279	10	548	0
199	230	139	14	0	1496	10	0	163
200	286	44	18	0	1385	10	0	444
201	286	308	-26	237	267	10	40	0
202	339	69	-9	0	1372	10	696	0
203	206	296	-10	190	220	10	553	0
204	142	385	16	0	1370	10	0	400
205	370	57	10	1118	1148	10	0	266
206	35	79	-10	423	453	10	152	0
207	17	209	-10	248	278	10	324	0
208	128	68	10	210	240	10	0	343
209	145	165	-20	0	1498	10	733	0
210	237	259	-20	0	1494	10	162	0
211	89	154	-10	222	252	10	310	0
212	72	257	-20	0	1423	10	756	0
213	158	121	-33	1105	1135	10	176	0
214	323	243	20	0	1433	10	0	640
215	367	361	-16	487	517	10	33	0
216	165	126	4	0	1482	10	0	577
217	45	85	-10	0	1370	10	789	0
218	137	68	25	0	1417	10	0	389
219	310	143	-28	0	1440	10	348	0
220	18	100	-30	207	237	10	258	0
221	201	6	-20	0	1369	10	235	0
222	297	135	30	136	166	10	0	24
223	86	154	30	0	1441	10	0	583
224	374	175	-23	0	1388	10	334	0
225	91	70	20	267	297	10	0	284
226	166	357	-10	0	1403	10	323	0
227	113	183	-30	170	200	10	713	0
228	347	395	-10	274	304	10	700	0
229	243	244	-20	61	91	10	436	0
230	243	140	-10	0	1490	10	337	0
231	14	100	-10	0	1352	10	338	0
232	393	312	-21	0	1340	10	184	0
233	92	384	26	403	433	10	0	572
234	294	249	-37	471	501	10	644	0
235	195	91	20	208	238	10	0	221
236	235	212	20	0	1526	10	0	610
237	350	271	10	165	195	10	0	267
238	353	164	-26	0	1406	10	542	0
239	262	233	-25	1110	1140	10	366	0
240	200	48	-16	0	1411	10	80	0
241	214	119	-26	0	1481	10	550	0
242	234	37	-10	0	1397	10	471	0
243	93	62	-10	201	231	10	781	0
244	234	73	8	0	1432	10	0	469
245	157	378	22	0	1380	10	0	304
246	194	43	-1	725	755	10	738	0
247	268	223	-20	0	1492	10	130	0
248	355	156	20	0	1402	10	0	7
249	248	124	-17	0	1474	10	459	0
250	364	213	-28	0	1399	10	336	0
251	371	253	30	0	1384	10	0	711
252	31	353	20	227	257	10	0	792
253	41	337	-9	669	699	10	625	0
254	209	167	17	0	1529	10	0	12
255	352	303	-33	0	1380	10	502	0
256	53	326	20	0	1370	10	0	265
257	388	106	9	264	294	10	0	594
258	21	104	30	0	1360	10	0	220
259	381	12	15	591	621	10	0	25
260	221	379	30	0	1383	10	0	739
261	46	380	-22	0	1327	10	318	0
262	192	332	31	0	1431	0	0	817
263	343	359	26	456	486	10	0	743
264	320	211	6	0	1443	0	0	835
265	34	355	-20	0	1336	10	256	0
266	338	106	-10	0	1397	10	205	0
267	397	283	-10	0	1350	10	237	0
268	267	161	10	0	1486	10	0	710
269	124	221	-20	1003	1033	10	99	0
270	310	340	11	178	208	10	0	139
271	270	106	-50	120	150	10	509	0
272	243	104	20	166	196	10	0	701
273	68	250	-30	564	594	10	419	0
274	213	305	24	490	520	10	0	379
275	214	378	20	0	1385	10	0	153
276	287	279	-21	0	1446	10	670	0
277	313	64	29	0	1387	0	0	841
278	244	285	-10	1318	1348	10	652	0
279	154	68	-20	0	1424	10	393	0
280	14	53	-27	805	835	10	560	0
281	298	137	10	124	154	10	0	70
282	371	111	-15	249	279	10	770	0
283	393	246	-20	0	1365	10	505	0
284	118	122	-20	950	980	10	225	0
285	9	47	5	0	1319	10	0	77
286	171	168	-15	1353	1383	10	305	0
287	321	212	30	121	151	10	0	485
288	115	185	10	94	124	10	0	26
289	336	387	10	328	358	10	0	722
290	357	202	-20	499	529	10	476	0
291	374	104	-20	232	262	10	170	0
292	271	371	15	752	782	10	0	402
293	291	398	16	0	1346	0	0	819
294	353	3	-22	0	1314	10	667	0
295	74	213	33	435	465	10	0	477
296	17	99	-10	1006	1036	10	308	0
297	253	316	21	0	1436	10	0	39
298	369	118	-20	1052	1082	10	196	0
299	11	328	12	0	1335	10	0	44
300	126	70	10	0	1414	10	0	571
301	165	264	-10	0	1491	10	704	0
302	377	282	-10	388	418	10	15	0
303	73	292	8	175	205	10	0	493
304	174	326	-22	955	985	10	245	0
305	135	161	15	0	1488	10	0	286
306	85	155	20	0	1440	10	0	30
307	360	23	20	0	1325	10	0	100
308	20	91	10	0	1353	10	0	296
309	72	253	20	0	1425	0	0	815
310	87	155	10	210	240	10	0	211
311	134	63	10	0	1411	10	0	773
312	349	275	10	0	1397	10	0	112
313	325	45	-29	0	1364	10	376	0
314	182	300	-10	0	1462	10	632	0
315	328	239	10	185	215	10	0	160
316	138	143	-10	84	114	10	528	0
317	372	256	-11	0	1383	10	381	0
318	57	381	22	230	260	10	0	261
319	162	251	21	63	93	10	0	800
320	183	301	-40	0	1461	10	752	0
321	381	375	11	0	1312	10	0	172
322	389	171	3	451	481	10	0	535
323	179	305	10	189	219	10	0	226
324	14	210	10	235	265	10	0	207
325	290	311	30	187	217	10	0	791
326	345	158	-30	250	280	10	525	0
327	200	83	10	0	1446	10	0	673
328	342	154	-30	0	1414	10	666	0
329	18	294	-30	0	1359	10	537	0
330	156	4	25	0	1363	10	0	615
331	247	212	15	0	1515	10	0	499
332	93	149	-10	0	1445	10	614	0
333	299	399	11	774	804	10	0	116
334	369	171	23	0	1392	10	0	224
335	246	247	-20	679	709	10	391	0
336	356	223	28	968	998	10	0	250
337	266	116	10	188	218	10	0	230
338	39	34	10	242	272	10	0	231
339	51	205	-30	1216	1246	10	515	0
340	180	387	-30	245	275	10	156	0
341	203	88	30	0	1451	10	0	41
342	173	72	39	274	304	10	0	115
343	129	85	-10	0	1428	10	208	0
344	45	291	-10	213	243	10	356	0
345	294	311	-30	163	193	10	454	0
346	305	198	20	105	135	10	0	708
347	338	391	40	304	334	10	0	357
348	349	135	28	548	578	10	0	219
349	237	213	-9	0	1524	10	737	0
350	82	360	-30	0	1365	10	460	0
351	102	84	-19	0	1412	10	783	0
352	300	144	-10	242	272	10	120	0
353	236	38	38	433	463	0	0	836
354	278	159	-20	152	182	10	655	0
355	344	280	20	0	1399	10	0	724
356	149	234	10	61	91	10	0	344
357	320	373	-40	551	581	10	347	0
358	109	252	-20	0	1459	10	661	0
359	218	134	24	0	1495	0	0	831
360	184	282	19	83	113	10	0	736
361	32	78	-20	649	679	10	187	0
362	395	310	10	276	306	10	0	397
363	19	206	-20	271	301	10	125	0
364	243	275	-10	0	1477	10	145	0
365	175	192	-10	924	954	10	529	0
366	299	227	25	0	1461	10	0	239
367	159	164	13	0	1509	0	0	807
368	215	260	9	61	91	10	0	149
369	163	364	-20	0	1395	10	669	0
370	208	20	10	0	1383	10	0	79
371	97	387	37	561	591	10	0	416
372	294	13	26	587	617	10	0	475
373	108	250	-10	0	1459	10	76	0
374	389	306	-20	331	361	10	608	0
375	262	30	-18	180	210	10	638	0
376	334	92	29	0	1391	10	0	313
377	279	337	-20	603	633	10	182	0
378	3	15	20	1102	1132	10	0	531
379	210	271	-24	0	1492	10	274	0
380	256	145	-20	1144	1174	10	20	0
381	387	267	11	892	922	10	0	317
382	8	285	24	0	1354	10	0	415
383	83	357	-20	295	325	10	559	0
384	267	295	-4	731	761	10	566	0
385	279	262	-23	0	1463	10	118	0
386	238	101	-10	182	212	10	432	0
387	219	377	-20	0	1385	10	473	0
388	126	90	31	0	1431	0	0	822
389	129	67	-25	199	229	10	218	0
390	166	115	-15	1249	1279	10	55	0
391	238	250	20	92	122	10	0	335
392	246	244	33	679	709	0	0	804
393	131	95	20	0	1438	10	0	279
394	115	257	10	121	151	10	0	69
395	243	106	10	0	1460	10	0	191
396	202	158	-30	1158	1188	10	141	0
397	389	307	-10	320	350	10	362	0
398	237	109	-20	0	1465	10	546	0
399	117	148	14	0	1466	10	0	143
400	180	375	-16	0	1387	10	204	0
401	276	157	-20	0	1476	10	763	0
402	303	358	-15	0	1375	10	292	0
403	17	96	-18	0	1353	10	104	0
404	173	381	10	288	318	10	0	761
405	70	81	-10	0	1387	10	435	0
406	46	197	-9	0	1409	10	421	0
407	206	81	-26	0	1444	10	98	0
408	348	343	-22	340	370	10	22	0
409	95	63	10	189	219	10	0	438
410	324	216	-30	0	1438	10	660	0
411	265	127	-10	0	1466	10	656	0
412	196	138	-13	0	1501	10	636	0
413	26	260	16	0	1379	10	0	624
414	384	307	-29	0	1351	10	768	0
415	23	317	-24	0	1351	10	382	0
416	204	292	-37	0	1471	10	371	0
417	321	287	12	0	1414	10	0	730
418	56	97	-27	0	1386	10	65	0
419	70	264	30	207	237	10	0	273
420	152	240	30	0	1501	10	0	75
421	0	155	9	205	235	10	0	406
422	317	68	13	0	1387	10	0	60
423	395	167	-20	0	1366	10	140	0
424	289	306	10	213	243	10	0	586
425	75	367	10	0	1355	10	0	482
426	353	276	10	0	1393	0	0	813
427	183	71	14	765	795	10	0	452
428	312	200	30	156	186	10	0	492
429	49	222	-30	0	1411	10	646	0
430	297	137	18	0	1448	10	0	717
431	200	89	30	0	1452	10	0	1
432	242	113	10	96	126	10	0	386
433	341	33	27	0	1345	10	0	49
434	55	341	-30	675	705	10	508	0
435	99	67	10	0	1396	10	0	405
436	236	243	20	0	1507	10	0	229
437	229	209	20	0	1533	10	0	690
438	93	59	-10	0	1386	10	409	0
439	143	159	16	70	100	10	0	623
440	267	112	-10	0	1453	10	129	0
441	196	295	-30	133	163	10	142	0
442	334	100	21	0	1396	10	0	587
443	122	183	-10	0	1484	10	720	0
444	225	53	-18	0	1414	10	200	0
445	28	353	-26	0	1333	10	185	0
446	158	239	20	0	1506	10	0	595
447	392	307	-20	251	281	10	59	0
448	13	59	13	0	1329	10	0	18
449	127	90	-10	0	1431	10	685	0
450	221	281	20	83	113	10	0	683
451	326	374	17	0	1349	0	0	806
452	178	103	-14	0	1464	10	427	0
453	376	251	20	0	1380	10	0	561
454	293	310	30	174	204	10	0	345
455	386	60	-30	341	371	10	465	0
456	300	272	-40	693	723	10	702	0
457	243	209	-10	1379	1409	10	779	0
458	102	67	20	165	195	10	0	726
459	285	107	17	0	1438	10	0	249
460	82	365	30	0	1361	10	0	350
461	5	344	7	1259	1289	10	0	753
462	366	97	23	772	802	10	0	747
463	220	283	10	0	1478	10	0	495
464	79	95	-30	1226	1256	10	487	0
465	369	100	30	0	1367	10	0	455
466	371	244	20	0	1387	10	0	167
467	366	340	23	0	1346	10	0	665
468	85	128	18	1288	1318	0	0	824
469	231	6	-8	0	1367	10	244	0
470	330	313	27	172	202	10	0	131
471	202	85	10	178	208	10	0	242
472	236	204	10	0	1527	10	0	135
473	220	381	20	182	212	10	0	387
474	206	286	-17	0	1477	10	134	0
475	274	7	-26	0	1357	10	372	0
476	369	211	20	463	493	10	0	290
477	126	208	-33	1370	1400	10	295	0
478	134	62	-24	0	1411	10	699	0
479	67	318	-21	246	276	10	132	0
480	232	127	-37	0	1484	10	677	0
481	96	209	-20	0	1459	10	712	0
482	146	301	-10	0	1449	10	425	0
483	308	178	-10	398	428	10	573	0
484	294	118	13	124	154	10	0	721
485	280	224	-30	227	257	10	287	0
486	241	275	18	696	726	10	0	91
487	82	65	30	237	267	10	0	464
488	159	11	-7	0	1370	10	85	0
489	300	64	-1	1157	1187	10	193	0
490	22	96	10	0	1357	10	0	119
491	334	186	1	0	1429	0	0	810
492	310	200	-30	0	1453	10	428	0
493	52	331	-8	254	284	10	303	0
494	25	256	-20	215	245	10	95	0
495	210	268	-10	0	1495	10	463	0
496	310	196	-28	0	1453	10	734	0
497	183	375	30	0	1388	10	0	689
498	194	65	16	386	416	10	0	74
499	366	251	-15	281	311	10	331	0
500	285	184	9	1030	1060	10	0	748
501	160	313	-30	859	889	10	555	0
502	349	324	33	538	568	10	0	255
503	225	288	20	107	137	10	0	697
504	124	69	10	0	1412	0	0	821
505	349	272	20	165	195	10	0	283
506	87	365	20	199	229	10	0	757
507	240	210	10	137	167	10	0	785
508	40	380	30	240	270	10	0	434
509	276	116	50	113	143	10	0	271
510	280	5	-4	1016	1046	10	659	0
511	20	204	-25	0	1383	10	108	0
512	301	139	-24	0	1446	10	523	0
513	195	294	10	0	1469	10	0	54
514	377	144	-20	0	1378	10	127	0
515	34	242	30	0	1392	10	0	339
516	324	217	30	0	1438	10	0	635
517	348	371	-15	0	1337	10	765	0
518	70	256	-20	247	277	10	628	0
519	48	304	15	0	1379	10	0	157
520	41	378	20	0	1325	10	0	698
521	114	254	-20	108	138	10	93	0
522	264	112	-34	0	1455	10	532	0
523	244	176	24	0	1513	10	0	512
524	349	181	-20	289	319	10	27	0
525	346	163	30	150	180	10	0	326
526	52	334	30	0	1364	10	0	603
527	53	51	-14	235	265	10	50	0
528	177	174	10	34	64	10	0	316
529	114	178	10	207	237	10	0	365
530	367	255	-12	0	1388	10	729	0
531	19	61	-20	0	1335	10	378	0
532	273	118	34	0	1454	10	0	522
533	84	359	20	0	1367	10	0	592
534	244	114	10	0	1467	10	0	42
535	321	144	-3	0	1430	10	322	0
536	384	53	-10	950	980	10	622	0
537	29	250	30	242	272	10	0	329
538	172	383	-8	276	306	10	31	0
539	84	360	40	0	1366	10	0	569
540	28	246	20	0	1385	10	0	681
541	107	159	33	0	1462	10	0	9
542	319	160	26	0	1438	10	0	238
543	230	241	10	157	187	0	0	838
544	32	352	30	226	256	10	0	705
545	32	357	-12	0	1334	10	56	0
546	237	108	20	199	229	10	0	398
547	162	94	-15	112	142	10	32	0
548	185	299	10	100	130	10	0	198
549	110	188	10	110	140	10	0	774
550	259	4	26	0	1359	10	0	241
551	34	385	20	0	1315	10	0	621
552	156	32	-10	790	820	10	620	0
553	201	297	10	0	1466	10	0	203
554	311	344	26	187	217	10	0	4
555	174	329	30	0	1432	10	0	501
556	119	286	18	829	859	10	0	745
557	179	383	20	213	243	10	0	723
558	26	250	-20	0	1382	10	793	0
559	84	363	20	0	1363	10	0	383
560	6	20	27	264	294	10	0	280
561	373	253	-20	0	1383	10	453	0
562	184	233	19	36	66	10	0	66
563	177	300	-20	205	235	10	105	0
564	88	121	15	0	1426	10	0	609
565	22	205	-35	0	1385	10	581	0
566	306	361	4	0	1371	10	0	384
567	87	164	-23	662	692	10	772	0
568	123	176	-10	0	1483	10	117	0
569	131	275	-40	529	559	10	539	0
570	315	237	33	0	1443	10	0	796
571	85	67	-10	0	1388	10	300	0
572	197	300	-26	0	1463	10	233	0
573	308	196	10	0	1455	10	0	483
574	114	88	24	0	1422	10	0	159
575	87	153	20	153	183	0	0	823
576	21	201	20	199	229	10	0	21
577	137	64	-4	149	179	10	216	0
578	361	194	-16	405	435	10	639	0
579	115	51	-14	0	1392	10	8	0
580	24	96	10	310	340	10	0	795
581	2	200	35	0	1365	10	0	565
582	211	274	20	93	123	10	0	744
583	102	149	-30	507	537	10	223	0
584	307	196	20	0	1456	10	0	111
585	127	87	20	166	196	0	0	826
586	302	274	-10	292	322	10	424	0
587	383	53	-21	234	264	10	442	0
588	376	254	-10	204	234	10	13	0
589	15	100	10	216	246	10	0	715
590	111	179	10	0	1472	10	0	146
591	308	204	-30	0	1455	10	110	0
592	85	358	-20	0	1368	10	533	0
593	391	54	-10	0	1323	10	136	0
594	385	55	-9	0	1328	10	257	0
595	65	335	-20	0	1373	10	446	0
596	46	378	10	0	1328	10	0	88
597	310	363	20	0	1367	10	0	684
598	217	286	-10	188	218	10	29	0
599	33	247	-10	270	300	10	58	0
600	88	150	10	0	1441	10	0	778
601	397	73	15	0	1329	0	0	805
602	70	231	-29	0	1430	10	740	0
603	72	315	-30	681	711	10	526	0
604	131	67	30	187	217	10	0	719
605	117	381	18	622	652	0	0	828
606	31	357	-30	0	1333	10	718	0
607	299	351	14	0	1383	10	0	707
608	393	297	20	0	1347	10	0	374
609	102	118	-15	0	1436	10	564	0
610	273	160	-20	181	211	10	236	0
611	350	131	-10	802	832	10	138	0
612	364	55	-24	0	1345	10	648	0
613	47	328	50	226	256	0	0	839
614	109	186	10	0	1471	10	0	332
615	143	20	-25	0	1375	10	330	0
616	134	98	10	121	151	10	0	154
617	42	384	-50	0	1321	10	19	0
618	255	80	11	520	550	10	0	181
619	52	194	9	549	579	10	0	775
620	128	93	10	0	1435	10	0	552
621	50	385	-20	0	1325	10	551	0
622	386	57	10	0	1329	10	0	536
623	86	112	-16	713	743	10	439	0
624	26	275	-16	1132	1162	10	413	0
625	40	336	9	0	1354	10	0	253
626	135	384	-2	0	1368	10	686	0
627	52	301	7	0	1384	10	0	192
628	68	261	20	0	1418	10	0	518
629	36	288	-23	957	987	10	128	0
630	375	294	2	603	633	0	0	808
631	220	288	20	162	192	10	0	10
632	186	304	10	0	1459	10	0	314
633	369	106	10	268	298	10	0	171
634	96	69	10	0	1396	10	0	180
635	321	217	-30	0	1441	10	516	0
636	177	77	13	799	829	10	0	412
637	320	216	-29	0	1442	10	668	0
638	246	47	18	0	1404	10	0	375
639	350	207	16	378	408	10	0	578
640	279	247	-20	0	1472	10	214	0
641	153	315	16	124	154	10	0	788
642	68	386	-20	0	1335	10	23	0
643	399	179	-10	0	1363	10	121	0
644	297	240	37	0	1459	10	0	234
645	199	290	10	90	120	10	0	671
646	21	204	30	179	209	10	0	429
647	362	28	-20	317	347	10	174	0
648	353	65	24	0	1359	10	0	612
649	24	57	18	0	1337	10	0	137
650	75	368	10	229	259	10	0	158
651	393	305	20	229	259	10	0	695
652	239	254	10	0	1497	10	0	278
653	146	320	22	497	527	0	0	820
654	369	6	-10	547	577	10	173	0
655	277	154	20	0	1474	10	0	354
656	304	141	10	0	1444	10	0	411
657	205	372	-11	0	1391	10	794	0
658	339	3	-40	803	833	10	107	0
659	254	0	4	673	703	10	0	510
660	321	209	30	0	1442	10	0	410
661	114	250	20	222	252	10	0	358
662	318	219	-10	0	1444	10	71	0
663	209	283	24	617	647	0	0	834
664	48	358	-10	876	906	10	703	0
665	339	384	-23	0	1333	10	467	0
666	351	153	30	209	239	10	0	328
667	377	29	22	747	777	10	0	294
668	317	183	29	118	148	10	0	637
669	183	303	20	132	162	10	0	369
670	299	308	21	563	593	10	0	276
671	197	292	-10	92	122	10	645	0
672	370	98	20	214	244	10	0	195
673	188	67	-10	1049	1079	10	327	0
674	207	87	20	121	151	10	0	122
675	295	307	20	0	1420	10	0	64
676	325	311	-23	0	1396	10	682	0
677	228	96	37	322	352	10	0	480
678	368	215	15	0	1395	10	0	780
679	208	86	2	0	1449	0	0	827
680	75	76	-30	329	359	10	38	0
681	27	251	-20	230	260	10	540	0
682	308	314	23	640	670	10	0	676
683	217	289	-20	175	205	10	450	0
684	337	388	-20	0	1331	10	597	0
685	133	94	10	0	1438	10	0	449
686	91	388	2	217	247	10	0	626
687	87	147	-20	874	904	10	78	0
688	389	54	-19	0	1325	10	799	0
689	185	386	-30	0	1377	10	497	0
690	234	212	-20	0	1527	10	437	0
691	53	330	-20	0	1367	10	179	0
692	237	247	30	0	1504	10	0	161
693	369	19	-40	0	1316	10	749	0
694	346	385	-10	0	1328	10	164	0
695	397	313	-20	290	320	10	651	0
696	355	41	9	839	869	10	0	202
697	211	266	-20	0	1497	10	503	0
698	8	363	-20	0	1312	10	520	0
699	59	89	24	769	799	10	0	478
700	344	391	10	259	289	10	0	228
701	242	105	-20	155	185	10	272	0
702	327	242	40	0	1430	10	0	456
703	55	324	10	0	1373	10	0	664
704	114	252	10	100	130	10	0	301
705	29	355	-30	248	278	10	544	0
706	102	377	-8	0	1361	10	45	0
707	345	382	-14	232	262	10	607	0
708	313	194	-20	139	169	10	346	0
709	285	136	11	0	1457	10	0	750
710	272	154	-10	95	125	10	268	0
711	379	254	-30	0	1377	10	251	0
712	22	210	20	0	1385	10	0	481
713	117	187	30	0	1479	10	0	227
714	157	220	20	0	1516	0	0	832
715	21	96	-10	0	1356	10	589	0
716	182	379	-10	0	1384	10	124	0
717	298	138	-18	115	145	10	430	0
718	28	356	30	260	290	10	0	606
719	130	70	-30	251	281	10	604	0
720	111	184	10	0	1473	10	0	443
721	319	113	-13	0	1416	10	484	0
722	347	385	-10	0	1327	10	289	0
723	220	337	-20	312	342	10	557	0
724	344	283	-20	0	1397	10	355	0
725	217	98	-17	0	1460	10	735	0
726	76	90	-20	0	1398	10	458	0
727	175	299	20	217	247	0	0	840
728	270	151	20	85	115	0	0	809
729	398	258	12	0	1357	10	0	530
730	344	321	-12	254	284	10	417	0
731	266	234	-39	913	943	10	188	0
732	49	187	20	191	221	10	0	68
733	92	155	20	236	266	10	0	209
734	344	236	28	0	1415	10	0	496
735	226	52	17	495	525	10	0	725
736	183	294	-19	95	125	10	360	0
737	237	243	9	0	1507	10	0	349
738	184	69	1	503	533	10	0	246
739	222	383	-30	0	1379	10	260	0
740	21	255	29	761	791	10	0	602
741	390	357	13	1041	1071	10	0	43
742	272	161	20	192	222	0	0	801
743	371	349	-26	0	1337	10	263	0
744	220	296	-20	144	174	10	582	0
745	184	235	-18	1124	1154	10	556	0
746	113	184	10	0	1475	10	0	96
747	370	104	-23	0	1368	10	462	0
748	273	182	-9	0	1488	10	500	0
749	382	54	40	0	1330	10	0	693
750	379	126	-11	866	896	10	709	0
751	327	241	20	0	1430	0	0	818
752	189	306	40	159	189	10	0	320
753	26	326	-7	0	1349	10	461	0
754	367	104	20	0	1371	10	0	777
755	271	154	10	84	114	10	0	106
756	67	258	20	234	264	10	0	212
757	86	357	-20	319	349	10	506	0
758	107	98	21	138	168	10	0	166
759	66	254	20	150	180	10	0	62
760	374	253	-35	0	1382	10	6	0
761	228	341	-10	1007	1037	10	404	0
762	60	328	-10	0	1374	10	197	0
763	268	160	20	207	237	10	0	401
764	201	255	16	0	1508	10	0	94
765	397	362	15	255	285	10	0	517
766	236	210	-30	0	1526	10	73	0
767	349	157	10	0	1408	10	0	83
768	348	319	29	331	361	10	0	414
769	186	75	-30	780	810	10	51	0
770	327	115	15	0	1411	10	0	282
771	77	319	12	0	1392	0	0	830
772	147	210	23	53	83	10	0	567
773	195	148	-10	1326	1356	10	311	0
774	108	186	-10	0	1470	10	549	0
775	26	199	-9	808	838	10	619	0
776	305	255	-18	311	341	10	787	0
777	368	102	-20	0	1369	10	754	0
778	146	174	-10	0	1504	10	600	0
779	319	217	10	0	1443	10	0	457
780	335	202	-15	0	1428	10	678	0
781	128	94	10	0	1435	10	0	243
782	82	78	20	1186	1216	0	0	803
783	92	68	19	720	750	10	0	351
784	231	219	10	0	1527	10	0	11
785	309	274	-10	0	1432	10	507	0
786	336	386	-10	727	757	10	109	0
787	324	194	18	0	1439	10	0	776
788	174	387	-16	0	1375	10	641	0
789	24	93	10	297	327	10	0	217
790	107	247	-30	0	1459	10	194	0
791	291	308	-30	200	230	10	325	0
792	13	322	-20	368	398	10	252	0
793	68	254	20	0	1421	10	0	558
794	142	379	11	0	1375	10	0	657
795	43	121	-10	985	1015	10	580	0
796	329	241	-33	156	186	10	570	0
797	260	352	-10	0	1400	10	133	0
798	328	243	20	0	1428	10	0	102
799	384	64	19	0	1335	10	0	688
800	80	365	-21	0	1359	10	319	0
801	272	161	-20	192	222	10	742	0
802	397	261	-16	585	615	10	148	0
803	82	78	-20	1186	1216	10	782	0
804	246	244	-33	679	709	10	392	0
805	397	73	-15	0	1329	10	601	0
806	326	374	-17	0	1349	10	451	0
807	159	164	-13	0	1509	10	367	0
808	375	294	-2	603	633	10	630	0
809	270	151	-20	85	115	10	728	0
810	334	186	-1	0	1429	10	491	0
811	186	145	-18	1477	1507	10	63	0
812	196	107	-18	1329	1359	10	48	0
813	353	276	-10	0	1393	10	426	0
814	60	319	-29	255	285	10	151	0
815	72	253	-20	0	1425	10	309	0
816	32	251	-20	0	1388	10	90	0
817	192	332	-31	0	1431	10	262	0
818	327	241	-20	0	1430	10	751	0
819	291	398	-16	0	1346	10	293	0
820	146	320	-22	497	527	10	653	0
821	124	69	-10	0	1412	10	504	0
822	126	90	-31	0	1431	10	388	0
823	87	153	-20	153	183	10	575	0
824	85	128	-18	1288	1318	10	468	0
825	133	68	-20	175	205	10	35	0
826	127	87	-20	166	196	10	585	0
827	208	86	-2	0	1449	10	679	0
828	117	381	-18	622	652	10	605	0
829	391	42	-44	964	994	10	178	0
830	77	319	-12	0	1392	10	771	0
831	218	134	-24	0	1495	10	359	0
832	157	220	-20	0	1516	10	714	0
833	294	136	-10	113	143	10	67	0
834	209	283	-24	617	647	10	663	0
835	320	211	-6	0	1443	10	264	0
836	236	38	-38	433	463	10	353	0
837	245	106	-20	121	151	10	2	0
838	230	241	-10	157	187	10	543	0
839	47	328	-50	226	256	10	613	0
840	175	299	-20	217	247	10	727	0
841	313	64	-29	0	1387	10	277	0
842	393	307	-10	0	1343	10	101	0
