50	1000	1
0	70	70	0	0	2535	0	0	0
1	10	86	-18	1592	1812	10	115	0
2	16	62	15	1576	1713	10	0	120
3	84	36	10	123	812	10	0	44
4	79	72	22	21	53	10	0	165
5	16	39	-10	350	418	10	42	0
6	61	54	10	18	440	10	0	69
7	96	26	10	51	616	10	0	61
8	16	92	-10	1366	1624	10	58	0
9	85	106	20	145	334	10	0	12
10	6	25	10	460	702	10	0	122
11	37	125	-10	1164	1703	10	138	0
12	87	108	-20	213	369	10	9	0
13	18	104	-10	1377	1437	10	35	0
14	61	48	20	292	369	10	0	78
15	97	29	30	49	400	10	0	27
16	112	67	10	174	606	10	0	157
17	50	106	-20	1163	1520	10	20	0
18	99	28	30	368	411	10	0	145
19	15	9	-10	1482	1920	10	180	0
20	19	37	20	360	769	10	0	17
21	90	101	-27	417	946	10	88	0
22	125	68	-20	582	1073	10	166	0
23	127	108	-10	375	823	10	86	0
24	90	44	6	141	398	10	0	68
25	4	23	-8	476	584	10	103	0
26	17	37	-10	354	593	10	153	0
27	113	32	-30	502	771	10	15	0
28	63	57	-20	14	451	10	163	0
29	94	104	-10	438	708	10	118	0
30	58	95	-20	1825	2175	10	151	0
31	137	96	9	142	433	10	0	65
32	127	112	-20	488	599	10	127	0
33	103	119	18	1280	1513	10	0	154
34	20	69	13	1475	1669	10	0	146
35	2	28	10	156	596	10	0	13
36	88	29	-20	2031	2481	10	45	0
37	86	102	-20	35	420	10	100	0
38	126	112	-10	428	571	10	59	0
39	61	34	-10	1869	2032	10	193	0
40	113	69	20	177	505	10	0	192
41	109	78	-30	879	1143	10	129	0
42	21	48	10	53	506	10	0	5
43	86	36	20	152	596	10	0	135
44	97	12	-10	786	984	10	3	0
45	121	112	20	173	539	10	0	36
46	19	39	-19	452	773	10	162	0
47	66	40	20	30	536	10	0	144
48	87	39	20	35	460	10	0	131
49	63	50	10	143	415	10	0	113
50	121	123	-30	1017	1159	10	182	0
51	116	22	-30	468	754	10	72	0
52	137	101	12	618	857	10	0	83
53	137	137	-30	326	592	10	128	0
54	70	94	32	24	182	10	0	188
55	117	92	-17	998	1385	10	107	0
56	122	113	20	293	510	10	0	99
57	109	71	-34	39	397	10	195	0
58	35	102	10	637	861	10	0	8
59	91	108	10	273	421	10	0	38
60	8	87	17	1658	1671	10	0	75
61	140	42	-10	351	574	10	7	0
62	16	38	20	156	699	10	0	134
63	44	36	9	134	367	10	0	172
64	60	84	-10	1925	2048	10	125	0
65	109	139	-9	492	531	10	31	0
66	80	103	-16	1341	1755	10	82	0
67	66	82	-20	2029	2099	10	85	0
68	99	26	-6	217	466	10	24	0
69	34	108	-10	538	553	10	6	0
70	135	65	3	1297	1532	10	0	126
71	36	124	-20	859	1132	10	181	0
72	102	60	30	384	817	10	0	51
73	30	21	-9	1212	1488	10	79	0
74	139	110	-40	723	928	10	199	0
75	10	111	-17	1907	2156	10	60	0
76	18	70	26	1485	1763	10	0	141
77	4	28	-10	475	797	10	104	0
78	57	53	-20	254	620	10	14	0
79	54	41	9	1006	1363	10	0	73
80	107	25	-1	1079	1231	10	95	0
81	110	99	-10	1162	1380	10	173	0
82	84	88	16	1404	1566	10	0	66
83	101	0	-12	1884	2219	10	52	0
84	28	99	10	159	249	10	0	89
85	119	114	20	81	527	10	0	67
86	118	108	10	431	1088	10	0	23
87	50	112	18	842	1132	10	0	175
88	44	116	27	53	491	10	0	21
89	82	100	-10	381	573	10	84	0
90	83	12	29	831	1130	10	0	116
91	126	23	13	1060	1168	10	0	185
92	85	75	37	15	249	10	0	160
93	39	13	-15	1491	1636	10	178	0
94	120	136	10	247	789	10	0	101
95	105	2	1	848	1062	10	0	80
96	36	54	-20	1469	1626	10	98	0
97	35	90	-1	1588	2099	10	174	0
98	111	66	20	271	601	10	0	96
99	119	136	-20	411	538	10	56	0
100	84	99	20	35	222	10	0	37
101	137	127	-10	715	969	10	94	0
102	95	35	-9	167	348	10	167	0
103	69	6	8	88	695	10	0	25
104	1	24	10	417	537	10	0	77
105	31	112	20	398	573	10	0	187
106	138	78	43	787	952	10	0	194
107	100	99	17	1199	1313	10	0	55
108	123	112	-30	347	548	10	143	0
109	119	130	20	600	744	10	0	189
110	92	22	-40	645	995	10	111	0
111	137	7	40	652	714	10	0	110
112	121	124	-10	522	797	10	147	0
113	34	104	-10	496	800	10	49	0
114	121	110	-8	622	787	10	155	0
115	56	139	18	1144	1455	10	0	1
116	106	10	-29	1107	1404	10	90	0
117	125	108	20	284	1011	10	0	158
118	21	115	10	182	625	10	0	29
119	110	66	10	467	493	10	0	184
120	36	38	-15	1787	1834	10	2	0
121	56	129	-13	1129	1283	10	149	0
122	4	30	-10	596	771	10	10	0
123	8	138	10	1010	1440	10	0	137
124	88	35	20	77	573	10	0	183
125	116	132	10	746	787	10	0	64
126	113	45	-3	1092	1419	10	70	0
127	28	107	20	113	528	10	0	32
128	115	134	30	122	591	10	0	53
129	116	83	30	687	869	10	0	41
130	57	59	-20	295	797	10	132	0
131	89	39	-20	38	252	10	48	0
132	59	52	20	348	429	10	0	130
133	112	71	20	97	402	10	0	177
134	35	99	-20	673	929	10	62	0
135	23	39	-20	1355	1579	10	43	0
136	84	39	-30	256	783	10	161	0
137	19	120	-10	1084	1125	10	123	0
138	20	39	10	557	757	10	0	11
139	90	104	-16	382	877	10	140	0
140	66	91	16	21	391	10	0	139
141	4	44	-26	1706	1739	10	76	0
142	78	63	19	10	242	10	0	179
143	92	107	30	155	630	10	0	108
144	37	138	-20	695	1103	10	47	0
145	120	14	-30	889	1299	10	18	0
146	33	0	-13	1862	2117	10	34	0
147	113	71	10	286	300	10	0	112
148	112	13	27	2038	2282	0	0	202
149	41	36	13	149	383	10	0	121
150	64	61	-20	373	940	10	171	0
151	121	134	20	311	823	10	0	30
152	103	44	12	138	199	10	0	198
153	67	55	10	15	403	10	0	26
154	86	80	-18	1525	1591	10	33	0
155	64	132	8	62	565	10	0	114
156	93	36	-9	41	528	10	196	0
157	115	124	-10	1505	1903	10	16	0
158	103	82	-20	1188	1542	10	117	0
159	18	38	-16	474	565	10	200	0
160	122	131	-37	584	655	10	92	0
161	107	63	30	490	583	10	0	136
162	48	47	19	31	536	10	0	46
163	62	58	20	134	195	10	0	28
164	0	27	-10	241	609	10	197	0
165	118	114	-22	74	446	10	4	0
166	91	95	20	485	1007	10	0	22
167	113	35	9	231	292	10	0	102
168	119	139	-13	276	568	10	169	0
169	104	54	13	258	283	10	0	168
170	15	4	23	314	613	10	0	186
171	59	56	20	266	718	10	0	150
172	21	44	-9	229	313	10	63	0
173	100	106	10	274	655	10	0	81
174	47	83	1	1327	1334	10	0	97
175	34	72	-18	2218	2290	10	87	0
176	32	106	10	462	730	10	0	191
177	109	131	-20	134	445	10	133	0
178	89	24	15	1236	1292	10	0	93
179	97	28	-19	185	296	10	142	0
180	86	37	10	351	485	10	0	19
181	1	34	20	89	534	10	0	71
182	103	69	30	122	143	10	0	50
183	98	31	-20	322	562	10	124	0
184	103	34	-10	250	760	10	119	0
185	13	48	-13	1531	1953	10	91	0
186	22	38	-23	495	916	10	170	0
187	61	59	-20	534	671	10	105	0
188	94	105	-32	363	696	10	54	0
189	118	131	-20	390	1045	10	109	0
190	108	30	18	385	501	0	0	201
191	36	105	-10	599	795	10	176	0
192	133	130	-20	905	994	10	40	0
193	15	18	10	1546	1775	10	0	39
194	103	86	-43	882	1300	10	106	0
195	107	77	34	37	529	10	0	57
196	99	34	9	221	505	10	0	156
197	17	43	10	226	428	10	0	164
198	140	36	-12	521	1004	10	152	0
199	26	105	40	121	418	10	0	74
200	60	23	16	58	492	10	0	159
201	108	30	-18	385	501	10	190	0
202	112	13	-27	2038	2282	10	148	0
