200	1000	1
0	200	200	0	0	6289	0	0	0
1	244	56	-20	2472	2943	10	100	0
2	245	106	20	365	726	10	0	204
3	233	214	10	328	420	10	0	542
4	395	340	-35	879	1041	10	6	0
5	229	371	-13	3973	4249	10	797	0
6	384	248	35	765	1129	10	0	4
7	277	163	-24	611	837	10	523	0
8	52	94	-10	4540	4714	10	616	0
9	89	152	20	459	790	10	0	579
10	218	284	20	675	1047	10	0	598
11	340	276	-26	3401	3661	10	263	0
12	206	106	33	958	1466	10	0	659
13	375	247	10	592	940	10	0	46
14	113	179	10	693	996	10	0	367
15	348	280	-30	565	1290	10	73	0
16	223	372	30	813	1199	10	0	404
17	361	287	-10	778	1386	10	71	0
18	6	62	-22	3352	3943	10	206	0
19	37	397	50	3025	3695	10	0	664
20	364	27	-40	966	1594	10	107	0
21	14	201	-20	810	1036	10	363	0
22	325	294	-20	4582	4703	10	252	0
23	41	382	-10	809	1296	10	521	0
24	325	130	-22	3961	4465	10	667	0
25	384	47	-20	4304	4547	10	127	0
26	116	181	20	892	997	10	0	533
27	346	155	-30	840	1177	10	516	0
28	359	30	-27	1187	1681	10	433	0
29	222	284	-10	193	662	10	145	0
30	91	150	10	369	678	10	0	565
31	140	387	-20	581	1086	10	320	0
32	176	154	15	51	468	10	0	174
33	352	383	-16	2896	3607	10	148	0
34	213	332	-20	2722	3139	10	275	0
35	133	68	20	555	961	10	0	307
36	151	188	18	50	363	10	0	574
37	105	250	-10	600	957	10	373	0
38	94	70	30	1019	1344	10	0	370
39	287	307	-15	649	1275	10	586	0
40	267	321	26	2431	2754	10	0	64
41	220	71	-17	2739	2791	10	735	0
42	244	106	40	535	645	10	0	235
43	338	290	12	2554	2767	10	0	457
44	5	345	-20	4707	5098	10	309	0
45	145	301	8	115	840	10	0	494
46	393	301	-10	700	1140	10	13	0
47	359	23	-20	765	1222	10	343	0
48	196	107	-10	5200	5554	10	117	0
49	348	41	16	2410	2971	10	0	380
50	59	51	14	693	1075	10	0	715
51	126	91	-10	625	1015	10	208	0
52	234	214	10	355	644	10	0	247
53	108	395	12	2339	2362	10	0	468
54	186	306	10	539	959	10	0	497
55	125	122	15	293	716	10	0	393
56	12	368	12	2978	3313	10	0	771
57	348	279	10	714	1054	10	0	639
58	26	247	10	741	864	10	0	581
59	393	306	-20	893	1148	10	453	0
60	268	114	-20	532	992	10	710	0
61	2	17	-18	1006	1269	10	649	0
62	62	258	-10	488	955	10	133	0
63	186	145	-13	5966	6076	10	390	0
64	338	315	-26	3466	4271	10	40	0
65	66	118	-20	2094	2543	10	332	0
66	68	378	10	2602	2971	10	0	339
67	294	136	10	113	799	10	0	509
68	73	126	38	1528	1948	10	0	687
69	68	263	-10	507	1169	10	548	0
70	302	136	-30	688	754	10	660	0
71	234	203	10	459	994	10	0	17
72	127	94	10	662	1189	10	0	475
73	233	208	30	50	306	10	0	15
74	210	1	-30	3894	4223	10	194	0
75	102	252	10	527	921	10	0	698
76	152	237	10	202	484	10	0	95
77	2	3	14	3098	3375	10	0	488
78	92	162	-13	876	1265	10	209	0
79	177	55	17	2941	3224	10	0	241
80	193	29	16	2926	3250	10	0	246
81	105	360	-10	3017	3388	10	432	0
82	193	216	-24	4778	5189	10	745	0
83	338	150	16	3001	3263	10	0	462
84	68	143	-26	4849	5312	10	233	0
85	180	15	-14	3220	3899	10	427	0
86	182	378	10	789	830	10	0	124
87	39	384	-20	1042	1165	10	551	0
88	43	386	-10	1088	1393	10	617	0
89	291	301	20	259	828	10	0	451
90	32	251	-20	949	1216	10	105	0
91	246	298	-10	3821	3948	10	281	0
92	32	229	-10	4119	4437	10	757	0
93	116	252	-10	195	596	10	356	0
94	198	295	-9	213	1064	10	737	0
95	63	262	-10	565	990	10	76	0
96	119	179	10	854	1143	10	0	592
97	174	375	-20	1063	1595	10	557	0
98	199	45	-10	3054	3383	10	571	0
99	150	236	20	163	426	10	0	759
100	363	24	20	951	1229	10	0	1
101	393	307	10	908	1312	10	0	289
102	331	251	-20	312	813	10	751	0
103	293	306	20	488	722	10	0	153
104	18	102	18	788	1189	10	0	782
105	196	293	20	349	650	10	0	90
106	299	141	10	704	1245	10	0	189
107	364	25	40	1067	1398	10	0	20
108	41	183	-20	4669	4868	10	661	0
109	342	385	10	1400	1569	10	0	118
110	302	203	-20	679	1025	10	763	0
111	212	197	-30	3375	3574	10	604	0
112	384	294	20	1998	2579	0	0	802
113	381	290	-10	1809	2065	10	397	0
114	110	254	20	286	928	10	0	425
115	196	51	-10	1908	2450	10	634	0
116	264	341	9	4026	4420	10	0	761
117	23	98	10	1102	1678	10	0	48
118	278	265	-10	2387	2922	10	109	0
119	23	97	-20	1166	1526	10	220	0
120	281	155	10	375	840	10	0	637
121	352	162	10	563	770	10	0	277
122	209	85	10	445	750	10	0	341
123	15	4	-21	2691	3024	10	758	0
124	177	379	-10	1175	1363	10	86	0
125	18	208	-20	868	1326	10	441	0
126	343	322	-22	3200	3412	10	357	0
127	369	107	20	1026	1325	10	0	25
128	31	360	-10	1049	1290	10	762	0
129	263	110	-30	473	752	10	222	0
130	240	246	20	60	559	10	0	362
131	380	339	10	2898	3154	10	0	210
132	111	286	-20	452	732	10	582	0
133	213	271	10	221	755	10	0	62
134	251	381	17	877	1385	10	0	150
135	322	242	-37	770	1217	10	644	0
136	390	52	-20	1110	1342	10	594	0
137	26	70	-10	3595	3895	10	681	0
138	300	132	10	371	955	10	0	440
139	342	384	10	1239	1818	10	0	417
140	357	160	-23	421	1136	10	334	0
141	204	87	30	311	676	10	0	342
142	197	293	-20	353	558	10	671	0
143	98	107	17	3770	3824	10	0	477
144	400	109	20	3406	3493	10	0	298
145	231	243	10	338	939	10	0	29
146	84	221	-10	4336	4608	10	529	0
147	230	290	20	369	730	10	0	569
148	397	261	16	2283	2514	10	0	33
149	222	283	20	266	501	10	0	727
150	247	377	-17	4869	4974	10	134	0
151	60	319	29	949	1212	10	0	265
152	79	154	-20	543	948	10	511	0
153	256	385	-20	2423	2463	10	103	0
154	140	40	27	3907	4333	10	0	673
155	8	119	11	3401	3428	10	0	795
156	208	274	-30	140	622	10	495	0
157	84	293	-10	2035	2534	10	324	0
158	74	351	32	3719	4079	10	0	609
159	95	64	20	568	977	10	0	231
160	329	236	10	522	968	10	0	486
161	248	286	35	225	643	10	0	267
162	234	243	20	313	859	10	0	503
163	244	109	20	177	810	10	0	395
164	340	388	10	1195	1665	10	0	188
165	161	233	30	373	680	10	0	245
166	125	95	-20	768	986	10	585	0
167	351	199	-12	2912	3544	10	578	0
168	61	333	10	1072	1334	10	0	595
169	146	324	-7	5536	5876	10	198	0
170	372	104	20	856	1212	10	0	747
171	381	144	-23	1612	2425	10	514	0
172	394	299	-8	3132	3339	10	743	0
173	363	30	-10	1182	1575	10	693	0
174	358	23	-15	773	1126	10	32	0
175	220	238	12	42	339	10	0	652
176	97	105	-14	3693	3975	10	399	0
177	186	355	25	424	822	10	0	626
178	391	42	-12	3768	4064	10	611	0
179	48	326	20	802	1026	10	0	628
180	74	87	-10	5280	5678	10	383	0
181	264	69	-30	2461	2982	10	577	0
182	341	394	-40	1028	1410	10	347	0
183	128	95	-20	876	1243	10	438	0
184	362	383	-20	787	1379	10	651	0
185	41	340	-21	3126	3894	10	753	0
186	13	220	15	4178	4463	10	0	286
187	85	61	20	613	831	10	0	280
188	340	290	-10	1849	1878	10	164	0
189	396	106	-10	1015	1267	10	106	0
190	79	344	-30	799	1054	10	358	0
191	201	195	12	5	260	10	0	605
192	90	311	12	2631	2838	10	0	624
193	207	185	-14	4743	5140	10	199	0
194	92	255	30	1582	1930	10	0	74
195	385	56	10	702	1446	10	0	196
196	396	59	-10	1212	1474	10	195	0
197	51	326	10	791	934	10	0	691
198	169	352	7	845	1267	10	0	169
199	230	139	14	4954	5548	10	0	193
200	286	44	-10	2001	2646	10	426	0
201	286	308	-20	782	1234	10	742	0
202	339	69	26	3803	4043	10	0	536
203	206	296	-20	596	1043	10	683	0
204	142	385	-20	1945	2393	10	2	0
205	370	57	10	4404	4663	10	0	489
206	35	79	22	1560	1940	10	0	18
207	17	209	-10	909	1193	10	513	0
208	128	68	10	721	1081	10	0	51
209	145	165	13	65	647	10	0	78
210	237	259	-10	4568	4941	10	131	0
211	89	154	-23	691	1209	10	778	0
212	72	257	10	935	1260	10	0	213
213	158	121	-10	4461	4502	10	212	0
214	323	243	20	668	1227	10	0	588
215	367	361	-26	1685	2331	10	554	0
216	165	126	-20	4917	5141	10	756	0
217	45	85	10	3526	3915	10	0	568
218	137	68	25	503	767	10	0	449
219	310	143	-10	617	989	10	656	0
220	18	100	20	745	1000	10	0	119
221	201	6	25	2230	2571	10	0	552
222	297	135	30	293	918	10	0	129
223	86	154	-20	693	1017	10	306	0
224	374	175	-10	1237	1634	10	633	0
225	91	70	-18	1062	1197	10	412	0
226	166	357	-20	4630	5196	10	736	0
227	113	183	30	565	912	10	0	583
228	347	395	-19	1038	1271	10	385	0
229	243	244	30	61	613	10	0	500
230	243	140	15	4935	5372	10	0	359
231	14	100	-20	755	1182	10	159	0
232	393	312	30	961	1590	10	0	333
233	92	384	26	1419	1924	10	0	84
234	294	249	-13	1815	2073	10	484	0
235	195	91	-40	782	1005	10	42	0
236	235	212	20	37	732	10	0	780
237	350	271	-15	529	887	10	331	0
238	353	164	-30	454	978	10	525	0
239	262	233	-7	4212	4784	10	731	0
240	200	48	20	851	1028	10	0	242
241	214	119	-17	3962	4274	10	79	0
242	234	37	-20	1926	2292	10	240	0
243	93	62	-10	661	1070	10	685	0
244	234	73	8	521	840	10	0	487
245	157	378	-30	3453	3997	10	165	0
246	194	43	-16	2793	3124	10	80	0
247	268	223	-10	100	475	10	52	0
248	355	156	-1	393	1279	10	491	0
249	248	124	-38	2599	2836	10	353	0
250	364	213	11	2263	2483	10	0	678
251	371	253	30	838	1194	10	0	313
252	31	353	20	778	1125	10	0	22
253	41	337	-20	2529	2943	10	701	0
254	209	167	17	46	227	10	0	371
255	352	303	-20	4189	4508	10	744	0
256	53	326	-20	687	941	10	790	0
257	388	106	9	910	1319	10	0	770
258	21	104	-20	760	864	10	458	0
259	381	12	15	2198	2646	10	0	709
260	221	379	-10	781	997	10	314	0
261	46	380	-19	1252	1452	10	562	0
262	192	332	-10	1646	1980	10	400	0
263	343	359	26	1642	2127	10	0	11
264	320	211	6	156	808	10	0	291
265	34	355	-29	1047	1445	10	151	0
266	338	106	-5	3733	3998	10	290	0
267	397	283	-35	1440	1974	10	161	0
268	267	161	-35	785	1078	10	411	0
269	124	221	-10	3800	4345	10	600	0
270	310	340	-10	616	889	10	345	0
271	270	106	30	308	771	10	0	315
272	243	104	20	392	1059	10	0	431
273	68	250	-45	2177	2453	10	329	0
274	213	305	-20	1790	2249	10	473	0
275	214	378	20	462	967	10	0	34
276	287	279	-11	4608	5085	10	321	0
277	313	64	-10	1637	1701	10	121	0
278	244	285	-33	5167	5493	10	570	0
279	154	68	-1	2737	3294	10	738	0
280	14	53	-20	3147	3410	10	187	0
281	298	137	10	475	638	10	0	91
282	371	111	3	951	1164	10	0	465
283	393	246	-20	1804	2383	10	346	0
284	118	122	-16	3491	4232	10	439	0
285	9	47	-10	3078	3865	10	589	0
286	171	168	-15	5232	5713	10	186	0
287	321	212	30	176	899	10	0	352
288	115	185	10	370	502	10	0	303
289	336	387	-10	1271	1476	10	101	0
290	357	202	5	1958	2156	10	0	266
291	374	104	-6	738	1234	10	264	0
292	271	371	15	2923	3210	10	0	566
293	291	398	-20	2012	2357	10	436	0
294	353	3	-10	829	1336	10	311	0
295	74	213	-10	1571	2026	10	549	0
296	17	99	-26	4008	4163	10	775	0
297	253	316	21	1505	1980	10	0	369
298	369	118	-20	4057	4479	10	144	0
299	11	328	-19	2910	3348	10	792	0
300	126	70	-25	805	1207	10	330	0
301	165	264	20	72	513	10	0	752
302	377	282	-30	1424	1802	10	325	0
303	73	292	-10	601	923	10	288	0
304	174	326	-30	3711	4048	10	555	0
305	135	161	-20	5391	5532	10	386	0
306	85	155	20	597	1023	10	0	223
307	360	23	-20	786	1288	10	35	0
308	20	91	10	905	1475	10	0	338
309	72	253	20	395	714	10	0	44
310	87	155	-9	789	1013	10	421	0
311	134	63	10	386	1010	10	0	294
312	349	275	10	736	918	10	0	711
313	325	45	-30	2393	2439	10	251	0
314	182	300	10	308	685	10	0	260
315	328	239	-30	510	1087	10	271	0
316	138	143	17	260	515	10	0	361
317	372	256	-20	1001	1135	10	437	0
318	57	381	22	756	1195	10	0	415
319	162	251	21	63	499	10	0	360
320	183	301	20	410	673	10	0	31
321	381	375	11	4175	4517	10	0	276
322	389	171	-10	1442	2290	10	573	0
323	179	305	-10	495	1139	10	697	0
324	14	210	10	739	1259	10	0	157
325	290	311	30	644	975	10	0	302
326	345	158	-30	1033	1089	10	512	0
327	200	83	10	460	985	10	0	469
328	342	154	-20	1556	1763	10	355	0
329	18	294	45	1743	2275	10	0	273
330	156	4	25	792	1012	10	0	300
331	247	212	15	592	907	10	0	237
332	93	149	20	355	593	10	0	65
333	299	399	-30	2914	3394	10	232	0
334	369	171	23	545	827	10	0	140
335	246	247	-10	2755	2796	10	337	0
336	356	223	-14	3741	4122	10	607	0
337	266	116	10	661	966	10	0	335
338	39	34	-10	806	1251	10	308	0
339	51	205	-10	4744	5104	10	66	0
340	180	387	10	974	1107	10	0	538
341	203	88	-10	261	636	10	122	0
342	173	72	-30	999	1316	10	141	0
343	129	85	20	516	827	10	0	47
344	45	291	18	743	1084	10	0	518
345	294	311	10	531	890	10	0	270
346	305	198	20	343	497	10	0	283
347	338	391	40	1172	1379	10	0	182
348	349	135	28	1952	2550	10	0	696
349	237	213	20	278	826	10	0	410
350	82	360	10	964	1235	10	0	800
351	102	84	3	427	1016	10	0	680
352	300	144	-30	893	1160	10	287	0
353	236	38	38	1584	1997	10	0	249
354	278	159	-20	485	851	10	401	0
355	344	280	20	886	1194	10	0	328
356	149	234	10	203	288	10	0	93
357	320	373	22	2157	2374	10	0	126
358	109	252	30	570	743	10	0	190
359	218	134	-15	4926	5392	10	230	0
360	184	282	-21	158	510	10	319	0
361	32	78	-17	2529	2779	10	316	0
362	395	310	-20	1003	1325	10	130	0
363	19	206	20	949	1343	10	0	21
364	243	275	-23	3520	3957	10	785	0
365	175	192	-20	3554	3957	10	576	0
366	299	227	25	165	739	10	0	635
367	159	164	-10	5114	5696	10	14	0
368	215	260	-16	99	396	10	764	0
369	163	364	-21	3092	3325	10	297	0
370	208	20	-30	2389	2539	10	38	0
371	97	387	-17	2086	2523	10	254	0
372	294	13	-20	2308	2507	10	505	0
373	108	250	10	701	1070	10	0	37
374	389	306	-20	995	1775	10	447	0
375	262	30	8	638	810	10	0	677
376	334	92	-30	1581	2087	10	428	0
377	279	337	-30	2443	2502	10	692	0
378	3	15	20	4162	4771	10	0	531
379	210	271	20	231	422	10	0	641
380	256	145	-16	4593	4678	10	49	0
381	387	267	11	3352	3904	10	0	787
382	8	285	-30	1162	1545	10	515	0
383	83	357	10	990	1492	10	0	180
384	267	295	-12	2861	3110	10	640	0
385	279	262	19	247	557	10	0	228
386	238	101	20	480	1097	10	0	305
387	219	377	20	908	972	10	0	723
388	126	90	-11	3326	3718	10	567	0
389	129	67	30	544	1166	10	0	620
390	166	115	13	4993	5117	10	0	63
391	238	250	20	346	512	10	0	526
392	246	244	-30	2552	2997	10	591	0
393	131	95	-15	379	707	10	55	0
394	115	257	10	443	644	10	0	703
395	243	106	-20	547	721	10	163	0
396	202	158	-16	4482	4904	10	498	0
397	389	307	10	1261	1420	10	0	113
398	237	109	10	712	1090	10	0	539
399	117	148	14	309	474	10	0	176
400	180	375	10	470	939	10	0	262
401	276	157	20	371	626	10	0	354
402	303	358	-20	1201	1649	10	695	0
403	17	96	10	1001	1055	10	0	580
404	173	381	-30	1034	1388	10	16	0
405	70	81	-20	3363	3776	10	733	0
406	46	197	21	1575	1932	10	0	679
407	206	81	20	341	973	10	0	550
408	348	343	-10	1144	1694	10	694	0
409	95	63	-10	532	1102	10	435	0
410	324	216	-20	451	744	10	349	0
411	265	127	35	97	858	10	0	268
412	196	138	18	199	500	10	0	225
413	26	260	-30	2453	2701	10	419	0
414	384	307	-30	1335	1823	10	791	0
415	23	317	-22	1852	1898	10	318	0
416	204	292	10	802	952	10	0	718
417	321	287	-10	2090	2756	10	139	0
418	56	97	-29	3631	4020	10	740	0
419	70	264	30	645	1130	10	0	413
420	152	240	30	177	614	10	0	714
421	0	155	9	638	1003	10	0	310
422	317	68	13	4562	4839	10	0	442
423	395	167	-8	3879	4081	10	750	0
424	289	306	10	720	1106	10	0	776
425	75	367	-20	819	1222	10	114	0
426	353	276	10	597	945	10	0	200
427	183	71	14	2899	3338	10	0	85
428	312	200	30	321	1044	10	0	376
429	49	222	11	4316	4823	10	0	464
430	297	137	18	1696	2088	10	0	618
431	200	89	-20	660	1004	10	272	0
432	242	113	10	304	566	10	0	81
433	341	33	27	1086	1267	10	0	28
434	55	341	14	2686	2837	10	0	602
435	99	67	10	639	786	10	0	409
436	236	243	20	487	589	10	0	293
437	229	209	20	30	421	10	0	317
438	93	59	20	797	1039	10	0	183
439	143	159	16	161	401	10	0	284
440	267	112	-10	639	787	10	138	0
441	196	295	20	412	769	10	0	125
442	334	100	-13	4375	4845	10	422	0
443	122	183	20	110	528	10	0	452
444	225	53	-10	4243	4535	10	614	0
445	28	353	-20	641	1366	10	506	0
446	158	239	20	178	740	10	0	650
447	392	307	20	1018	1114	10	0	374
448	13	59	-27	2261	2334	10	560	0
449	127	90	-25	562	988	10	218	0
450	221	281	20	127	543	10	0	463
451	326	374	-20	2079	2662	10	89	0
452	178	103	-20	2404	2656	10	443	0
453	376	251	20	577	1068	10	0	59
454	293	310	-10	548	964	10	543	0
455	386	60	30	1327	1519	10	0	612
456	300	272	-20	2799	2864	10	798	0
457	243	209	-12	5356	5797	10	43	0
458	102	67	20	377	945	10	0	258
459	285	107	-10	1804	2320	10	472	0
460	82	365	-10	774	1037	10	704	0
461	5	344	-31	5008	5186	10	621	0
462	366	97	-16	2936	3360	10	83	0
463	220	283	-20	712	1109	10	450	0
464	79	95	-11	4738	5188	10	429	0
465	369	100	-3	595	1141	10	282	0
466	371	244	20	577	836	10	0	670
467	366	340	-24	2605	3237	10	663	0
468	85	128	-12	4998	5424	10	53	0
469	231	6	-10	2701	3027	10	327	0
470	330	313	-20	490	887	10	675	0
471	202	85	-19	551	997	10	725	0
472	236	204	10	473	883	10	0	459
473	220	381	20	668	895	10	0	274
474	206	286	-15	1795	2216	10	479	0
475	274	7	-10	1119	1637	10	72	0
476	369	211	20	1738	2083	10	0	799
477	126	208	-17	5410	5667	10	143	0
478	134	62	-11	531	777	10	547	0
479	67	318	15	787	1299	10	0	474
480	232	127	13	79	567	10	0	546
481	96	209	28	344	760	10	0	619
482	146	301	-30	1357	1587	10	563	0
483	308	178	-10	1420	1887	10	507	0
484	294	118	13	363	634	10	0	234
485	280	224	20	696	1238	10	0	561
486	241	275	-10	2790	2898	10	160	0
487	82	65	-8	927	1088	10	244	0
488	159	11	-14	4782	4845	10	77	0
489	300	64	-10	4556	4820	10	205	0
490	22	96	-18	970	1287	10	527	0
491	334	186	1	579	787	10	0	248
492	310	200	-20	568	893	10	496	0
493	52	331	-23	825	1323	10	772	0
494	25	256	-8	780	1058	10	45	0
495	210	268	30	68	503	10	0	156
496	310	196	20	425	701	10	0	492
497	183	375	-10	625	888	10	54	0
498	194	65	16	1451	1759	10	0	396
499	366	251	20	977	1393	10	0	658
500	285	184	-30	3948	4411	10	229	0
501	160	313	-11	3282	3708	10	794	0
502	349	324	-2	1863	2563	10	630	0
503	225	288	-20	388	588	10	162	0
504	124	69	10	767	1148	10	0	719
505	349	272	20	436	887	10	0	372
506	87	365	20	727	872	10	0	445
507	240	210	10	458	759	10	0	483
508	40	380	30	816	1191	10	0	642
509	276	116	-10	340	566	10	67	0
510	280	5	-50	4118	4130	10	613	0
511	20	204	20	770	833	10	0	152
512	301	139	30	785	1060	10	0	326
513	195	294	10	350	739	10	0	207
514	377	144	23	1637	2221	10	0	171
515	34	242	30	514	856	10	0	382
516	324	217	30	458	825	10	0	27
517	348	371	23	2622	2714	10	0	786
518	70	256	-18	878	1220	10	344	0
519	48	304	-10	779	1178	10	720	0
520	41	378	-20	765	1144	10	793	0
521	114	254	10	221	762	10	0	23
522	264	112	-34	371	951	10	532	0
523	244	176	24	50	561	10	0	7
524	349	181	-10	1028	1404	10	690	0
525	346	163	30	339	866	10	0	238
526	52	334	-20	947	1306	10	391	0
527	53	51	18	653	1343	10	0	490
528	177	174	10	37	240	10	0	789
529	114	178	10	563	1217	10	0	146
530	367	255	-30	1041	1216	10	766	0
531	19	61	-20	4489	4851	10	378	0
532	273	118	34	259	705	10	0	522
533	84	359	-20	1032	1351	10	26	0
534	244	114	10	163	610	10	0	603
535	321	144	-20	4152	4482	10	724	0
536	384	53	-26	3618	4099	10	202	0
537	29	250	30	620	1439	10	0	540
538	172	383	-10	991	1333	10	340	0
539	84	360	-10	880	1415	10	398	0
540	28	246	-30	567	941	10	537	0
541	107	159	-10	3981	4393	10	645	0
542	319	160	-10	388	1075	10	3	0
543	230	241	10	491	883	10	0	454
544	32	352	30	558	1255	10	0	705
545	32	357	20	953	1437	10	0	653
546	237	108	-13	672	1041	10	480	0
547	162	94	11	333	568	10	0	478
548	185	299	10	312	576	10	0	69
549	110	188	10	337	662	10	0	295
550	259	4	-20	2424	2542	10	407	0
551	34	385	20	963	1365	10	0	87
552	156	32	-25	2940	3502	10	221	0
553	201	297	-20	601	917	10	631	0
554	311	344	26	736	883	10	0	215
555	174	329	30	2815	2904	10	0	304
556	119	286	18	3095	3653	10	0	629
557	179	383	20	653	1174	10	0	97
558	26	250	30	679	1030	10	0	599
559	84	363	20	694	1015	10	0	596
560	6	20	27	991	1233	10	0	448
561	373	253	-20	712	1223	10	485	0
562	184	233	19	36	527	10	0	261
563	177	300	30	704	1054	10	0	482
564	88	121	15	2154	2509	10	0	623
565	22	205	-10	540	885	10	30	0
566	306	361	-15	2725	3037	10	292	0
567	87	164	11	2592	2823	10	0	388
568	123	176	-10	4637	4841	10	217	0
569	131	275	-20	1965	2385	10	147	0
570	315	237	33	1983	2293	10	0	278
571	85	67	10	926	1198	10	0	98
572	197	300	10	571	828	10	0	741
573	308	196	10	350	681	10	0	322
574	114	88	-18	2621	2895	10	36	0
575	87	153	20	527	819	10	0	783
576	21	201	20	776	933	10	0	365
577	137	64	30	445	755	10	0	181
578	361	194	12	1433	1926	10	0	167
579	115	51	-20	3277	3628	10	9	0
580	24	96	-10	1021	1579	10	403	0
581	2	200	-10	1180	1671	10	58	0
582	211	274	20	98	768	10	0	132
583	102	149	-30	1878	2299	10	227	0
584	307	196	20	177	766	10	0	601
585	127	87	20	385	1060	10	0	166
586	302	274	15	866	1591	10	0	39
587	383	53	10	795	1162	10	0	622
588	376	254	-20	777	972	10	214	0
589	15	100	10	919	930	10	0	285
590	111	179	10	627	965	10	0	706
591	308	204	30	615	962	10	0	392
592	85	358	-10	1229	1351	10	96	0
593	391	54	-30	978	1571	10	688	0
594	385	55	20	716	1344	10	0	136
595	65	335	-10	1184	1572	10	168	0
596	46	378	-20	1163	1637	10	559	0
597	310	363	-20	4150	4444	10	754	0
598	217	286	-20	567	1058	10	10	0
599	33	247	-30	936	1342	10	558	0
600	88	150	10	536	614	10	0	269
601	397	73	-20	460	1415	10	584	0
602	70	231	-14	4408	4488	10	434	0
603	72	315	-10	2700	2872	10	534	0
604	131	67	30	659	956	10	0	111
605	117	381	-12	2376	2724	10	191	0
606	31	357	-2	934	1369	10	686	0
607	299	351	14	551	893	10	0	336
608	393	297	20	648	1080	10	0	700
609	102	118	-32	4482	4988	10	158	0
610	273	160	-20	609	960	10	655	0
611	350	131	12	2975	3560	10	0	178
612	364	55	-30	1181	1661	10	455	0
613	47	328	50	862	1064	10	0	510
614	109	186	10	336	853	10	0	444
615	143	20	15	4747	5113	10	0	773
616	134	98	10	233	738	10	0	8
617	42	384	10	1049	1529	10	0	88
618	255	80	-18	1820	2458	10	430	0
619	52	194	-28	2151	2359	10	481	0
620	128	93	-30	847	1096	10	389	0
621	50	385	31	3207	3498	10	0	461
622	386	57	-10	926	1313	10	587	0
623	86	112	-15	2595	3226	10	564	0
624	26	275	-12	4191	4981	10	192	0
625	40	336	-7	4655	5108	10	627	0
626	135	384	-25	762	1309	10	177	0
627	52	301	7	3592	3925	10	0	625
628	68	261	-20	739	1144	10	179	0
629	36	288	-18	3629	4144	10	556	0
630	375	294	2	2276	2668	10	0	502
631	220	288	20	529	886	10	0	553
632	186	304	10	466	820	10	0	788
633	369	106	10	975	1288	10	0	224
634	96	69	10	1011	1450	10	0	115
635	321	217	-25	495	892	10	366	0
636	177	77	13	3198	3312	10	0	769
637	320	216	-10	446	1031	10	120	0
638	246	47	-10	4223	4864	10	746	0
639	350	207	-10	1444	1698	10	57	0
640	279	247	12	219	516	10	0	384
641	153	315	-20	305	688	10	379	0
642	68	386	-30	1216	1380	10	508	0
643	399	179	26	1763	1938	0	0	801
644	297	240	37	644	1556	10	0	135
645	199	290	10	118	602	10	0	541
646	21	204	30	600	915	10	0	726
647	362	28	10	1319	1339	10	0	748
648	353	65	-40	1102	1464	10	749	0
649	24	57	18	703	1112	10	0	61
650	75	368	-20	748	1204	10	446	0
651	393	305	20	815	1137	10	0	184
652	239	254	-12	275	470	10	175	0
653	146	320	-20	1679	2415	10	545	0
654	369	6	-20	2017	2482	10	760	0
655	277	154	20	221	882	10	0	610
656	304	141	10	694	1042	10	0	219
657	205	372	-10	3456	3778	10	689	0
658	339	3	-20	3083	3458	10	499	0
659	254	0	-33	2687	2814	10	12	0
660	321	209	30	305	665	10	0	70
661	114	250	20	737	1162	10	0	108
662	318	219	20	521	1147	10	0	779
663	209	283	24	2366	2692	10	0	467
664	48	358	-50	3475	3650	10	19	0
665	339	384	20	1394	1768	10	0	682
666	351	153	-10	602	1191	10	708	0
667	377	29	22	2543	3550	10	0	24
668	317	183	29	281	786	10	0	721
669	183	303	20	361	819	10	0	712
670	299	308	-20	2220	2406	10	466	0
671	197	292	20	243	579	10	0	142
672	370	98	-20	648	1187	10	777	0
673	188	67	-27	4082	4433	10	154	0
674	207	87	20	514	578	10	0	781
675	295	307	20	633	676	10	0	470
676	325	311	-15	2222	2799	10	765	0
677	228	96	-8	1127	1571	10	375	0
678	368	215	-11	2724	3208	10	250	0
679	208	86	-21	3794	3987	10	406	0
680	75	76	-3	1165	1586	10	351	0
681	27	251	10	696	1265	10	0	137
682	308	314	-20	2432	2806	10	665	0
683	217	289	20	479	1041	10	0	203
684	337	388	-20	1004	1653	10	796	0
685	133	94	10	343	841	10	0	243
686	91	388	2	859	982	10	0	606
687	87	147	-38	3329	3787	10	68	0
688	389	54	30	1055	1298	10	0	593
689	185	386	10	710	1250	10	0	657
690	234	212	10	94	556	10	0	524
691	53	330	-10	811	1246	10	197	0
692	237	247	30	366	597	10	0	377
693	369	19	10	881	1440	10	0	173
694	346	385	10	855	1112	10	0	408
695	397	313	20	939	1498	10	0	402
696	355	41	-28	3394	3438	10	348	0
697	211	266	10	323	775	10	0	323
698	8	363	-10	3423	3732	10	75	0
699	59	89	-20	2919	3356	10	732	0
700	344	391	-20	890	1299	10	608	0
701	242	105	20	542	817	10	0	253
702	327	242	-10	646	1136	10	755	0
703	55	324	-10	748	779	10	394	0
704	114	252	10	212	675	10	0	460
705	29	355	-30	898	1208	10	544	0
706	102	377	-10	3927	4067	10	590	0
707	345	382	20	743	1119	10	0	768
708	313	194	10	533	703	10	0	666
709	285	136	-15	4369	4462	10	259	0
710	272	154	20	118	759	10	0	60
711	379	254	-10	911	1523	10	312	0
712	22	210	-20	981	1430	10	669	0
713	117	187	30	123	647	10	0	774
714	157	220	-30	5380	5750	10	420	0
715	21	96	-14	813	1355	10	50	0
716	182	379	20	820	887	10	0	739
717	298	138	-20	397	629	10	728	0
718	28	356	-10	986	1210	10	416	0
719	130	70	-10	858	1266	10	504	0
720	111	184	10	439	853	10	0	519
721	319	113	-29	4536	4922	10	668	0
722	347	385	-10	872	1182	10	784	0
723	220	337	-20	1128	1488	10	387	0
724	344	283	20	929	1046	10	0	535
725	217	98	19	273	554	10	0	471
726	76	90	-30	2855	3238	10	646	0
727	175	299	-20	889	967	10	149	0
728	270	151	20	212	471	10	0	717
729	398	258	-10	2263	2640	10	767	0
730	344	321	2	907	1242	10	0	734
731	266	234	7	3625	3798	10	0	239
732	49	187	20	579	1072	10	0	699
733	92	155	20	788	1217	10	0	405
734	344	236	-2	3371	3823	10	730	0
735	226	52	17	1837	2245	10	0	41
736	183	294	20	206	558	10	0	226
737	237	243	9	56	406	10	0	94
738	184	69	1	1934	2212	10	0	279
739	222	383	-20	510	1155	10	716	0
740	21	255	29	2948	3257	10	0	418
741	390	357	-10	3967	4483	10	572	0
742	272	161	20	648	1012	10	0	201
743	371	349	8	1016	1206	10	0	172
744	220	296	20	632	639	10	0	255
745	184	235	24	4318	4792	10	0	82
746	113	184	10	579	810	10	0	638
747	370	104	-20	738	1427	10	170	0
748	273	182	-10	3155	3769	10	647	0
749	382	54	40	753	1114	10	0	648
750	379	126	8	3317	3734	10	0	423
751	327	241	20	756	938	10	0	102
752	189	306	-20	435	960	10	301	0
753	26	326	21	2327	2855	10	0	185
754	367	104	20	449	1092	10	0	597
755	271	154	10	178	610	10	0	702
756	67	258	20	687	1302	10	0	216
757	86	357	10	1135	1536	10	0	92
758	107	98	21	529	655	10	0	123
759	66	254	-20	365	952	10	99	0
760	374	253	20	666	1182	10	0	654
761	228	341	-9	3849	4329	10	116	0
762	60	328	10	957	1568	10	0	128
763	268	160	20	650	1123	10	0	110
764	201	255	16	55	854	10	0	368
765	397	362	15	787	1336	10	0	676
766	236	210	30	37	530	10	0	530
767	349	157	10	864	1045	10	0	729
768	348	319	-20	1135	1635	10	707	0
769	186	75	-13	2963	3394	10	636	0
770	327	115	-9	1201	1346	10	257	0
771	77	319	-12	4965	5067	10	56	0
772	147	210	23	167	265	10	0	493
773	195	148	-15	5355	5370	10	615	0
774	108	186	-30	307	794	10	713	0
775	26	199	26	3022	3558	10	0	296
776	305	255	-10	1096	1512	10	424	0
777	368	102	20	654	985	10	0	672
778	146	174	23	59	476	10	0	211
779	319	217	-20	504	1066	10	662	0
780	335	202	-20	3052	3701	10	236	0
781	128	94	-20	840	1191	10	674	0
782	82	78	-18	4624	4982	10	104	0
783	92	68	-20	2783	3100	10	575	0
784	231	219	10	275	596	10	0	722
785	309	274	23	1266	1578	10	0	364
786	336	386	-23	2798	3139	10	517	0
787	324	194	-11	4049	4598	10	381	0
788	174	387	-10	1018	1190	10	632	0
789	24	93	-10	1067	1428	10	528	0
790	107	247	20	740	925	10	0	256
791	291	308	30	712	1011	10	0	414
792	13	322	19	1359	1702	10	0	299
793	68	254	20	429	793	10	0	520
794	142	379	11	2938	3425	10	0	501
795	43	121	-11	3826	4174	10	155	0
796	329	241	20	481	890	10	0	684
797	260	352	13	1387	1891	10	0	5
798	328	243	20	357	915	10	0	456
799	384	64	-20	4192	4455	10	476	0
800	80	365	-10	1690	2025	10	350	0
801	399	179	-26	1763	1938	10	643	0
802	384	294	-20	1998	2579	10	112	0
