250	1000	1
0	250	250	0	0	7284	0	0	0
1	440	436	-15	3544	3711	10	370	0
2	214	394	10	852	1113	10	0	49
3	476	483	-20	1298	1660	10	773	0
4	352	487	-1	3617	3718	10	265	0
5	230	197	40	542	551	10	0	753
6	175	239	23	109	498	10	0	270
7	133	202	33	1636	2168	10	0	433
8	328	458	-10	3111	3152	10	601	0
9	25	499	-20	1665	2014	10	25	0
10	226	423	-40	627	1069	10	17	0
11	313	282	20	581	847	10	0	389
12	60	454	-10	1292	1607	10	230	0
13	239	486	-12	5778	6199	10	130	0
14	102	264	10	331	858	10	0	40
15	408	452	10	918	1379	10	0	468
16	451	62	5	1059	1320	10	0	616
17	203	390	40	623	766	10	0	10
18	92	233	10	777	1134	10	0	97
19	7	300	30	1340	1539	10	0	614
20	409	90	20	995	1190	10	0	576
21	307	108	10	841	1178	10	0	282
22	347	54	10	1197	1284	10	0	198
23	406	87	10	1225	1398	10	0	674
24	371	332	-20	2054	2302	10	691	0
25	116	466	20	895	1233	10	0	9
26	441	265	40	694	1004	10	0	603
27	130	140	17	794	879	10	0	800
28	80	117	-27	3274	3439	10	898	0
29	421	387	15	3070	3460	10	0	83
30	83	300	26	1821	2297	10	0	292
31	136	52	10	1109	1353	10	0	723
32	18	462	20	1627	1675	10	0	86
33	390	120	24	3770	4383	10	0	529
34	188	119	-6	3916	4002	10	543	0
35	467	114	-33	1465	1662	10	363	0
36	440	292	-17	3704	3936	10	931	0
37	268	400	-24	926	1140	10	886	0
38	391	202	14	402	790	10	0	768
39	377	432	20	3344	3428	0	0	1004
40	80	290	-10	536	1164	10	14	0
41	439	15	-20	1391	1474	10	446	0
42	307	52	-10	3556	3927	10	709	0
43	111	192	-17	4737	4979	10	979	0
44	131	56	-31	885	1281	10	462	0
45	88	286	10	1007	1132	10	0	957
46	69	414	-26	4851	5375	10	251	0
47	41	232	-10	852	911	10	252	0
48	323	77	-14	5647	5713	10	186	0
49	340	416	-10	1196	1492	10	2	0
50	86	199	23	998	1344	10	0	921
51	314	124	-40	942	1025	10	884	0
52	375	191	30	565	889	10	0	517
53	226	175	-3	6692	6978	10	99	0
54	242	106	28	5009	5258	10	0	580
55	417	417	10	1168	1608	10	0	897
56	419	459	20	1109	1542	10	0	848
57	389	11	-9	1163	1544	10	908	0
58	450	416	-10	2240	2494	10	939	0
59	246	255	10	359	661	10	0	101
60	71	333	10	606	1065	10	0	642
61	105	474	-20	1918	1968	10	376	0
62	20	489	-29	1585	1601	10	668	0
63	388	331	-20	514	766	10	87	0
64	92	259	4	1455	1861	10	0	73
65	200	261	10	467	985	10	0	185
66	400	288	30	421	817	10	0	973
67	299	285	3	4840	5311	10	0	296
68	378	199	10	719	1058	10	0	824
69	325	147	14	4556	5058	10	0	94
70	421	386	-14	3168	3547	10	948	0
71	404	447	-34	949	1051	10	271	0
72	412	478	-30	3771	4027	10	719	0
73	26	67	-4	5266	5389	10	64	0
74	358	183	20	742	1247	10	0	874
75	30	302	10	1005	1248	10	0	820
76	176	470	-10	2087	2406	10	925	0
77	96	270	20	516	901	10	0	366
78	243	408	-7	5747	5842	10	218	0
79	60	29	-26	5365	5657	10	632	0
80	34	169	-30	1896	2099	10	100	0
81	407	280	10	764	1025	10	0	188
82	277	403	10	687	830	10	0	436
83	498	456	-15	5482	5885	10	29	0
84	384	491	-10	1436	1465	10	549	0
85	355	174	33	2900	2943	10	0	400
86	97	288	-20	4927	5466	10	32	0
87	316	284	20	464	654	10	0	63
88	334	403	26	589	807	10	0	253
89	415	223	20	1266	1292	10	0	655
90	230	320	8	4768	4889	10	0	744
91	432	199	-10	2414	2814	10	725	0
92	92	18	8	4381	4733	10	0	151
93	273	300	30	144	296	10	0	630
94	269	112	-14	4961	5261	10	69	0
95	429	389	18	1521	1992	10	0	98
96	371	71	21	1126	1288	10	0	259
97	5	297	-10	1075	1695	10	18	0
98	414	378	-18	1958	2121	10	95	0
99	38	15	3	4342	4507	10	0	53
100	2	295	30	1160	1406	10	0	80
101	237	254	-10	342	444	10	59	0
102	54	445	10	1192	1392	10	0	461
103	382	110	-20	4414	4605	10	818	0
104	438	488	-10	1344	1393	10	582	0
105	395	331	20	663	1189	10	0	828
106	230	487	-20	4398	4759	10	334	0
107	249	407	10	627	884	10	0	277
108	488	26	30	1734	1848	0	0	1005
109	151	81	-23	5996	6588	10	410	0
110	483	14	-20	1355	1671	10	998	0
111	0	422	-10	3162	3526	10	534	0
112	429	67	-10	2817	3161	10	552	0
113	195	464	-10	6109	6341	10	923	0
114	356	256	19	184	665	10	0	483
115	264	180	-14	6725	6840	10	765	0
116	94	235	20	476	858	10	0	319
117	474	96	-10	981	1194	10	670	0
118	268	52	-10	1263	1302	10	169	0
119	44	440	-10	3085	3344	10	876	0
120	7	382	-10	2940	3344	10	853	0
121	459	53	-13	4449	4649	10	379	0
122	491	25	-10	1634	1755	10	326	0
123	439	243	-20	1088	1540	10	707	0
124	210	185	20	106	505	10	0	895
125	150	68	-20	1614	1888	10	525	0
126	201	270	10	145	359	10	0	463
127	0	188	-30	3516	4060	10	229	0
128	103	464	-25	5121	5182	10	696	0
129	325	56	-23	3175	3316	10	667	0
130	44	344	12	4295	4461	10	0	13
131	418	75	-20	1732	1972	10	165	0
132	472	57	-25	5214	5265	10	275	0
133	460	328	-20	913	959	10	401	0
134	89	270	-30	793	955	10	344	0
135	374	190	-20	589	677	10	273	0
136	463	253	-10	4066	4430	10	798	0
137	97	93	20	946	1097	10	0	415
138	163	472	-40	2615	2733	10	279	0
139	29	336	22	1237	1535	10	0	168
140	84	453	-23	4814	5089	10	622	0
141	294	421	-9	6224	6500	10	936	0
142	343	62	10	1463	1517	10	0	952
143	371	193	20	349	722	10	0	321
144	142	372	18	561	743	10	0	318
145	66	88	-32	3234	3524	10	687	0
146	395	332	10	805	959	10	0	431
147	93	413	17	771	1039	10	0	703
148	267	394	-10	999	1194	10	487	0
149	249	258	30	546	588	10	0	467
150	472	129	-20	914	1227	10	776	0
151	87	3	-8	5714	5871	10	92	0
152	62	326	-20	1043	1368	10	607	0
153	212	186	-10	6884	7008	10	382	0
154	241	402	-13	3968	4350	10	181	0
155	439	266	-30	685	916	10	960	0
156	79	80	-24	5530	5647	10	694	0
157	62	453	10	1115	1362	10	0	739
158	188	151	-29	4940	5554	10	759	0
159	386	154	-30	4258	4669	10	243	0
160	38	301	20	1055	1429	10	0	919
161	192	265	10	467	646	10	0	825
162	371	192	30	421	738	10	0	514
163	64	294	-20	4280	4650	10	501	0
164	381	494	10	1227	1561	10	0	392
165	437	12	20	1202	1554	10	0	131
166	186	135	24	2647	3214	10	0	396
167	459	10	-10	1319	1481	10	452	0
168	175	422	-22	5728	5963	10	139	0
169	274	48	10	740	1070	10	0	118
170	488	173	20	1062	1288	10	0	637
171	398	97	10	791	1000	10	0	579
172	385	17	40	3287	3304	10	0	940
173	180	283	-20	2915	3155	10	993	0
174	71	12	-28	1082	1382	10	476	0
175	343	49	-10	909	1331	10	732	0
176	248	251	20	2	46	10	0	628
177	7	194	-21	3761	3970	10	228	0
178	322	290	-25	5932	6020	10	802	0
179	410	399	-20	857	1134	10	518	0
180	398	103	-20	1052	1296	10	233	0
181	385	285	13	3394	3670	10	0	154
182	179	497	-10	5558	5850	10	959	0
183	464	13	20	1519	1680	10	0	191
184	492	335	-29	3168	3578	10	928	0
185	27	464	-10	5092	5357	10	65	0
186	231	29	14	4832	5098	10	0	48
187	157	38	-13	4034	4469	10	450	0
188	439	268	-10	1136	1366	10	81	0
189	149	214	-20	1779	2197	10	220	0
190	187	73	-20	915	1541	10	312	0
191	429	169	-20	3411	3932	10	183	0
192	350	199	-10	4635	5097	10	963	0
193	60	231	-24	3887	4441	10	633	0
194	448	404	15	2239	2673	10	0	651
195	481	20	-20	1304	1591	10	941	0
196	436	25	-22	5116	5262	10	780	0
197	111	459	-30	1237	1753	10	539	0
198	389	17	-10	1271	1775	10	22	0
199	148	208	-9	2026	2306	10	437	0
200	475	477	-10	1512	1845	10	671	0
201	390	325	30	893	1238	10	0	537
202	346	354	-20	3153	3507	10	548	0
203	91	266	10	665	1316	10	0	697
204	17	65	20	1304	1430	10	0	422
205	391	112	-31	3790	4333	10	592	0
206	224	203	20	67	363	10	0	394
207	426	231	-10	4160	4187	10	533	0
208	260	472	-12	4118	4289	10	324	0
209	265	0	-20	3428	3861	10	866	0
210	391	293	20	891	1035	10	0	567
211	411	421	20	1179	1461	10	0	577
212	132	30	20	1111	1615	10	0	789
213	475	480	-20	1326	1829	10	949	0
214	286	244	-15	5019	5372	10	926	0
215	436	237	20	742	749	10	0	692
216	402	284	30	535	902	10	0	516
217	287	397	12	2144	2490	0	0	1008
218	272	420	7	5443	5763	10	0	78
219	477	120	-30	1223	1634	10	361	0
220	145	434	20	852	1131	10	0	189
221	33	286	-10	6203	6284	10	419	0
222	370	262	15	4413	4503	10	0	284
223	393	20	-20	1408	1838	10	264	0
224	330	308	-10	4513	4971	10	771	0
225	246	398	40	498	686	10	0	256
226	482	184	14	4448	4527	10	0	726
227	451	305	13	773	895	10	0	889
228	226	316	21	112	449	10	0	177
229	110	459	30	1312	1589	10	0	127
230	244	250	10	6	436	10	0	12
231	458	16	-12	1041	1464	10	720	0
232	390	34	-14	4218	4385	10	594	0
233	423	214	20	723	1131	10	0	180
234	219	215	32	122	253	10	0	653
235	326	118	10	391	912	10	0	322
236	365	74	-20	3219	3689	10	474	0
237	331	356	13	2745	3070	10	0	398
238	210	398	10	690	1064	10	0	585
239	403	93	-10	1400	1446	10	455	0
240	248	404	30	319	996	10	0	354
241	65	62	-15	3741	4190	10	574	0
242	460	13	20	1226	1468	10	0	299
243	0	293	30	954	1396	10	0	159
244	211	248	26	137	175	10	0	980
245	484	174	-10	923	1313	10	522	0
246	175	352	-34	6541	6900	10	972	0
247	455	168	21	3445	3610	10	0	604
248	224	191	20	244	523	10	0	555
249	439	156	2	2099	2227	10	0	749
250	434	359	-4	5493	5765	10	658	0
251	118	314	26	1300	1520	10	0	46
252	234	246	10	308	329	10	0	47
253	406	450	-26	1056	1137	10	88	0
254	75	118	21	1637	1755	10	0	510
255	115	395	-20	3254	3387	10	705	0
256	329	456	-40	843	1270	10	225	0
257	218	403	15	5277	5397	10	0	368
258	149	341	-20	1469	1883	10	465	0
259	253	74	-21	5293	5628	10	96	0
260	436	241	-10	1213	1524	10	560	0
261	238	203	-17	366	505	10	929	0
262	405	455	40	1410	1437	10	0	650
263	485	27	10	1684	2003	10	0	977
264	323	118	20	601	806	10	0	223
265	330	371	1	2182	2406	10	0	4
266	25	65	10	1491	1639	10	0	488
267	406	96	20	768	1078	10	0	938
268	49	451	-11	1173	1187	10	833	0
269	307	249	-10	5499	5634	10	504	0
270	178	135	-23	6095	6136	10	6	0
271	299	353	34	316	596	10	0	71
272	236	213	20	87	230	10	0	605
273	355	177	20	471	642	10	0	135
274	394	23	-20	1486	1865	10	762	0
275	306	235	25	57	703	10	0	132
276	90	477	18	852	1370	10	0	858
277	379	486	-10	2708	2786	10	107	0
278	435	16	-20	1475	1584	10	841	0
279	8	497	40	1437	1945	10	0	138
280	150	484	-30	2350	2772	10	987	0
281	213	399	18	939	1053	10	0	353
282	391	18	-10	1387	1755	10	21	0
283	111	392	-20	4604	4868	10	589	0
284	330	281	-15	5310	5453	10	222	0
285	344	203	14	613	846	10	0	561
286	91	235	10	938	1334	10	0	964
287	346	60	10	1203	1487	10	0	429
288	483	27	20	1618	2166	10	0	600
289	382	498	-10	1154	1440	10	681	0
290	457	492	-10	2028	2157	10	962	0
291	291	213	-25	4911	5271	10	997	0
292	154	374	-26	3703	3912	10	30	0
293	225	196	10	59	559	10	0	306
294	94	40	-25	4262	4402	10	935	0
295	0	356	-10	4154	4656	10	424	0
296	297	283	-3	5314	5601	10	67	0
297	371	423	-5	539	1149	10	741	0
298	417	217	30	553	1075	10	0	570
299	500	228	-20	3033	3342	10	242	0
300	412	214	10	454	873	10	0	591
301	442	289	25	754	893	10	0	351
302	157	269	-6	6297	6433	10	913	0
303	440	241	10	1153	1378	10	0	968
304	100	266	20	505	787	10	0	880
305	111	178	18	443	810	10	0	827
306	91	101	-10	1112	1394	10	293	0
307	25	307	-10	897	1218	10	871	0
308	135	400	20	1217	1291	10	0	466
309	58	458	-20	1304	1398	10	449	0
310	133	26	10	1179	1434	10	0	413
311	211	386	20	349	783	10	0	867
312	94	97	20	821	1012	10	0	190
313	30	155	-12	5008	5355	10	902	0
314	208	184	20	161	547	10	0	584
315	394	333	-20	792	881	10	685	0
316	355	180	-20	422	796	10	927	0
317	241	180	-27	6567	7109	10	994	0
318	21	485	-18	1346	1481	10	144	0
319	80	251	-20	1187	1362	10	116	0
320	476	61	-20	1779	1931	10	701	0
321	406	94	-20	848	1095	10	143	0
322	364	71	-10	5357	5551	10	235	0
323	418	221	10	1088	1362	10	0	683
324	274	441	12	2753	2923	10	0	208
325	304	97	20	612	963	10	0	708
326	297	102	10	472	866	10	0	122
327	250	405	20	501	912	10	0	974
328	111	463	-20	1342	1351	10	448	0
329	408	279	-20	863	1016	10	375	0
330	263	418	25	1120	1228	10	0	617
331	480	119	-20	2433	2715	10	364	0
332	420	383	-10	3941	4035	10	443	0
333	142	14	-30	3293	3509	10	457	0
334	73	328	20	689	859	10	0	106
335	50	438	-20	1401	1413	10	613	0
336	441	7	20	1487	1765	10	0	836
337	462	14	-30	1575	1722	10	676	0
338	360	294	-25	5437	6025	10	662	0
339	58	39	-21	4640	4783	10	864	0
340	58	391	-4	3460	3718	10	348	0
341	410	285	-20	632	1029	10	544	0
342	96	97	20	750	987	10	0	730
343	21	64	-35	1396	1542	10	508	0
344	238	210	30	435	756	10	0	134
345	479	121	-10	1212	1369	10	950	0
346	200	178	-10	293	576	10	706	0
347	216	341	-10	2471	2880	10	575	0
348	48	437	4	3242	3307	10	0	340
349	200	270	20	53	538	10	0	608
350	357	181	-19	594	722	10	727	0
351	476	174	-25	1305	1409	10	301	0
352	400	286	10	389	945	10	0	777
353	351	481	-18	1187	1507	10	281	0
354	270	400	-30	530	680	10	240	0
355	95	234	10	664	762	10	0	684
356	128	113	22	1246	1775	10	0	652
357	133	455	25	3111	3472	10	0	509
358	16	463	-10	1490	1629	10	606	0
359	59	388	-35	2497	2925	10	439	0
360	376	190	30	550	812	10	0	502
361	481	122	30	1175	1309	10	0	219
362	266	405	20	801	1055	10	0	893
363	374	232	33	344	658	10	0	35
364	398	20	20	886	1386	10	0	331
365	481	26	-30	1133	1441	10	870	0
366	63	444	-20	1466	1693	10	77	0
367	89	290	20	590	870	10	0	634
368	246	314	-15	5665	6018	10	257	0
369	40	304	-30	4565	4713	10	414	0
370	262	369	15	440	715	10	0	1
371	323	29	-12	4456	4763	10	646	0
372	89	65	16	2798	3084	10	0	526
373	144	35	26	937	980	10	0	885
374	200	265	10	458	882	10	0	610
375	436	264	20	623	869	10	0	329
376	15	457	20	1172	1536	10	0	61
377	397	20	20	987	1373	10	0	456
378	328	491	21	2634	2912	10	0	485
379	399	175	13	2965	3130	10	0	121
380	432	2	-10	1812	2041	10	813	0
381	63	336	-26	972	1278	10	791	0
382	6	296	10	1167	1512	10	0	153
383	146	376	8	845	1150	10	0	489
384	295	247	-6	5090	5457	10	643	0
385	235	33	30	5333	5483	10	0	406
386	233	204	20	57	497	10	0	849
387	142	360	-30	6110	6265	10	869	0
388	177	156	25	498	959	10	0	904
389	315	287	-20	627	678	10	11	0
390	452	172	9	2314	2672	10	0	804
391	263	153	-10	1588	1831	10	660	0
392	493	493	-10	3321	3651	10	164	0
393	320	283	30	370	634	10	0	472
394	64	5	-20	4350	4801	10	206	0
395	95	235	-30	500	746	10	779	0
396	203	211	-24	5131	5441	10	166	0
397	16	497	-10	1684	1841	10	624	0
398	348	348	-13	3729	3869	10	237	0
399	485	104	21	3230	3246	10	0	444
400	330	147	-33	3292	3616	10	85	0
401	443	237	20	589	1038	10	0	133
402	316	286	30	383	831	10	0	821
403	335	46	-10	5213	5641	10	819	0
404	381	495	20	1332	1367	10	0	432
405	364	173	30	756	806	10	0	769
406	267	162	-30	5688	6026	10	385	0
407	214	245	8	114	177	10	0	937
408	92	234	-10	852	1146	10	859	0
409	347	459	25	1826	2129	10	0	910
410	30	7	23	4625	5004	10	0	109
411	120	37	-10	3060	3263	10	621	0
412	397	153	29	3475	3704	10	0	978
413	210	29	-10	4253	4273	10	310	0
414	87	285	30	1018	1030	10	0	369
415	132	32	-20	3085	3311	10	137	0
416	390	294	-20	991	1027	10	983	0
417	67	451	-13	4872	4973	10	434	0
418	24	68	20	1537	1899	10	0	572
419	146	439	10	939	1254	10	0	221
420	209	212	-28	6068	6275	10	942	0
421	6	292	-10	925	1135	10	728	0
422	18	63	-20	1375	1457	10	204	0
423	149	98	-20	4624	4817	10	943	0
424	91	268	10	845	1232	10	0	295
425	103	177	-30	2551	2580	10	752	0
426	367	178	20	592	971	10	0	891
427	225	269	-36	5068	5219	10	745	0
428	443	246	20	899	1058	10	0	515
429	306	42	-10	1911	2022	10	287	0
430	374	306	-24	4026	4046	10	556	0
431	413	421	-10	1265	1278	10	146	0
432	470	405	-20	3553	3973	10	404	0
433	33	278	-33	5978	6039	10	7	0
434	149	458	13	4513	4917	10	0	417
435	257	57	-5	4813	5115	10	901	0
436	272	403	-10	757	880	10	82	0
437	221	291	9	50	467	10	0	199
438	1	101	8	4853	5326	0	0	1006
439	332	459	35	1424	1645	10	0	359
440	220	392	20	1011	1172	10	0	619
441	253	50	-20	939	986	10	797	0
442	250	441	-20	2981	3184	10	746	0
443	471	484	10	1389	1450	10	0	332
444	480	152	-21	4000	4293	10	399	0
445	404	83	-10	1192	1315	10	883	0
446	476	94	20	989	1289	10	0	41
447	458	213	-12	4557	4588	10	718	0
448	215	395	20	751	1304	10	0	328
449	85	288	20	521	1055	10	0	309
450	179	75	13	2859	3181	10	0	187
451	228	287	21	43	366	10	0	623
452	397	18	10	1072	1384	10	0	167
453	238	204	20	437	522	10	0	887
454	488	3	-20	1620	1705	10	856	0
455	407	88	10	1108	1607	10	0	239
456	459	14	-20	1231	1371	10	377	0
457	120	17	30	1087	1265	10	0	333
458	235	316	-23	2479	2887	10	666	0
459	370	382	-6	3380	3810	10	498	0
460	405	454	-23	5201	5343	10	831	0
461	17	458	-10	1757	1828	10	102	0
462	43	135	31	717	1178	10	0	44
463	318	497	-10	3394	3557	10	126	0
464	199	268	-22	335	355	10	484	0
465	111	467	20	1148	1268	10	0	258
466	138	438	-20	1092	1326	10	308	0
467	172	314	-30	2081	2403	10	149	0
468	494	468	-10	1384	1555	10	15	0
469	35	303	20	692	1079	0	0	1001
470	341	59	27	3041	3398	10	0	654
471	423	221	-20	960	1226	10	588	0
472	395	295	-30	708	1103	10	393	0
473	413	417	10	1257	1712	10	0	918
474	339	60	20	541	1266	10	0	236
475	277	428	7	1860	2182	10	0	761
476	176	199	28	97	621	10	0	174
477	265	240	9	18	199	10	0	903
478	365	190	22	5745	6194	10	0	790
479	133	53	20	1057	1298	10	0	851
480	387	488	20	1307	1709	10	0	807
481	385	295	-15	229	909	10	989	0
482	491	369	28	2865	3091	10	0	843
483	445	273	-19	919	1263	10	114	0
484	195	273	22	221	255	10	0	464
485	313	493	-21	4800	4865	10	378	0
486	495	227	-10	1361	1511	10	492	0
487	241	403	10	754	1127	10	0	148
488	30	72	-10	1684	1889	10	266	0
489	21	487	-8	1340	1583	10	383	0
490	324	99	10	1198	1626	10	0	540
491	453	318	-20	1309	1800	10	693	0
492	443	272	10	1067	1213	10	0	486
493	447	184	27	1551	1965	10	0	673
494	366	288	-22	2750	2839	10	992	0
495	440	284	25	3366	3567	10	0	595
496	13	314	-10	887	1183	10	811	0
497	72	227	-30	2297	2333	10	839	0
498	377	385	6	3416	3634	10	0	459
499	477	478	20	1442	1816	10	0	840
500	204	185	20	604	823	10	0	823
501	226	191	20	266	598	10	0	163
502	330	138	-30	4447	4549	10	360	0
503	185	434	9	2185	2523	10	0	507
504	483	22	10	1373	1419	10	0	269
505	71	282	29	2538	2715	10	0	770
506	60	5	-10	4161	4309	10	816	0
507	189	402	-9	2086	2322	10	503	0
508	134	211	35	508	576	10	0	343
509	146	313	-25	4758	4925	10	357	0
510	21	146	-21	1947	2067	10	254	0
511	37	281	-20	1932	2134	10	737	0
512	416	417	20	1310	1554	10	0	794
513	44	311	-30	1423	1956	10	805	0
514	361	181	-30	789	908	10	162	0
515	444	242	-20	913	931	10	428	0
516	444	271	-30	835	1250	10	216	0
517	359	179	-30	422	995	10	52	0
518	388	334	20	538	847	10	0	179
519	401	164	-20	2414	2676	10	599	0
520	499	316	18	2514	2580	10	0	801
521	399	106	-10	1145	1389	10	958	0
522	425	215	10	873	1079	10	0	245
523	407	98	10	810	939	10	0	675
524	406	460	-30	2870	3003	10	906	0
525	88	95	20	1016	1266	10	0	125
526	95	64	-16	2884	3364	10	372	0
527	306	229	10	5318	5365	0	0	1003
528	273	55	20	783	788	10	0	796
529	384	149	-24	4614	5083	10	33	0
530	122	35	10	991	1090	10	0	559
531	308	199	14	6030	6156	10	0	757
532	390	301	10	626	815	10	0	713
533	300	108	10	366	838	10	0	207
534	267	400	10	828	1150	10	0	111
535	8	300	-16	1382	1585	10	988	0
536	105	181	-16	5916	6453	10	772	0
537	398	325	-30	832	1155	10	201	0
538	166	247	1	138	535	10	0	783
539	140	431	30	604	1172	10	0	197
540	253	118	-10	2082	2417	10	490	0
541	359	246	-17	5651	5852	10	834	0
542	321	277	10	187	421	10	0	597
543	168	59	6	1381	1668	10	0	34
544	406	285	20	537	1012	10	0	341
545	391	334	20	657	911	10	0	986
546	437	19	-37	3931	4301	10	672	0
547	201	278	13	82	370	10	0	735
548	435	267	20	1149	1553	10	0	202
549	245	408	10	788	963	10	0	84
550	16	462	10	1423	1783	10	0	704
551	107	374	-25	3598	3837	10	862	0
552	477	97	10	894	1488	10	0	112
553	346	57	20	1253	1333	10	0	721
554	14	459	-30	1297	1508	10	593	0
555	102	6	-20	5675	6113	10	248	0
556	359	287	24	310	610	10	0	430
557	297	131	-10	4602	4842	10	731	0
558	282	1	18	4124	4335	10	0	982
559	21	70	-10	2918	3372	10	530	0
560	440	244	10	1024	1225	10	0	260
561	482	104	-14	3152	3427	10	285	0
562	120	261	5	3134	3332	0	0	1002
563	125	29	-30	1181	1205	10	788	0
564	292	32	14	896	1057	10	0	714
565	262	92	-10	2505	2658	10	1000	0
566	68	160	21	4528	4679	10	0	799
567	405	276	-20	732	1262	10	210	0
568	277	50	-10	775	927	10	695	0
569	32	319	-10	1494	1830	10	742	0
570	344	70	-30	4580	4705	10	298	0
571	481	84	-20	1876	2288	10	873	0
572	21	68	-20	1539	1793	10	418	0
573	441	244	-10	1051	1286	10	764	0
574	57	43	15	4133	4175	10	0	241
575	1	293	10	906	1357	10	0	347
576	481	96	-20	1078	1418	10	20	0
577	471	368	-20	1609	1936	10	211	0
578	236	126	23	445	554	10	0	852
579	406	99	-10	901	1035	10	171	0
580	303	186	-28	5394	5559	10	54	0
581	225	369	38	283	689	10	0	995
582	412	453	10	1103	1394	10	0	104
583	104	349	-20	3929	4265	10	763	0
584	173	182	-20	176	645	10	314	0
585	111	464	-10	1066	1539	10	238	0
586	53	440	-20	1137	1567	10	615	0
587	69	336	-30	785	1079	10	838	0
588	359	182	20	723	1070	10	0	471
589	13	459	20	1270	1624	10	0	283
590	244	277	-18	5089	5441	10	946	0
591	484	177	-10	873	1259	10	300	0
592	452	206	31	1813	2244	10	0	205
593	22	483	30	1170	1437	10	0	554
594	452	110	14	1291	1551	10	0	232
595	347	192	-25	5900	6125	10	495	0
596	95	92	-20	1064	1078	10	944	0
597	368	311	-10	3621	3907	10	542	0
598	479	387	-10	1349	1950	10	892	0
599	479	169	20	1084	1504	10	0	519
600	497	266	-20	2806	3294	10	288	0
601	66	336	10	907	1239	10	0	8
602	376	195	10	745	822	10	0	682
603	401	281	-40	858	1350	10	26	0
604	441	177	-21	3857	4273	10	247	0
605	231	203	-20	160	493	10	272	0
606	21	488	10	1426	1585	10	0	358
607	231	204	20	436	885	10	0	152
608	122	422	-20	5754	6021	10	349	0
609	65	453	-23	999	1375	10	835	0
610	206	261	-10	602	978	10	374	0
611	466	149	-20	4698	4910	10	806	0
612	313	119	-20	855	992	10	933	0
613	90	274	20	667	887	10	0	335
614	39	162	-30	2240	2402	10	19	0
615	35	306	20	895	1060	10	0	586
616	437	15	-5	1337	1625	10	16	0
617	307	412	-25	1534	1815	10	330	0
618	79	291	10	776	1015	10	0	924
619	64	437	-20	3539	3927	10	440	0
620	376	92	-20	3768	4276	10	716	0
621	129	27	10	1124	1377	10	0	411
622	196	489	23	4070	4291	10	0	140
623	51	286	-21	5720	6072	10	451	0
624	20	488	10	1530	1569	10	0	397
625	13	455	-30	1036	1570	10	975	0
626	170	347	15	1780	1827	10	0	899
627	92	230	20	733	897	10	0	907
628	117	467	-20	967	1069	10	176	0
629	413	217	20	649	783	10	0	875
630	405	450	-30	881	1224	10	93	0
631	394	322	12	4021	4297	10	0	722
632	125	61	26	2347	2667	10	0	79
633	238	123	24	3039	3329	10	0	193
634	11	403	-20	1333	1531	10	367	0
635	89	272	-10	587	1066	10	760	0
636	304	102	30	462	1232	10	0	781
637	478	121	-20	1270	1399	10	170	0
638	408	84	-10	1156	1239	10	954	0
639	376	494	30	1051	1226	10	0	712
640	20	73	10	1030	1292	10	0	881
641	159	299	12	4057	4187	10	0	882
642	95	382	-10	838	1132	10	60	0
643	352	63	6	4670	4875	10	0	384
644	365	274	14	406	534	10	0	711
645	30	301	-20	1041	1300	10	991	0
646	351	5	12	1861	2227	10	0	371
647	197	267	10	377	613	10	0	868
648	498	171	-20	4896	5275	10	729	0
649	468	352	-20	3042	3223	10	774	0
650	418	251	-40	4798	4897	10	262	0
651	489	437	-15	2771	3003	10	194	0
652	251	63	-22	3841	4178	10	356	0
653	132	55	-32	1005	1253	10	234	0
654	281	96	-27	4558	4568	10	470	0
655	333	293	-20	2412	2644	10	89	0
656	255	487	-30	1527	1776	10	967	0
657	207	400	-30	612	1032	10	855	0
658	469	489	4	2204	2359	10	0	250
659	244	254	20	278	645	10	0	915
660	233	207	10	46	672	10	0	391
661	441	60	-14	5744	6045	10	865	0
662	411	379	25	4704	4963	10	0	338
663	178	72	23	2968	3206	10	0	700
664	51	447	10	1096	1379	10	0	905
665	478	118	20	1354	1601	10	0	951
666	141	426	23	1993	2378	10	0	458
667	295	89	23	2908	3148	10	0	129
668	112	433	29	879	1122	10	0	62
669	320	211	16	3835	4226	10	0	877
670	400	103	10	963	1201	10	0	117
671	408	453	10	922	1462	10	0	200
672	435	180	37	852	1064	10	0	546
673	432	66	-27	4225	4464	10	493	0
674	374	116	-10	2285	2532	10	23	0
675	478	102	-10	1096	1618	10	523	0
676	335	57	30	768	919	10	0	337
677	385	239	21	3141	3263	10	0	758
678	386	245	-20	1718	2233	10	971	0
679	208	396	20	457	1074	10	0	996
680	380	489	-20	1454	1698	10	878	0
681	380	498	10	1135	1363	10	0	289
682	440	7	-10	1146	1484	10	602	0
683	434	245	-10	1356	1498	10	323	0
684	90	232	-10	804	1009	10	355	0
685	389	334	20	549	924	10	0	315
686	241	205	30	348	715	10	0	961
687	18	24	32	2499	2648	10	0	145
688	57	183	-8	4421	4501	10	879	0
689	59	457	-20	1241	1553	10	845	0
690	442	243	10	1068	1361	10	0	738
691	402	281	20	874	1246	10	0	24
692	445	237	-20	733	990	10	215	0
693	441	273	20	986	1392	10	0	491
694	31	175	24	958	1135	10	0	156
695	234	202	10	290	467	10	0	568
696	52	303	25	1809	1840	10	0	128
697	167	445	-10	5539	5878	10	203	0
698	179	286	-10	1169	1680	10	917	0
699	269	48	20	999	1365	10	0	981
700	165	59	-23	3758	3904	10	663	0
701	461	8	20	1426	1647	10	0	320
702	421	415	-8	924	1078	10	724	0
703	59	459	-17	1186	1425	10	147	0
704	24	492	-10	1680	2135	10	550	0
705	55	449	20	1011	1217	10	0	255
706	224	192	10	63	654	10	0	346
707	444	269	20	888	1100	10	0	123
708	491	20	-20	1526	1742	10	325	0
709	313	126	10	803	1262	10	0	42
710	283	438	-10	941	1031	10	932	0
711	352	241	-14	3027	3432	10	644	0
712	398	476	-30	1624	1841	10	639	0
713	442	247	-10	819	1230	10	532	0
714	217	207	-14	5535	5645	10	564	0
715	233	87	18	938	1203	10	0	810
716	479	127	20	1108	1171	10	0	620
717	6	53	8	2404	2411	10	0	872
718	478	300	12	3459	3778	10	0	447
719	378	493	30	1166	1209	10	0	72
720	303	78	12	680	759	10	0	231
721	344	62	-20	1327	1565	10	553	0
722	371	315	-12	4543	4904	10	631	0
723	200	78	-10	3906	4155	10	31	0
724	413	391	8	881	975	10	0	702
725	415	216	10	722	809	10	0	91
726	397	57	-14	5861	6067	10	226	0
727	293	228	19	48	345	10	0	350
728	0	297	10	1060	1403	10	0	421
729	435	20	20	1570	1602	10	0	648
730	195	111	-20	3998	4106	10	342	0
731	417	218	10	920	1425	10	0	557
732	340	54	10	933	1089	10	0	175
733	132	57	-20	934	1142	10	947	0
734	210	379	-30	2704	3086	10	782	0
735	228	260	-13	6297	6667	10	547	0
736	399	104	-20	1096	1342	10	861	0
737	95	277	20	1075	1240	10	0	511
738	360	284	-10	2611	2842	10	690	0
739	53	466	-10	1200	1600	10	157	0
740	112	465	-12	1144	1369	10	920	0
741	313	391	5	450	867	10	0	297
742	93	235	10	844	1246	10	0	569
743	125	32	-24	908	1287	10	748	0
744	215	282	-8	5795	5849	10	90	0
745	224	320	36	5091	5298	10	0	427
746	134	428	20	1141	1444	10	0	442
747	26	490	-32	1753	2165	10	812	0
748	44	115	24	698	1272	10	0	743
749	438	127	-2	3629	4018	10	249	0
750	239	15	-10	2260	2691	10	846	0
751	342	54	20	1040	1079	10	0	844
752	109	463	30	1298	1491	10	0	425
753	199	187	-40	544	589	10	5	0
754	201	188	10	354	876	10	0	930
755	399	301	30	546	1128	10	0	826
756	484	171	-22	1214	1252	10	784	0
757	272	234	-14	6289	6554	10	531	0
758	380	350	-21	3422	3629	10	677	0
759	140	108	29	4296	4394	10	0	158
760	228	199	10	412	783	10	0	635
761	245	461	-7	2497	2818	10	475	0
762	305	107	20	740	1182	10	0	274
763	231	195	20	443	551	10	0	583
764	450	265	10	744	1107	10	0	573
765	273	149	14	6032	6110	10	0	115
766	12	358	-40	4917	4997	10	803	0
767	315	121	-30	784	960	10	787	0
768	420	213	-14	807	942	10	38	0
769	331	134	-30	4375	4735	10	405	0
770	84	377	-29	3577	3953	10	505	0
771	320	280	10	382	418	10	0	224
772	89	185	16	2326	2593	10	0	536
773	472	481	20	1239	1494	10	0	3
774	422	420	20	1000	1221	10	0	649
775	475	267	-10	2930	3427	10	990	0
776	470	125	20	861	1164	10	0	150
777	435	268	-10	1238	1375	10	352	0
778	409	155	19	596	886	10	0	814
779	243	248	30	55	257	10	0	395
780	488	96	22	3991	4659	10	0	196
781	341	72	-30	3109	3450	10	636	0
782	58	449	30	1178	1843	10	0	734
783	16	460	-1	1573	1833	10	538	0
784	480	136	22	901	1152	10	0	756
785	162	388	11	4532	4597	10	0	911
786	47	208	-10	832	1099	10	955	0
787	324	127	30	529	619	10	0	767
788	87	96	30	1056	1319	10	0	563
789	140	137	-20	2215	2462	10	212	0
790	314	205	-22	6032	6302	10	478	0
791	96	346	26	647	954	10	0	381
792	321	280	30	228	484	10	0	894
793	245	251	10	8	113	10	0	830
794	436	295	-20	1919	2428	10	512	0
795	274	261	-17	6568	7207	10	912	0
796	271	128	-20	1339	1546	10	528	0
797	275	45	20	909	1008	10	0	441
798	422	409	10	818	1056	10	0	136
799	146	188	-21	4953	5046	10	566	0
800	93	96	-17	847	1077	10	27	0
801	409	255	-18	5984	6316	10	520	0
802	449	428	25	4907	5188	10	0	178
803	90	285	40	1101	1228	10	0	766
804	415	95	-9	4615	4918	10	390	0
805	88	287	30	961	1266	10	0	513
806	379	196	20	740	933	10	0	611
807	368	452	-20	2696	2784	10	480	0
808	202	186	20	584	745	10	0	900
809	435	11	40	1158	1340	10	0	985
810	269	46	-18	1079	1189	10	715	0
811	7	292	10	940	1033	10	0	496
812	44	496	32	1625	1709	10	0	747
813	478	99	10	1077	1533	10	0	380
814	391	99	-19	596	1057	10	778	0
815	132	477	-20	1363	1375	10	822	0
816	24	65	10	1415	1628	10	0	506
817	130	247	17	333	627	10	0	857
818	133	273	20	231	723	10	0	103
819	347	62	10	1126	1661	10	0	403
820	404	140	-10	4984	5206	10	75	0
821	416	420	-30	1150	1287	10	402	0
822	67	335	20	878	1177	10	0	815
823	92	270	-20	922	1253	10	500	0
824	411	95	-10	827	1236	10	68	0
825	132	479	-10	731	1329	10	161	0
826	366	334	-30	1491	1911	10	755	0
827	125	39	-18	792	1170	10	305	0
828	419	422	-20	1055	1274	10	105	0
829	460	2	20	1318	1626	10	0	965
830	67	334	-10	734	1232	10	793	0
831	448	414	23	4871	5031	10	0	460
832	46	163	-20	3724	3804	10	945	0
833	77	465	11	946	1261	10	0	268
834	284	319	17	3152	3502	10	0	541
835	102	422	23	784	1146	10	0	609
836	240	34	-20	6068	6528	10	336	0
837	141	428	20	632	1038	10	0	847
838	204	269	30	93	305	10	0	587
839	144	439	30	1065	1224	10	0	497
840	470	417	-20	2891	3123	10	499	0
841	404	103	20	920	1132	10	0	278
842	5	281	-21	5513	5579	10	970	0
843	487	320	-28	3288	3693	10	482	0
844	398	23	-20	988	1179	10	751	0
845	90	296	20	587	745	10	0	689
846	386	13	10	1148	1668	10	0	750
847	115	465	-20	991	1227	10	837	0
848	473	475	-20	1640	1818	10	56	0
849	275	42	-20	750	1271	10	386	0
850	286	356	30	437	459	10	0	999
851	15	69	-20	1022	1431	10	479	0
852	267	44	-23	878	1289	10	578	0
853	243	399	10	895	1103	10	0	120
854	390	249	-10	2311	2462	10	909	0
855	210	391	30	539	714	10	0	657
856	433	15	20	1077	1306	10	0	454
857	24	259	-17	1495	1586	10	817	0
858	12	463	-18	1468	1538	10	276	0
859	237	213	10	441	855	10	0	408
860	182	480	-20	1450	1589	10	976	0
861	409	88	20	955	1327	10	0	736
862	244	368	25	1675	1757	10	0	551
863	381	328	-15	2700	3159	10	934	0
864	213	185	21	137	461	10	0	339
865	482	141	14	3839	4367	10	0	661
866	319	124	20	684	860	10	0	209
867	141	431	-20	785	1079	10	311	0
868	198	264	-10	306	936	10	647	0
869	69	334	30	691	1078	10	0	387
870	299	98	30	648	806	10	0	365
871	240	250	10	10	451	10	0	307
872	199	203	-8	5813	5966	10	717	0
873	459	17	20	1490	1921	10	0	571
874	423	217	-20	876	1178	10	74	0
875	477	179	-20	773	1129	10	629	0
876	213	397	10	837	1022	10	0	119
877	405	187	-16	4932	5193	10	669	0
878	269	402	20	720	1022	10	0	680
879	53	204	8	4080	4480	10	0	688
880	13	394	-20	1412	1689	10	304	0
881	15	68	-10	979	1563	10	640	0
882	56	268	-12	4146	4486	10	641	0
883	360	184	10	894	998	10	0	445
884	307	102	40	831	967	10	0	51
885	130	57	-26	955	1024	10	373	0
886	250	328	24	907	1202	10	0	37
887	91	231	-20	709	1012	10	453	0
888	479	176	20	989	1023	10	0	890
889	420	224	-13	1713	1839	10	227	0
890	461	182	-20	2359	2793	10	888	0
891	418	218	-20	973	1284	10	426	0
892	419	418	10	911	1200	10	0	598
893	336	493	-20	5941	6123	10	362	0
894	389	300	-30	502	848	10	792	0
895	92	76	-20	4328	4903	10	124	0
896	476	102	20	1244	1566	10	0	953
897	418	399	-10	1641	1981	10	55	0
898	109	56	27	890	1029	10	0	28
899	13	465	-15	3036	3272	10	626	0
900	92	232	-20	568	966	10	808	0
901	394	47	5	1043	1580	10	0	435
902	16	287	12	812	1475	10	0	313
903	399	102	-9	931	1326	10	477	0
904	143	158	-25	560	660	10	388	0
905	18	484	-10	1266	1454	10	664	0
906	250	411	30	699	924	10	0	524
907	19	273	-20	4049	4203	10	627	0
908	365	28	9	933	1332	10	0	57
909	387	297	10	554	687	10	0	854
910	433	447	-25	3145	3328	10	409	0
911	214	274	-11	5288	5784	10	785	0
912	489	338	17	5469	5828	10	0	795
913	130	494	6	2901	3289	10	0	302
914	23	67	-10	1591	1642	10	916	0
915	374	489	-20	802	1352	10	659	0
916	126	30	10	1029	1265	10	0	914
917	112	467	10	1040	1287	10	0	698
918	489	274	-10	2090	2300	10	473	0
919	61	214	-20	1103	1751	10	160	0
920	166	440	12	761	900	10	0	740
921	56	75	-23	5526	6095	10	50	0
922	210	276	5	51	331	10	0	984
923	80	286	10	884	1027	10	0	113
924	17	459	-10	1682	1814	10	618	0
925	66	448	10	779	1383	10	0	76
926	351	128	15	4970	5175	10	0	214
927	352	176	20	273	736	10	0	316
928	490	286	29	2021	2276	10	0	184
929	247	219	17	31	248	10	0	261
930	86	268	-10	737	1121	10	754	0
931	398	329	17	297	1045	10	0	36
932	272	402	10	535	861	10	0	710
933	317	123	20	595	1046	10	0	612
934	408	318	15	2547	2718	10	0	863
935	66	31	25	4039	4469	10	0	294
936	425	448	9	3072	3403	10	0	141
937	35	304	-8	927	933	10	407	0
938	471	94	-20	3752	4358	10	267	0
939	470	473	10	1667	1900	10	0	58
940	224	56	-40	4480	5131	10	172	0
941	343	47	20	906	1430	10	0	195
942	52	18	28	3370	3605	10	0	420
943	16	68	20	1246	1384	10	0	423
944	195	185	20	388	629	10	0	596
945	92	236	20	1020	1161	10	0	832
946	76	462	18	3612	4156	10	0	590
947	124	56	20	808	1043	10	0	733
948	481	454	14	1159	1524	10	0	70
949	477	483	20	1201	1846	10	0	213
950	481	124	10	1004	1383	10	0	345
951	389	156	-20	2729	3115	10	665	0
952	384	16	-10	1263	1662	10	142	0
953	492	34	-20	3102	3503	10	896	0
954	371	200	10	942	973	10	0	638
955	153	235	10	128	658	10	0	786
956	428	202	-10	3290	4061	10	969	0
957	257	391	-10	6432	6752	10	45	0
958	421	218	10	889	1264	10	0	521
959	206	186	10	699	921	10	0	182
960	393	301	30	648	897	10	0	155
961	204	187	-30	670	852	10	686	0
962	468	475	10	1182	1325	10	0	290
963	477	122	10	1085	1675	10	0	192
964	100	66	-10	5437	5881	10	286	0
965	489	27	-20	1697	1793	10	829	0
966	12	451	20	1036	1457	0	0	1007
967	197	270	30	422	463	10	0	656
968	311	422	-10	3905	4118	10	303	0
969	489	17	10	1345	1815	10	0	956
970	13	214	21	5329	5620	10	0	842
971	440	247	20	975	1169	10	0	678
972	28	467	34	5219	5641	10	0	246
973	388	325	-30	1054	1172	10	66	0
974	270	401	-20	563	736	10	327	0
975	5	445	30	1095	1513	10	0	625
976	198	271	20	142	653	10	0	860
977	480	131	-10	2590	3031	10	263	0
978	437	98	-29	4457	4573	10	412	0
979	131	246	17	3262	3514	10	0	43
980	49	437	-26	1640	1899	10	244	0
981	270	49	-20	1219	1237	10	699	0
982	337	41	-18	3875	4263	10	558	0
983	318	280	20	285	611	10	0	416
984	154	392	-5	652	720	10	922	0
985	493	111	-40	2141	2307	10	809	0
986	399	450	-20	1374	1616	10	545	0
987	67	452	30	840	1436	10	0	280
988	34	239	16	690	1181	10	0	535
989	343	276	15	224	548	10	0	481
990	393	12	10	1004	1589	10	0	775
991	236	247	20	184	356	10	0	645
992	340	291	22	1910	1974	10	0	494
993	3	292	20	972	1192	10	0	173
994	209	68	27	6181	6484	10	0	317
995	18	225	-38	2818	2833	10	581	0
996	147	435	-20	943	1138	10	679	0
997	335	99	25	4803	5064	10	0	291
998	485	24	20	1269	1421	10	0	110
999	470	475	-30	1115	1488	10	850	0
1000	341	58	10	688	1222	10	0	565
1001	35	303	-20	692	1079	10	469	0
1002	120	261	-5	3134	3332	10	562	0
1003	306	229	-10	5318	5365	10	527	0
1004	377	432	-20	3344	3428	10	39	0
1005	488	26	-30	1734	1848	10	108	0
1006	1	101	-8	4853	5326	10	438	0
1007	12	451	-20	1036	1457	10	966	0
1008	287	397	-12	2144	2490	10	217	0
