250	1000	1
0	250	250	0	0	7284	0	0	0
1	440	436	-10	3508	3748	10	582	0
2	214	394	10	862	1102	10	0	752
3	476	483	-20	1359	1599	10	341	0
4	352	487	-20	3547	3787	10	211	0
5	230	197	40	426	666	10	0	735
6	175	239	-8	183	423	10	407	0
7	133	202	33	1782	2022	10	0	789
8	328	458	17	3011	3251	10	0	631
9	25	499	-40	1720	1960	10	279	0
10	226	423	15	728	968	10	0	473
11	313	282	20	594	834	10	0	520
12	60	454	-11	1329	1569	10	833	0
13	239	486	-11	5868	6108	10	785	0
14	102	264	10	475	715	10	0	930
15	408	452	10	1028	1268	10	0	658
16	451	62	5	1069	1309	10	0	765
17	203	390	40	575	815	10	0	509
18	92	233	10	835	1075	10	0	319
19	7	300	30	1319	1559	10	0	359
20	409	90	20	973	1213	10	0	391
21	307	108	-23	890	1130	10	578	0
22	347	54	10	1120	1360	10	0	158
23	406	87	10	1192	1432	10	0	652
24	371	332	-5	2058	2298	10	826	0
25	116	466	-20	944	1184	10	220	0
26	441	265	40	729	969	10	0	756
27	130	140	-12	716	956	10	904	0
28	80	117	-30	3237	3477	10	914	0
29	421	387	-7	3145	3385	10	475	0
30	83	300	26	1939	2179	10	0	168
31	136	52	-10	1111	1351	10	293	0
32	18	462	-20	1531	1771	10	358	0
33	390	120	24	3957	4197	10	0	529
34	188	119	-27	3839	4079	10	700	0
35	467	114	-14	1444	1684	10	594	0
36	440	292	-20	3700	3940	10	548	0
37	268	400	20	913	1153	10	0	229
38	391	202	-19	476	716	10	114	0
39	377	432	-10	3266	3506	10	754	0
40	80	290	-20	730	970	10	77	0
41	439	15	-30	1313	1553	10	676	0
42	307	52	-10	3622	3862	10	278	0
43	111	192	11	4738	4978	10	0	536
44	131	56	10	963	1203	10	0	204
45	88	286	-10	950	1190	10	923	0
46	69	414	6	4993	5233	10	0	140
47	41	232	16	761	1001	10	0	653
48	323	77	36	5560	5800	10	0	115
49	340	416	-10	1224	1464	10	932	0
50	86	199	-17	1051	1291	10	817	0
51	314	124	20	864	1104	10	0	614
52	375	191	30	607	847	10	0	360
53	226	175	-27	6715	6955	10	994	0
54	242	106	-19	5014	5254	10	94	0
55	417	417	-40	1268	1508	10	225	0
56	419	459	-20	1205	1445	10	828	0
57	389	11	-30	1233	1473	10	117	0
58	450	416	25	2247	2487	10	0	72
59	246	255	10	390	630	10	0	766
60	71	333	-20	715	955	10	334	0
61	105	474	27	1823	2063	10	0	641
62	20	489	10	1473	1713	10	0	182
63	388	331	20	520	760	10	0	518
64	92	259	4	1538	1778	10	0	412
65	200	261	10	606	846	10	0	868
66	400	288	30	499	739	10	0	81
67	299	285	-10	4955	5195	10	148	0
68	378	199	-20	769	1009	10	514	0
69	325	147	-11	4687	4927	10	131	0
70	421	386	29	3237	3477	10	0	224
71	404	447	20	880	1120	10	0	499
72	412	478	-25	3779	4019	10	58	0
73	26	67	15	5207	5447	10	0	964
74	358	183	-20	875	1115	10	350	0
75	30	302	-20	1006	1246	10	830	0
76	176	470	-10	2127	2367	10	917	0
77	96	270	20	589	829	10	0	40
78	243	408	15	5675	5915	10	0	218
79	60	29	-18	5391	5631	10	506	0
80	34	169	11	1878	2118	10	0	221
81	407	280	-30	774	1014	10	66	0
82	277	403	-26	639	879	10	88	0
83	498	456	-25	5564	5804	10	662	0
84	384	491	-20	1331	1571	10	986	0
85	355	174	-30	2801	3041	10	351	0
86	97	288	-12	5076	5316	10	163	0
87	316	284	20	439	679	10	0	890
88	334	403	26	578	818	10	0	82
89	415	223	-19	1159	1399	10	727	0
90	230	320	-20	4708	4948	10	268	0
91	432	199	7	2494	2734	10	0	711
92	92	18	8	4437	4677	10	0	410
93	273	300	30	100	340	10	0	850
94	269	112	19	4991	5231	10	0	54
95	429	389	-20	1636	1876	10	472	0
96	371	71	-20	1087	1327	10	751	0
97	5	297	-10	1265	1505	10	645	0
98	414	378	23	1919	2159	10	0	136
99	38	15	-20	4304	4544	10	943	0
100	2	295	-10	1163	1403	10	307	0
101	237	254	20	273	513	10	0	511
102	54	445	10	1172	1412	10	0	366
103	382	110	24	4390	4630	10	0	769
104	438	488	18	1249	1489	10	0	432
105	395	331	20	806	1046	10	0	918
106	230	487	-29	4458	4698	10	968	0
107	249	407	-10	635	875	10	238	0
108	488	26	-40	1671	1911	10	809	0
109	151	81	-8	6172	6412	10	438	0
110	483	14	10	1393	1633	10	0	580
111	0	422	-30	3224	3464	10	318	0
112	429	67	16	2869	3109	10	0	470
113	195	464	-32	6105	6345	10	812	0
114	356	256	19	305	545	10	0	38
115	264	180	-36	6663	6903	10	48	0
116	94	235	20	547	787	10	0	408
117	474	96	30	967	1207	10	0	57
118	268	52	10	1162	1402	10	0	879
119	44	440	-8	3095	3335	10	383	0
120	7	382	27	3022	3262	10	0	434
121	459	53	-10	4429	4669	10	954	0
122	491	25	-20	1574	1814	10	682	0
123	439	243	-30	1194	1434	10	216	0
124	210	185	-20	185	425	10	206	0
125	150	68	-20	1631	1871	10	137	0
126	201	270	10	132	372	10	0	304
127	0	188	-30	3668	3908	10	981	0
128	103	464	-10	5032	5272	10	747	0
129	325	56	13	3126	3366	10	0	714
130	44	344	12	4258	4498	10	0	295
131	418	75	11	1732	1972	10	0	69
132	472	57	-7	5119	5359	10	775	0
133	460	328	13	816	1056	10	0	939
134	89	270	10	754	994	10	0	805
135	374	190	-25	513	753	10	275	0
136	463	253	-23	4128	4368	10	98	0
137	97	93	20	902	1142	10	0	125
138	163	472	-11	2554	2794	10	825	0
139	29	336	22	1266	1506	10	0	583
140	84	453	-6	4832	5072	10	46	0
141	294	421	-20	6242	6482	10	893	0
142	343	62	-20	1370	1610	10	267	0
143	371	193	20	415	655	10	0	824
144	142	372	18	532	772	10	0	550
145	66	88	-10	3259	3499	10	530	0
146	395	332	10	762	1002	10	0	491
147	93	413	17	785	1025	10	0	624
148	267	394	10	977	1217	10	0	67
149	249	258	30	447	687	10	0	777
150	472	129	10	950	1190	10	0	646
151	87	3	-28	5672	5912	10	942	0
152	62	326	-29	1085	1325	10	668	0
153	212	186	-19	6826	7066	10	540	0
154	241	402	-10	4039	4279	10	876	0
155	439	266	10	681	921	10	0	379
156	79	80	-30	5468	5708	10	563	0
157	62	453	10	1119	1359	10	0	634
158	188	151	-10	5127	5367	10	22	0
159	386	154	-18	4344	4584	10	502	0
160	38	301	20	1122	1362	10	0	551
161	192	265	-20	437	677	10	464	0
162	371	192	30	459	699	10	0	778
163	64	294	12	4345	4585	10	0	86
164	381	494	-20	1274	1514	10	404	0
165	437	12	20	1258	1498	10	0	365
166	186	135	24	2811	3051	10	0	749
167	459	10	10	1280	1520	10	0	288
168	175	422	-26	5726	5966	10	30	0
169	274	48	-30	785	1025	10	787	0
170	488	173	-20	1055	1295	10	983	0
171	398	97	10	776	1016	10	0	455
172	385	17	-10	3175	3415	10	675	0
173	180	283	-10	2915	3155	10	424	0
174	71	12	-20	1112	1352	10	947	0
175	343	49	10	1000	1240	10	0	844
176	248	251	20	2	242	10	0	642
177	7	194	29	3745	3985	10	0	433
178	322	290	-12	5856	6096	10	648	0
179	410	399	-15	875	1115	10	989	0
180	398	103	-20	1054	1294	10	814	0
181	385	285	-15	3412	3652	10	758	0
182	179	497	-10	5584	5824	10	62	0
183	464	13	-20	1479	1719	10	337	0
184	492	335	-9	3253	3493	10	649	0
185	27	464	21	5104	5344	10	0	697
186	231	29	-25	4845	5085	10	584	0
187	157	38	-26	4131	4371	10	632	0
188	439	268	10	1131	1371	10	0	284
189	149	214	7	1868	2108	10	0	400
190	187	73	18	1108	1348	10	0	832
191	429	169	-10	3551	3791	10	742	0
192	350	199	21	4746	4986	10	0	214
193	60	231	-8	4044	4284	10	698	0
194	448	404	15	2336	2576	0	0	1002
195	481	20	20	1328	1568	10	0	969
196	436	25	-30	5069	5309	10	938	0
197	111	459	-10	1375	1615	10	419	0
198	389	17	10	1403	1643	10	0	403
199	148	208	-10	2046	2286	10	900	0
200	475	477	-20	1558	1798	10	949	0
201	390	325	30	945	1185	10	0	603
202	346	354	-10	3210	3450	10	853	0
203	91	266	-30	870	1110	10	967	0
204	17	65	-10	1247	1487	10	44	0
205	391	112	-40	3941	4181	10	637	0
206	224	203	20	95	335	10	0	124
207	426	231	-20	4054	4294	10	545	0
208	260	472	33	4084	4324	10	0	622
209	265	0	-20	3524	3764	10	629	0
210	391	293	20	843	1083	10	0	691
211	411	421	20	1200	1440	10	0	4
212	132	30	20	1243	1483	10	0	259
213	475	480	30	1458	1698	10	0	332
214	286	244	-21	5076	5316	10	192	0
215	436	237	-33	626	866	10	363	0
216	402	284	30	598	838	10	0	123
217	287	397	-10	2197	2437	10	740	0
218	272	420	-15	5483	5723	10	78	0
219	477	120	-20	1308	1548	10	553	0
220	145	434	20	872	1112	10	0	25
221	33	286	-11	6124	6364	10	80	0
222	370	262	15	4338	4578	10	0	296
223	393	20	20	1503	1743	10	0	654
224	330	308	-29	4622	4862	10	70	0
225	246	398	40	472	712	10	0	55
226	482	184	14	4367	4607	10	0	795
227	451	305	13	714	954	10	0	630
228	226	316	21	161	401	10	0	628
229	110	459	-20	1331	1571	10	37	0
230	244	250	10	6	246	10	0	871
231	458	16	-20	1132	1372	10	856	0
232	390	34	-17	4181	4421	10	571	0
233	423	214	-10	807	1047	10	522	0
234	219	215	32	67	307	10	0	788
235	326	118	10	531	771	10	0	561
236	365	74	-12	3334	3574	10	720	0
237	331	356	-20	2787	3027	10	448	0
238	210	398	10	757	997	10	0	107
239	403	93	10	1303	1543	10	0	750
240	248	404	30	538	778	10	0	485
241	65	62	-25	3846	4086	10	388	0
242	460	13	20	1227	1467	10	0	320
243	0	293	-12	1055	1295	10	902	0
244	211	248	-10	39	279	10	252	0
245	484	174	10	998	1238	10	0	446
246	175	352	-20	6600	6840	10	387	0
247	455	168	-10	3407	3647	10	958	0
248	224	191	20	264	504	10	0	940
249	439	156	2	2043	2283	10	0	951
250	434	359	-11	5509	5749	10	460	0
251	118	314	-20	1290	1530	10	449	0
252	234	246	10	199	439	10	0	244
253	406	450	-20	977	1217	10	544	0
254	75	118	-20	1576	1816	10	933	0
255	115	395	-20	3201	3441	10	705	0
256	329	456	19	936	1176	10	0	681
257	218	403	15	5217	5457	10	0	368
258	149	341	-10	1556	1796	10	647	0
259	253	74	-20	5340	5580	10	212	0
260	436	241	-9	1249	1489	10	471	0
261	238	203	10	315	555	10	0	686
262	405	455	-10	1303	1543	10	431	0
263	485	27	-20	1724	1964	10	873	0
264	323	118	20	583	823	10	0	638
265	330	371	-10	2174	2414	10	585	0
266	25	65	-30	1445	1685	10	457	0
267	406	96	20	803	1043	10	0	142
268	49	451	20	1060	1300	10	0	90
269	307	249	-29	5446	5686	10	928	0
270	178	135	-10	5995	6235	10	819	0
271	299	353	34	336	576	10	0	436
272	236	213	20	39	279	10	0	612
273	355	177	20	437	677	10	0	854
274	394	23	20	1555	1795	10	0	429
275	306	235	25	112	352	10	0	135
276	90	477	18	991	1231	10	0	357
277	379	486	-21	2627	2867	10	378	0
278	435	16	10	1410	1650	10	0	42
279	8	497	40	1571	1811	10	0	9
280	150	484	-30	2441	2681	10	782	0
281	213	399	18	876	1116	10	0	466
282	391	18	10	1451	1691	10	0	406
283	111	392	-10	4616	4856	10	606	0
284	330	281	-10	5262	5502	10	188	0
285	344	203	14	609	849	10	0	841
286	91	235	-20	1016	1256	10	627	0
287	346	60	10	1225	1465	10	0	490
288	483	27	-10	1772	2012	10	167	0
289	382	498	-20	1177	1417	10	753	0
290	457	492	-30	1972	2212	10	999	0
291	291	213	23	4971	5211	10	0	384
292	154	374	-10	3688	3928	10	925	0
293	225	196	10	163	403	10	0	31
294	94	40	-10	4212	4452	10	851	0
295	0	356	-12	4285	4525	10	130	0
296	297	283	-15	5338	5578	10	222	0
297	371	423	10	724	964	10	0	398
298	417	217	30	694	934	10	0	515
299	500	228	-10	3067	3307	10	883	0
300	412	214	10	544	784	10	0	692
301	442	289	25	704	944	10	0	724
302	157	269	-20	6245	6485	10	763	0
303	440	241	-10	1145	1385	10	573	0
304	100	266	-10	526	766	10	126	0
305	111	178	18	506	746	10	0	748
306	91	101	10	1133	1373	10	0	310
307	25	307	10	938	1178	10	0	100
308	135	400	20	1134	1374	10	0	815
309	58	458	10	1231	1471	10	0	745
310	133	26	-10	1187	1427	10	306	0
311	211	386	20	446	686	10	0	657
312	94	97	20	796	1036	10	0	881
313	30	155	-20	5062	5302	10	762	0
314	208	184	20	234	474	10	0	988
315	394	333	20	717	957	10	0	577
316	355	180	30	489	729	10	0	874
317	241	180	-28	6718	6958	10	411	0
318	21	485	30	1293	1533	10	0	111
319	80	251	-10	1154	1394	10	18	0
320	476	61	-20	1735	1975	10	242	0
321	406	94	10	851	1091	10	0	523
322	364	71	-20	5334	5574	10	716	0
323	418	221	10	1105	1345	10	0	934
324	274	441	12	2718	2958	10	0	597
325	304	97	20	667	907	10	0	797
326	297	102	10	549	789	10	0	810
327	250	405	-15	586	826	10	370	0
328	111	463	20	1226	1466	10	0	465
329	408	279	20	820	1060	10	0	707
330	263	418	-10	1054	1294	10	549	0
331	480	119	-20	2454	2694	10	701	0
332	420	383	-30	3868	4108	10	213	0
333	142	14	-4	3281	3521	10	526	0
334	73	328	20	654	894	10	0	60
335	50	438	20	1287	1527	10	0	586
336	441	7	20	1506	1746	10	0	546
337	462	14	20	1528	1768	10	0	183
338	360	294	-18	5611	5851	10	541	0
339	58	39	12	4592	4832	10	0	921
340	58	391	-27	3469	3709	10	513	0
341	410	285	20	711	951	10	0	3
342	96	97	20	748	988	10	0	743
343	21	64	-26	1349	1589	10	373	0
344	238	210	30	475	715	0	0	1001
345	479	121	10	1171	1411	10	0	781
346	200	178	20	314	554	10	0	525
347	216	341	-20	2556	2796	10	845	0
348	48	437	-10	3155	3395	10	924	0
349	200	270	20	176	416	10	0	367
350	357	181	20	538	778	10	0	74
351	476	174	30	1237	1477	10	0	85
352	400	286	10	547	787	10	0	486
353	351	481	-30	1227	1467	10	719	0
354	270	400	10	485	725	10	0	680
355	95	234	-10	593	833	10	955	0
356	128	113	-20	1391	1631	10	699	0
357	133	455	-18	3172	3412	10	276	0
358	16	463	20	1439	1679	10	0	32
359	59	388	-30	2591	2831	10	19	0
360	376	190	-30	561	801	10	52	0
361	481	122	30	1122	1362	10	0	558
362	266	405	20	808	1048	10	0	839
363	374	232	33	381	621	10	0	215
364	398	20	20	1016	1256	10	0	377
365	481	26	-20	1167	1407	10	165	0
366	63	444	-10	1459	1699	10	102	0
367	89	290	-20	610	850	10	349	0
368	246	314	-15	5721	5961	10	257	0
369	40	304	16	4519	4759	10	0	744
370	262	369	15	457	697	10	0	327
371	323	29	7	4490	4730	0	0	1004
372	89	65	16	2821	3061	10	0	415
373	144	35	26	839	1079	10	0	343
374	200	265	10	550	790	10	0	791
375	436	264	-10	626	866	10	771	0
376	15	457	-30	1234	1474	10	975	0
377	397	20	-20	1060	1300	10	364	0
378	328	491	21	2653	2893	10	0	277
379	399	175	-10	2928	3168	10	155	0
380	432	2	20	1806	2046	10	0	643
381	63	336	-5	1005	1245	10	922	0
382	6	296	-10	1219	1459	10	421	0
383	146	376	8	877	1117	10	0	119
384	295	247	-23	5154	5394	10	291	0
385	235	33	-20	5288	5528	10	479	0
386	233	204	-10	157	397	10	660	0
387	142	360	20	6068	6308	10	0	246
388	177	156	25	609	849	10	0	241
389	315	287	-30	532	772	10	402	0
390	452	172	9	2373	2613	10	0	677
391	263	153	-20	1590	1830	10	20	0
392	493	493	-29	3366	3606	10	651	0
393	320	283	30	382	622	10	0	960
394	64	5	-15	4456	4696	10	559	0
395	95	235	-20	503	743	10	991	0
396	203	211	-20	5166	5406	10	896	0
397	16	497	-10	1643	1883	10	905	0
398	348	348	-10	3679	3919	10	297	0
399	485	104	-3	3118	3358	10	454	0
400	330	147	-7	3334	3574	10	189	0
401	443	237	20	694	934	10	0	901
402	316	286	30	487	727	10	0	389
403	335	46	-10	5307	5547	10	198	0
404	381	495	20	1230	1470	10	0	164
405	364	173	30	661	901	10	0	678
406	267	162	-10	5737	5977	10	282	0
407	214	245	8	36	276	10	0	6
408	92	234	-20	879	1119	10	116	0
409	347	459	25	1858	2098	10	0	807
410	30	7	-8	4694	4934	10	92	0
411	120	37	28	3041	3281	10	0	317
412	397	153	-4	3470	3710	10	64	0
413	210	29	-20	4143	4383	10	944	0
414	87	285	-20	904	1144	10	976	0
415	132	32	-16	3078	3318	10	372	0
416	390	294	-17	889	1129	10	931	0
417	67	451	-31	4802	5042	10	899	0
418	24	68	-20	1598	1838	10	572	0
419	146	439	10	977	1217	10	0	197
420	209	212	-20	6051	6291	10	872	0
421	6	292	10	910	1150	10	0	382
422	18	63	-40	1296	1536	10	885	0
423	149	98	4	4600	4840	10	0	895
424	91	268	10	918	1158	10	0	173
425	103	177	-25	2446	2686	10	497	0
426	367	178	20	661	901	10	0	600
427	225	269	-22	5023	5263	10	484	0
428	443	246	-20	859	1099	10	483	0
429	306	42	-20	1847	2087	10	274	0
430	374	306	-6	3916	4156	10	498	0
431	413	421	10	1152	1392	10	0	262
432	470	405	-18	3643	3883	10	104	0
433	33	278	-29	5889	6129	10	177	0
434	149	458	-27	4595	4835	10	120	0
435	257	57	-21	4844	5084	10	864	0
436	272	403	-34	699	939	10	271	0
437	221	291	9	124	364	10	0	847
438	1	101	8	4969	5209	10	0	109
439	332	459	-20	1415	1655	10	808	0
440	220	392	20	971	1211	10	0	834
441	253	50	27	843	1083	10	0	445
442	250	441	-8	2963	3203	10	761	0
443	471	484	-10	1299	1539	10	671	0
444	480	152	-10	4026	4266	10	731	0
445	404	83	-27	1134	1374	10	441	0
446	476	94	-10	1019	1259	10	245	0
447	458	213	-23	4453	4693	10	667	0
448	215	395	20	908	1148	10	0	237
449	85	288	20	668	908	10	0	251
450	179	75	-10	2900	3140	10	670	0
451	228	287	21	52	292	10	0	867
452	397	18	-10	1108	1348	10	1000	0
453	238	204	20	359	599	10	0	710
454	488	3	3	1542	1782	10	0	399
455	407	88	-10	1238	1478	10	171	0
456	459	14	20	1181	1421	10	0	965
457	120	17	30	1056	1296	10	0	266
458	235	316	-20	2563	2803	10	818	0
459	370	382	11	3475	3715	10	0	722
460	405	454	11	5152	5392	10	0	250
461	17	458	-30	1672	1912	10	593	0
462	43	135	31	827	1067	10	0	596
463	318	497	-20	3355	3595	10	480	0
464	199	268	20	225	465	10	0	161
465	111	467	-20	1088	1328	10	328	0
466	138	438	-18	1089	1329	10	281	0
467	172	314	9	2122	2362	10	0	979
468	494	468	31	1350	1590	10	0	910
469	35	303	20	766	1006	10	0	505
470	341	59	-16	3099	3339	10	112	0
471	423	221	9	973	1213	10	0	260
472	395	295	20	785	1025	10	0	95
473	413	417	-15	1364	1604	10	10	0
474	339	60	20	784	1024	10	0	941
475	277	428	7	1901	2141	10	0	29
476	176	199	-10	239	479	10	706	0
477	265	240	9	18	258	10	0	865
478	365	190	-17	5850	6090	10	726	0
479	133	53	20	1058	1298	10	0	385
480	387	488	20	1388	1628	10	0	463
481	385	295	20	449	689	10	0	669
482	491	369	-20	2858	3098	10	693	0
483	445	273	20	971	1211	10	0	428
484	195	273	22	118	358	10	0	427
485	313	493	-30	4712	4952	10	240	0
486	495	227	-10	1316	1556	10	352	0
487	241	403	-10	821	1061	10	534	0
488	30	72	-10	1666	1906	10	640	0
489	21	487	10	1341	1581	10	0	783
490	324	99	-10	1292	1532	10	287	0
491	453	318	-10	1435	1675	10	146	0
492	443	272	10	1020	1260	10	0	599
493	447	184	27	1638	1878	10	0	527
494	366	288	-20	2675	2915	10	891	0
495	440	284	-11	3347	3587	10	794	0
496	13	314	-30	915	1155	10	937	0
497	72	227	25	2195	2435	10	0	425
498	377	385	6	3405	3645	10	0	430
499	477	478	-20	1509	1749	10	71	0
500	204	185	20	593	833	10	0	915
501	226	191	20	312	552	10	0	636
502	330	138	18	4378	4618	10	0	159
503	185	434	-30	2234	2474	10	689	0
504	483	22	10	1276	1516	10	0	926
505	71	282	-20	2507	2747	10	469	0
506	60	5	18	4115	4355	10	0	79
507	189	402	-30	2084	2324	10	609	0
508	134	211	35	422	662	10	0	836
509	146	313	-40	4721	4961	10	17	0
510	21	146	-30	1887	2127	10	870	0
511	37	281	-20	1913	2153	10	101	0
512	416	417	-20	1312	1552	10	679	0
513	44	311	27	1570	1810	10	0	340
514	361	181	20	728	968	10	0	68
515	444	242	-30	802	1042	10	298	0
516	444	271	10	922	1162	10	0	764
517	359	179	20	589	829	10	0	588
518	388	334	-20	572	812	10	63	0
519	401	164	-10	2425	2665	10	713	0
520	499	316	-20	2427	2667	10	11	0
521	399	106	20	1147	1387	10	0	730
522	425	215	10	856	1096	10	0	233
523	407	98	-10	754	994	10	321	0
524	406	460	-25	2817	3057	10	712	0
525	88	95	-20	1021	1261	10	346	0
526	95	64	4	3004	3244	10	0	333
527	306	229	-27	5221	5461	10	493	0
528	273	55	-10	665	905	10	568	0
529	384	149	-24	4729	4969	10	33	0
530	122	35	10	921	1161	10	0	145
531	308	199	-22	5973	6213	10	790	0
532	390	301	-30	601	841	10	792	0
533	300	108	-10	482	722	10	695	0
534	267	400	10	869	1109	10	0	487
535	8	300	10	1363	1603	10	0	569
536	105	181	-11	6065	6305	10	43	0
537	398	325	30	873	1113	10	0	755
538	166	247	1	216	456	10	0	887
539	140	431	-38	768	1008	10	581	0
540	253	118	19	2129	2369	10	0	153
541	359	246	18	5631	5871	10	0	338
542	321	277	10	184	424	10	0	948
543	168	59	6	1404	1644	10	0	772
544	406	285	20	655	895	10	0	253
545	391	334	20	664	904	10	0	207
546	437	19	-20	3996	4236	10	336	0
547	201	278	13	106	346	10	0	625
548	435	267	20	1231	1471	10	0	36
549	245	408	10	755	995	10	0	330
550	16	462	-18	1483	1723	10	144	0
551	107	374	-20	3597	3837	10	160	0
552	477	97	10	1071	1311	10	0	846
553	346	57	20	1173	1413	10	0	219
554	14	459	-10	1283	1523	10	601	0
555	102	6	-20	5774	6014	10	827	0
556	359	287	24	340	580	10	0	592
557	297	131	-10	4602	4842	10	963	0
558	282	1	-30	4110	4350	10	361	0
559	21	70	15	3025	3265	10	0	394
560	440	244	10	1004	1244	10	0	674
561	482	104	-10	3170	3410	10	235	0
562	120	261	-12	3113	3353	10	734	0
563	125	29	30	1073	1313	10	0	156
564	292	32	-20	857	1097	10	852	0
565	262	92	-10	2462	2702	10	736	0
566	68	160	-8	4483	4723	10	995	0
567	405	276	-20	877	1117	10	685	0
568	277	50	10	731	971	10	0	528
569	32	319	-10	1542	1782	10	535	0
570	344	70	24	4523	4763	10	0	997
571	481	84	17	1962	2202	10	0	232
572	21	68	20	1546	1786	10	0	418
573	441	244	10	1048	1288	10	0	303
574	57	43	-27	4034	4274	10	898	0
575	1	293	-20	1011	1251	10	993	0
576	481	96	-20	1128	1368	10	888	0
577	471	368	-20	1652	1892	10	315	0
578	236	126	23	379	619	10	0	21
579	406	99	-10	848	1088	10	602	0
580	303	186	-10	5357	5597	10	110	0
581	225	369	38	366	606	10	0	539
582	412	453	10	1128	1368	10	0	1
583	104	349	-22	3977	4217	10	139	0
584	173	182	25	291	531	10	0	186
585	111	464	10	1182	1422	10	0	265
586	53	440	-20	1232	1472	10	335	0
587	69	336	20	812	1052	10	0	615
588	359	182	-20	777	1017	10	517	0
589	13	459	20	1327	1567	10	0	858
590	244	277	18	5145	5385	0	0	1005
591	484	177	-10	946	1186	10	725	0
592	452	206	-24	1909	2149	10	556	0
593	22	483	30	1184	1424	10	0	461
594	452	110	14	1301	1541	10	0	35
595	347	192	18	5893	6133	0	0	1003
596	95	92	-31	951	1191	10	462	0
597	368	311	-12	3644	3884	10	324	0
598	479	387	13	1530	1770	10	0	897
599	479	169	-10	1174	1414	10	492	0
600	497	266	-20	2930	3170	10	426	0
601	66	336	10	953	1193	10	0	554
602	376	195	10	664	904	10	0	579
603	401	281	-30	984	1224	10	201	0
604	441	177	-24	3945	4185	10	633	0
605	231	203	20	206	446	10	0	688
606	21	488	10	1385	1625	10	0	283
607	231	204	20	541	781	10	0	760
608	122	422	-34	5767	6007	10	972	0
609	65	453	30	1067	1307	10	0	507
610	206	261	10	670	910	10	0	639
611	466	149	16	4684	4924	10	0	877
612	313	119	-20	803	1043	10	272	0
613	90	274	20	657	897	10	0	635
614	39	162	-20	2201	2441	10	51	0
615	35	306	-20	858	1098	10	587	0
616	437	15	-9	1361	1601	10	908	0
617	307	412	-17	1555	1795	10	929	0
618	79	291	10	775	1015	10	0	803
619	64	437	-10	3613	3853	10	704	0
620	376	92	-20	3902	4142	10	665	0
621	129	27	-24	1130	1370	10	694	0
622	196	489	-33	4061	4301	10	208	0
623	51	286	14	5776	6016	0	0	1007
624	20	488	-17	1429	1669	10	147	0
625	13	455	-13	1183	1423	10	547	0
626	170	347	-20	1683	1923	10	823	0
627	92	230	20	695	935	10	0	286
628	117	467	-21	898	1138	10	228	0
629	413	217	20	596	836	10	0	209
630	405	450	-13	933	1173	10	227	0
631	394	322	-17	4039	4279	10	8	0
632	125	61	26	2387	2627	10	0	187
633	238	123	24	3064	3304	10	0	604
634	11	403	-10	1312	1552	10	157	0
635	89	272	-20	706	946	10	613	0
636	304	102	-20	727	967	10	501	0
637	478	121	40	1215	1455	10	0	205
638	408	84	-20	1077	1317	10	264	0
639	376	494	-10	1019	1259	10	610	0
640	20	73	10	1041	1281	10	0	488
641	159	299	-27	4002	4242	10	61	0
642	95	382	-20	865	1105	10	176	0
643	352	63	-20	4653	4893	10	380	0
644	365	274	14	350	590	10	0	798
645	30	301	10	1050	1290	10	0	97
646	351	5	-10	1924	2164	10	150	0
647	197	267	10	375	615	10	0	258
648	498	171	12	4966	5206	10	0	178
649	468	352	9	3013	3253	10	0	184
650	418	251	-21	4727	4967	10	843	0
651	489	437	29	2767	3007	10	0	392
652	251	63	-10	3890	4130	10	23	0
653	132	55	-16	1009	1249	10	47	0
654	281	96	-20	4443	4683	10	223	0
655	333	293	27	2408	2648	10	0	757
656	255	487	-20	1532	1772	10	878	0
657	207	400	-20	702	942	10	311	0
658	469	489	-10	2162	2402	10	15	0
659	244	254	20	341	581	10	0	728
660	233	207	10	105	345	10	0	386
661	441	60	-22	5775	6015	10	780	0
662	411	379	25	4713	4953	10	0	83
663	178	72	-12	2967	3207	10	796	0
664	51	447	-20	1118	1358	10	837	0
665	478	118	20	1357	1597	10	0	620
666	141	426	-30	2066	2306	10	987	0
667	295	89	23	2908	3148	10	0	447
668	112	433	29	880	1120	10	0	152
669	320	211	-20	3910	4150	10	481	0
670	400	103	10	962	1202	10	0	450
671	408	453	10	1072	1312	10	0	443
672	435	180	-10	838	1078	10	768	0
673	432	66	-5	4225	4465	10	953	0
674	374	116	-10	2289	2529	10	560	0
675	478	102	10	1237	1477	10	0	172
676	335	57	30	724	964	10	0	41
677	385	239	-9	3082	3322	10	390	0
678	386	245	-30	1856	2096	10	405	0
679	208	396	20	646	886	10	0	512
680	380	489	-10	1456	1696	10	354	0
681	380	498	-19	1129	1369	10	256	0
682	440	7	20	1195	1435	10	0	122
683	434	245	10	1307	1547	10	0	863
684	90	232	10	786	1026	10	0	945
685	389	334	20	616	856	10	0	567
686	241	205	-10	412	652	10	261	0
687	18	24	32	2453	2693	10	0	717
688	57	183	-20	4341	4581	10	605	0
689	59	457	30	1277	1517	10	0	503
690	442	243	-20	1094	1334	10	971	0
691	402	281	-20	940	1180	10	210	0
692	445	237	-10	742	982	10	300	0
693	441	273	20	1069	1309	10	0	482
694	31	175	24	926	1166	10	0	621
695	234	202	10	259	499	10	0	533
696	52	303	-20	1705	1945	10	822	0
697	167	445	-21	5588	5828	10	185	0
698	179	286	8	1305	1545	10	0	193
699	269	48	20	1062	1302	10	0	356
700	165	59	27	3711	3951	10	0	34
701	461	8	20	1416	1656	10	0	331
702	421	415	30	881	1121	10	0	936
703	59	459	-12	1185	1425	10	920	0
704	24	492	10	1788	2028	10	0	619
705	55	449	20	994	1234	10	0	255
706	224	192	10	220	460	10	0	476
707	444	269	-20	874	1114	10	329	0
708	491	20	20	1514	1754	10	0	804
709	313	126	-40	913	1153	10	884	0
710	283	438	-20	866	1106	10	453	0
711	352	241	-7	3109	3349	10	91	0
712	398	476	25	1612	1852	10	0	524
713	442	247	10	904	1144	10	0	519
714	217	207	-13	5470	5710	10	129	0
715	233	87	18	950	1190	10	0	842
716	479	127	20	1019	1259	10	0	322
717	6	53	-32	2288	2528	10	687	0
718	478	300	-10	3498	3738	10	973	0
719	378	493	30	1067	1307	10	0	353
720	303	78	12	600	840	10	0	236
721	344	62	10	1326	1566	10	0	723
722	371	315	-11	4603	4843	10	459	0
723	200	78	-10	3911	4151	10	721	0
724	413	391	-25	808	1048	10	301	0
725	415	216	10	645	885	10	0	591
726	397	57	17	5844	6084	10	0	478
727	293	228	19	73	313	10	0	89
728	0	297	-20	1111	1351	10	659	0
729	435	20	-10	1466	1706	10	813	0
730	195	111	-20	3932	4172	10	521	0
731	417	218	10	1052	1292	10	0	444
732	340	54	-30	891	1131	10	849	0
733	132	57	20	918	1158	10	0	935
734	210	379	12	2775	3015	10	0	562
735	228	260	-40	6362	6602	10	5	0
736	399	104	10	1099	1339	10	0	565
737	95	277	20	1038	1278	10	0	882
738	360	284	-22	2606	2846	10	992	0
739	53	466	9	1280	1520	10	0	980
740	112	465	10	1137	1377	10	0	217
741	313	391	5	538	778	10	0	746
742	93	235	10	925	1165	10	0	191
743	125	32	-20	978	1218	10	342	0
744	215	282	-16	5702	5942	10	369	0
745	224	320	-10	5075	5315	10	309	0
746	134	428	-5	1172	1412	10	741	0
747	26	490	10	1839	2079	10	0	128
748	44	115	-18	865	1105	10	305	0
749	438	127	-24	3704	3944	10	166	0
750	239	15	-10	2355	2595	10	239	0
751	342	54	20	939	1179	10	0	96
752	109	463	-10	1274	1514	10	2	0
753	199	187	20	447	687	10	0	289
754	201	188	10	495	735	10	0	39
755	399	301	-30	717	957	10	537	0
756	484	171	-40	1113	1353	10	26	0
757	272	234	-27	6301	6541	10	655	0
758	380	350	15	3406	3646	10	0	181
759	140	108	29	4225	4465	10	0	799
760	228	199	-20	477	717	10	607	0
761	245	461	8	2537	2777	10	0	442
762	305	107	20	841	1081	10	0	313
763	231	195	20	377	617	10	0	302
764	450	265	-10	805	1045	10	516	0
765	273	149	-5	5951	6191	10	16	0
766	12	358	-10	4837	5077	10	59	0
767	315	121	10	752	992	10	0	970
768	420	213	10	754	994	10	0	672
769	331	134	-24	4435	4675	10	103	0
770	84	377	-19	3645	3885	10	857	0
771	320	280	10	280	520	10	0	375
772	89	185	-6	2339	2579	10	543	0
773	472	481	20	1246	1486	10	0	962
774	422	420	-10	990	1230	10	892	0
775	475	267	7	3058	3298	10	0	132
776	470	125	-22	892	1132	10	784	0
777	435	268	-30	1187	1427	10	149	0
778	409	155	-30	621	861	10	162	0
779	243	248	30	36	276	10	0	919
780	488	96	22	4205	4445	10	0	661
781	341	72	-10	3159	3399	10	345	0
782	58	449	30	1391	1631	10	0	280
783	16	460	-10	1583	1823	10	489	0
784	480	136	22	907	1147	10	0	776
785	162	388	11	4444	4684	10	0	13
786	47	208	30	846	1086	10	0	800
787	324	127	30	454	694	10	0	169
788	87	96	-32	1067	1307	10	234	0
789	140	137	-33	2219	2459	10	7	0
790	314	205	22	6047	6287	10	0	531
791	96	346	-10	681	921	10	374	0
792	321	280	30	236	476	10	0	532
793	245	251	10	5	245	10	0	838
794	436	295	11	2053	2293	10	0	495
795	274	261	-14	6768	7008	10	226	0
796	271	128	12	1322	1562	10	0	663
797	275	45	-20	838	1078	10	325	0
798	422	409	-14	817	1057	10	644	0
799	146	188	-29	4880	5120	10	759	0
800	93	96	-30	842	1082	10	786	0
801	409	255	-11	6030	6270	10	840	0
802	449	428	-10	4927	5167	10	848	0
803	90	285	-10	1045	1285	10	618	0
804	415	95	-20	4647	4887	10	708	0
805	88	287	-10	994	1234	10	134	0
806	379	196	-20	716	956	10	927	0
807	368	452	-25	2620	2860	10	409	0
808	202	186	20	544	784	10	0	439
809	435	11	40	1129	1369	10	0	108
810	269	46	-10	1014	1254	10	326	0
811	7	292	-30	866	1106	10	869	0
812	44	496	32	1547	1787	10	0	113
813	478	99	10	1185	1425	10	0	729
814	391	99	20	706	946	10	0	180
815	132	477	-20	1249	1489	10	308	0
816	24	65	-10	1401	1641	10	916	0
817	130	247	17	360	600	10	0	50
818	133	273	20	357	597	10	0	458
819	347	62	10	1274	1514	10	0	270
820	404	140	-5	4975	5215	10	977	0
821	416	420	-20	1099	1339	10	974	0
822	67	335	20	907	1147	10	0	696
823	92	270	20	967	1207	10	0	626
824	411	95	-20	911	1151	10	143	0
825	132	479	11	910	1150	10	0	138
826	366	334	5	1581	1821	10	0	24
827	125	39	20	861	1101	10	0	555
828	419	422	20	1045	1285	10	0	56
829	460	2	-20	1352	1592	10	998	0
830	67	334	20	863	1103	10	0	75
831	448	414	23	4831	5071	10	0	912
832	46	163	-18	3644	3884	10	190	0
833	77	465	11	984	1224	10	0	12
834	284	319	-20	3207	3447	10	440	0
835	102	422	23	845	1085	10	0	966
836	240	34	-35	6178	6418	10	508	0
837	141	428	20	715	955	10	0	664
838	204	269	-10	79	319	10	793	0
839	144	439	-20	1025	1265	10	362	0
840	470	417	11	2887	3127	10	0	801
841	404	103	-14	906	1146	10	285	0
842	5	281	-18	5426	5666	10	715	0
843	487	320	21	3371	3611	10	0	650
844	398	23	-10	964	1204	10	175	0
845	90	296	20	546	786	10	0	347
846	386	13	-10	1288	1528	10	552	0
847	115	465	-9	989	1229	10	437	0
848	473	475	10	1609	1849	10	0	802
849	275	42	30	890	1130	10	0	732
850	286	356	-30	328	568	10	93	0
851	15	69	10	1107	1347	10	0	294
852	267	44	20	963	1203	10	0	564
853	243	399	10	879	1119	10	0	202
854	390	249	-20	2267	2507	10	273	0
855	210	391	30	506	746	10	0	906
856	433	15	20	1071	1311	10	0	231
857	24	259	19	1420	1660	10	0	770
858	12	463	-20	1383	1623	10	589	0
859	237	213	10	528	768	10	0	959
860	182	480	31	1399	1639	10	0	862
861	409	88	-20	1021	1261	10	903	0
862	244	368	-31	1596	1836	10	860	0
863	381	328	-10	2809	3049	10	683	0
864	213	185	21	179	419	10	0	435
865	482	141	-9	3983	4223	10	477	0
866	319	124	20	652	892	10	0	990
867	141	431	-21	812	1052	10	451	0
868	198	264	-10	501	741	10	65	0
869	69	334	30	764	1004	10	0	811
870	299	98	30	607	847	10	0	510
871	240	250	-10	90	330	10	230	0
872	199	203	20	5769	6009	10	0	420
873	459	17	20	1585	1825	10	0	263
874	423	217	-30	907	1147	10	316	0
875	477	179	20	831	1071	10	0	950
876	213	397	10	809	1049	10	0	154
877	405	187	-16	4942	5182	10	611	0
878	269	402	20	751	991	10	0	656
879	53	204	-10	4160	4400	10	118	0
880	13	394	-20	1430	1670	10	996	0
881	15	68	-20	1151	1391	10	312	0
882	56	268	-20	4196	4436	10	737	0
883	360	184	10	826	1066	10	0	299
884	307	102	40	779	1019	10	0	709
885	130	57	40	870	1110	10	0	422
886	250	328	-30	935	1175	10	961	0
887	91	231	-1	741	981	10	538	0
888	479	176	20	886	1126	10	0	576
889	420	224	10	1656	1896	10	0	956
890	461	182	-20	2456	2696	10	87	0
891	418	218	20	1008	1248	10	0	494
892	419	418	10	936	1176	10	0	774
893	336	493	20	5912	6152	10	0	141
894	389	300	-10	555	795	10	909	0
895	92	76	-4	4496	4736	10	423	0
896	476	102	20	1285	1525	10	0	396
897	418	399	-13	1691	1931	10	598	0
898	109	56	27	839	1079	10	0	574
899	13	465	31	3034	3274	10	0	417
900	92	232	10	647	887	10	0	199
901	394	47	-20	1192	1432	10	401	0
902	16	287	12	1023	1263	10	0	243
903	399	102	20	1008	1248	10	0	861
904	143	158	12	490	730	10	0	27
905	18	484	10	1240	1480	10	0	397
906	250	411	-30	692	932	10	855	0
907	19	273	25	4006	4246	10	0	911
908	365	28	9	1013	1253	10	0	616
909	387	297	10	501	741	10	0	894
910	433	447	-31	3117	3357	10	468	0
911	214	274	-25	5416	5656	10	907	0
912	489	338	-23	5529	5769	10	831	0
913	130	494	-9	2975	3215	10	984	0
914	23	67	30	1497	1737	10	0	28
915	374	489	-20	957	1197	10	500	0
916	126	30	10	1027	1267	10	0	816
917	112	467	10	1044	1284	10	0	76
918	489	274	-20	2075	2315	10	105	0
919	61	214	-30	1307	1547	10	779	0
920	166	440	12	711	951	10	0	703
921	56	75	-12	5691	5931	10	339	0
922	210	276	5	71	311	10	0	381
923	80	286	10	836	1076	10	0	45
924	17	459	10	1628	1868	10	0	348
925	66	448	10	961	1201	10	0	292
926	351	128	-10	4953	5193	10	504	0
927	352	176	20	384	624	10	0	806
928	490	286	29	2029	2269	10	0	269
929	247	219	17	31	271	10	0	617
930	86	268	-10	809	1049	10	14	0
931	398	329	17	551	791	10	0	416
932	272	402	10	578	818	10	0	49
933	317	123	20	701	941	10	0	254
934	408	318	-10	2512	2752	10	323	0
935	66	31	-20	4134	4374	10	733	0
936	425	448	-30	3118	3358	10	702	0
937	35	304	30	810	1050	10	0	496
938	471	94	30	3935	4175	10	0	196
939	470	473	-13	1664	1904	10	133	0
940	224	56	-20	4686	4926	10	248	0
941	343	47	-20	1048	1288	10	474	0
942	52	18	28	3368	3608	10	0	151
943	16	68	20	1195	1435	10	0	99
944	195	185	20	389	629	10	0	413
945	92	236	-10	971	1211	10	684	0
946	76	462	18	3764	4004	0	0	1006
947	124	56	20	805	1045	10	0	174
948	481	454	-10	1222	1462	10	542	0
949	477	483	20	1403	1643	10	0	200
950	481	124	-20	1074	1314	10	875	0
951	389	156	-2	2802	3042	10	249	0
952	384	16	20	1342	1582	10	0	982
953	492	34	5	3182	3422	10	0	673
954	371	200	10	837	1077	10	0	121
955	153	235	10	273	513	10	0	355
956	428	202	-10	3555	3795	10	889	0
957	257	391	22	6472	6712	0	0	1008
958	421	218	10	956	1196	10	0	247
959	206	186	-10	690	930	10	859	0
960	393	301	-30	653	893	10	393	0
961	204	187	30	641	881	10	0	886
962	468	475	-20	1133	1373	10	773	0
963	477	122	10	1260	1500	10	0	557
964	100	66	-15	5539	5779	10	73	0
965	489	27	-20	1625	1865	10	456	0
966	12	451	-23	1126	1366	10	835	0
967	197	270	30	323	563	10	0	203
968	311	422	29	3892	4132	10	0	106
969	489	17	-20	1460	1700	10	195	0
970	13	214	-10	5354	5594	10	767	0
971	440	247	20	952	1192	10	0	690
972	28	467	34	5310	5550	10	0	608
973	388	325	10	993	1233	10	0	718
974	270	401	20	529	769	10	0	821
975	5	445	30	1184	1424	10	0	376
976	198	271	20	277	517	10	0	414
977	480	131	5	2690	2930	10	0	820
978	437	98	-26	4395	4635	10	985	0
979	131	246	-9	3268	3508	10	467	0
980	49	437	-9	1650	1890	10	739	0
981	270	49	30	1108	1348	10	0	127
982	337	41	-20	3949	4189	10	952	0
983	318	280	20	328	568	10	0	170
984	154	392	9	566	806	10	0	913
985	493	111	26	2104	2344	10	0	978
986	399	450	20	1375	1615	10	0	84
987	67	452	30	1018	1258	10	0	666
988	34	239	-20	816	1056	10	314	0
989	343	276	15	266	506	10	0	179
990	393	12	-20	1177	1417	10	866	0
991	236	247	20	150	390	10	0	395
992	340	291	22	1822	2062	10	0	738
993	3	292	20	962	1202	10	0	575
994	209	68	27	6212	6452	10	0	53
995	18	225	8	2705	2945	10	0	566
996	147	435	20	920	1160	10	0	880
997	335	99	-24	4814	5054	10	570	0
998	485	24	20	1225	1465	10	0	829
999	470	475	30	1181	1421	10	0	290
1000	341	58	10	835	1075	10	0	452
1001	238	210	-30	475	715	10	344	0
1002	448	404	-15	2336	2576	10	194	0
1003	347	192	-18	5893	6133	10	595	0
1004	323	29	-7	4490	4730	10	371	0
1005	244	277	-18	5145	5385	10	590	0
1006	76	462	-18	3764	4004	10	946	0
1007	51	286	-14	5776	6016	10	623	0
1008	257	391	-22	6472	6712	10	957	0
