200	1000	1
0	200	200	0	0	6289	0	0	0
1	244	56	-32	0	6129	10	469	0
2	245	106	-24	0	6175	10	423	0
3	233	214	10	314	434	10	0	410
4	395	340	-15	900	1020	10	765	0
5	229	371	-25	4051	4171	10	177	0
6	384	248	-20	0	6089	10	302	0
7	277	163	-10	0	6194	10	71	0
8	52	94	-33	0	6097	10	541	0
9	89	152	20	0	6159	10	0	306
10	218	284	20	801	921	10	0	598
11	340	276	43	0	6120	10	0	476
12	206	106	33	0	6185	10	0	342
13	375	247	-10	0	6098	10	312	0
14	113	179	-17	0	6190	10	623	0
15	348	280	10	868	988	10	0	639
16	223	372	-30	0	6106	10	555	0
17	361	287	13	0	6096	10	0	408
18	6	62	23	0	6041	10	0	515
19	37	397	-20	0	6024	10	520	0
20	364	27	20	0	6041	10	0	294
21	14	201	10	0	6093	10	0	231
22	325	294	-22	0	6123	10	215	0
23	41	382	20	0	6038	10	0	94
24	325	130	-8	4153	4273	10	658	0
25	384	47	31	4365	4485	10	0	747
26	116	181	-10	0	6193	10	373	0
27	346	155	-30	0	6127	10	666	0
28	359	30	-17	0	6047	10	612	0
29	222	284	-20	368	488	10	582	0
30	91	150	10	463	583	10	0	296
31	140	387	-10	0	6083	10	124	0
32	176	154	15	148	268	10	0	187
33	352	383	16	0	6042	10	0	101
34	213	332	-22	0	6147	10	245	0
35	133	68	-30	0	6131	10	577	0
36	151	188	-2	0	6229	10	726	0
37	105	250	-20	719	839	10	793	0
38	94	70	-21	0	6112	10	758	0
39	287	307	10	0	6142	10	0	201
40	267	321	26	0	6141	10	0	397
41	220	71	22	0	6149	10	0	679
42	244	106	40	0	6176	10	0	647
43	338	290	-20	0	6115	10	665	0
44	5	345	-50	0	6036	10	613	0
45	145	301	8	0	6164	0	0	806
46	393	301	-16	0	6062	10	148	0
47	359	23	-29	0	6042	10	376	0
48	196	107	-11	0	6186	10	74	0
49	348	41	16	0	6062	10	0	492
50	59	51	-10	0	6074	10	435	0
51	126	91	30	0	6148	10	0	343
52	234	214	-21	0	6243	10	126	0
53	108	395	12	0	6064	10	0	526
54	186	306	10	0	6173	10	0	698
55	125	122	-21	0	6171	10	406	0
56	12	368	12	0	6027	10	0	556
57	348	279	-20	0	6112	10	355	0
58	26	247	10	0	6099	10	0	576
59	393	306	20	0	6059	0	0	802
60	268	114	-10	0	6170	10	398	0
61	2	17	11	0	6010	10	0	756
62	62	258	20	0	6130	10	0	759
63	186	145	-18	5961	6081	10	468	0
64	338	315	-20	3809	3929	10	447	0
65	66	118	-10	0	6122	10	580	0
66	68	378	10	0	6058	10	0	142
67	294	136	10	0	6166	10	0	672
68	73	126	-10	0	6133	10	529	0
69	68	263	-10	0	6133	10	599	0
70	302	136	20	0	6159	10	0	535
71	234	203	10	0	6245	10	0	7
72	127	94	10	0	6151	10	0	478
73	233	208	-26	0	6246	10	542	0
74	210	1	11	0	6080	10	0	48
75	102	252	-20	0	6169	10	714	0
76	152	237	-31	0	6219	10	364	0
77	2	3	14	0	6000	10	0	649
78	92	162	20	1010	1130	10	0	419
79	177	55	-8	0	6133	10	244	0
80	193	29	-35	0	6108	10	769	0
81	105	360	-20	3142	3262	10	788	0
82	193	216	-30	4924	5044	10	497	0
83	338	150	-10	0	6133	10	354	0
84	68	143	16	0	6136	10	0	564
85	180	15	-19	0	6093	10	115	0
86	182	378	-9	0	6101	10	116	0
87	39	384	40	0	6035	10	0	650
88	43	386	-30	1181	1301	10	569	0
89	291	301	20	484	604	10	0	653
90	32	251	-10	0	6104	10	308	0
91	246	298	19	0	6171	10	0	707
92	32	229	-25	0	6109	10	108	0
93	116	252	20	335	455	10	0	558
94	198	295	-20	0	6184	10	23	0
95	63	262	-22	0	6129	10	206	0
96	119	179	-10	0	6196	10	521	0
97	174	375	30	0	6103	10	0	198
98	199	45	26	0	6124	10	0	154
99	150	236	20	0	6218	10	0	329
100	363	24	-20	0	6040	10	163	0
101	393	307	-16	0	6059	10	33	0
102	331	251	-10	0	6139	10	315	0
103	293	306	-20	0	6138	10	485	0
104	18	102	-10	0	6073	10	600	0
105	196	293	-10	0	6186	10	632	0
106	299	141	10	0	6164	10	0	352
107	364	25	-34	0	6040	10	532	0
108	41	183	25	4709	4829	10	0	92
109	342	385	-37	0	6046	10	402	0
110	302	203	30	792	912	10	0	214
111	212	197	-20	0	6267	10	499	0
112	384	294	20	0	6073	10	0	283
113	381	290	-7	0	6077	10	414	0
114	110	254	20	0	6175	10	0	309
115	196	51	19	0	6130	10	0	85
116	264	341	9	0	6125	10	0	86
117	23	98	-10	1330	1450	10	720	0
118	278	265	-20	2594	2714	10	751	0
119	23	97	20	0	6075	10	0	176
120	281	155	10	0	6187	10	0	422
121	352	162	10	0	6123	10	0	659
122	209	85	10	0	6164	10	0	636
123	15	4	-14	2798	2918	10	399	0
124	177	379	10	0	6099	10	0	31
125	18	208	-20	1037	1157	10	207	0
126	343	322	21	0	6092	10	0	52
127	369	107	20	0	6087	10	0	514
128	31	360	-20	0	6047	10	545	0
129	263	110	-13	0	6170	10	480	0
130	240	246	20	0	6219	10	0	563
131	380	339	10	2966	3086	10	0	467
132	111	286	21	532	652	10	0	416
133	213	271	-20	0	6207	10	236	0
134	251	381	-10	0	6091	10	694	0
135	322	242	10	0	6150	10	0	210
136	390	52	10	1166	1286	10	0	601
137	26	70	-13	3685	3805	10	448	0
138	300	132	10	603	723	10	0	591
139	342	384	-20	0	6047	10	182	0
140	357	160	-20	718	838	10	728	0
141	204	87	30	0	6166	10	0	407
142	197	293	-10	0	6186	10	66	0
143	98	107	-24	3737	3857	10	699	0
144	400	109	-10	0	6060	10	587	0
145	231	243	10	0	6226	10	0	278
146	84	221	22	0	6162	10	0	305
147	230	290	20	0	6185	10	0	651
148	397	261	16	2339	2459	10	0	46
149	222	283	20	324	444	10	0	739
150	247	377	-20	0	6096	10	379	0
151	60	319	-9	0	6096	10	625	0
152	79	154	10	0	6150	10	0	390
153	256	385	-17	0	6086	10	451	0
154	140	40	-26	4060	4180	10	98	0
155	8	119	11	0	6071	10	0	223
156	208	274	30	321	441	10	0	503
157	84	293	-10	0	6131	10	168	0
158	74	351	-20	0	6083	10	533	0
159	95	64	20	0	6108	10	0	590
160	329	236	-4	0	6146	10	483	0
161	248	286	-33	374	494	10	392	0
162	234	243	20	0	6225	10	0	229
163	244	109	20	433	553	10	0	100
164	340	388	-8	0	6045	10	743	0
165	161	233	-9	0	6228	10	737	0
166	125	95	-25	817	937	10	218	0
167	351	199	-20	3168	3288	10	317	0
168	61	333	10	0	6087	10	0	157
169	146	324	24	0	6144	10	0	513
170	372	104	-30	0	6083	10	465	0
171	381	144	-3	0	6090	10	282	0
172	394	299	-20	0	6062	10	608	0
173	363	30	-24	0	6044	10	648	0
174	358	23	20	0	6042	10	0	693
175	220	238	-20	0	6237	10	384	0
176	97	105	-20	3774	3894	10	119	0
177	186	355	25	0	6124	10	0	5
178	391	42	-20	0	6032	10	593	0
179	48	326	-10	0	6082	10	553	0
180	74	87	-30	0	6110	10	487	0
181	264	69	-26	0	6134	10	202	0
182	341	394	20	0	6040	10	0	139
183	128	95	10	0	6152	10	0	719
184	362	383	-40	0	6035	10	347	0
185	41	340	-4	0	6068	10	595	0
186	13	220	15	0	6091	10	0	363
187	85	61	-15	0	6099	10	32	0
188	340	290	39	1804	1924	10	0	292
189	396	106	-25	0	6062	10	328	0
190	79	344	16	0	6091	10	0	627
191	201	195	-10	0	6274	10	452	0
192	90	311	12	2674	2794	10	0	631
193	207	185	1	0	6263	10	0	546
194	92	255	-26	1696	1816	10	775	0
195	385	56	-23	0	6045	10	462	0
196	396	59	-40	1283	1403	10	749	0
197	51	326	10	802	922	10	0	551
198	169	352	-30	0	6124	10	97	0
199	230	139	14	0	6212	10	0	395
200	286	44	-26	0	6101	10	372	0
201	286	308	-10	0	6141	10	39	0
202	339	69	26	0	6088	10	0	181
203	206	296	30	0	6183	10	0	663
204	142	385	-30	0	6086	10	260	0
205	370	57	10	0	6057	10	0	307
206	35	79	22	0	6075	10	0	95
207	17	209	20	991	1111	10	0	125
208	128	68	-10	0	6129	10	528	0
209	145	165	-16	0	6214	10	602	0
210	237	259	-10	0	6210	10	135	0
211	89	154	10	890	1010	10	0	733
212	72	257	-20	0	6139	10	661	0
213	158	121	-20	0	6190	10	284	0
214	323	243	-30	888	1008	10	110	0
215	367	361	22	0	6048	10	0	22
216	165	126	4	4969	5089	0	0	808
217	45	85	10	0	6086	10	0	269
218	137	68	25	0	6133	10	0	166
219	310	143	20	0	6156	10	0	348
220	18	100	-10	0	6072	10	403	0
221	201	6	25	0	6085	10	0	279
222	297	135	-13	546	666	10	484	0
223	86	154	-11	0	6157	10	155	0
224	374	175	18	0	6104	10	0	334
225	91	70	20	1069	1189	10	0	783
226	166	357	21	0	6119	10	0	745
227	113	183	-10	0	6191	10	614	0
228	347	395	-10	0	6035	10	543	0
229	243	244	-20	0	6218	10	162	0
230	243	140	-8	5094	5214	10	313	0
231	14	100	-10	0	6068	10	21	0
232	393	312	-10	0	6056	10	700	0
233	92	384	26	0	6066	10	0	299
234	294	249	8	1884	2004	0	0	805
235	195	91	-11	0	6170	10	396	0
236	235	212	20	221	341	10	0	133
237	350	271	-20	0	6114	10	496	0
238	353	164	20	0	6122	10	0	611
239	262	233	-10	0	6209	10	362	0
240	200	48	-19	0	6127	10	773	0
241	214	119	-17	0	6197	10	735	0
242	234	37	12	0	6113	10	0	249
243	93	62	20	806	926	10	0	571
244	234	73	8	0	6148	10	0	79
245	157	378	22	3665	3785	10	0	34
246	194	43	26	0	6122	10	0	427
247	268	223	-15	0	6208	10	331	0
248	355	156	20	0	6118	10	0	525
249	248	124	-12	0	6190	10	242	0
250	364	213	11	0	6115	10	0	290
251	371	253	-20	0	6100	10	635	0
252	31	353	-30	892	1012	10	544	0
253	41	337	9	2676	2796	10	0	479
254	209	167	-10	0	6245	10	327	0
255	352	303	-27	0	6096	10	470	0
256	53	326	20	0	6086	10	0	596
257	388	106	-19	0	6069	10	799	0
258	21	104	30	0	6076	10	0	732
259	381	12	15	2362	2482	10	0	667
260	221	379	30	829	949	10	0	204
261	46	380	10	1292	1412	10	0	474
262	192	332	31	1753	1873	10	0	538
263	343	359	26	0	6066	10	0	400
264	320	211	6	422	542	10	0	798
265	34	355	-32	0	6052	10	664	0
266	338	106	-16	0	6113	10	654	0
267	397	283	-12	0	6066	10	729	0
268	267	161	10	0	6202	10	0	430
269	124	221	-10	0	6201	10	217	0
270	310	340	11	0	6101	10	0	333
271	270	106	30	480	600	10	0	702
272	243	104	20	665	785	10	0	457
273	68	250	-10	0	6138	10	338	0
274	213	305	-18	1960	2080	10	800	0
275	214	378	-4	0	6101	10	276	0
276	287	279	4	0	6162	10	0	275
277	313	64	29	0	6103	10	0	489
278	244	285	-10	0	6184	10	145	0
279	154	68	-25	2955	3075	10	221	0
280	14	53	-10	0	6042	10	310	0
281	298	137	10	0	6163	10	0	594
282	371	111	3	0	6087	10	0	171
283	393	246	-20	0	6081	10	112	0
284	118	122	20	0	6166	10	0	213
285	9	47	-20	0	6035	10	332	0
286	171	168	-13	0	6236	10	367	0
287	321	212	-10	0	6158	10	573	0
288	115	185	10	0	6193	10	0	490
289	336	387	10	0	6048	10	0	321
290	357	202	-11	1997	2117	10	250	0
291	374	104	-11	0	6081	10	709	0
292	271	371	-39	0	6094	10	188	0
293	291	398	-21	0	6062	10	297	0
294	353	3	-20	0	6030	10	20	0
295	74	213	33	1738	1858	10	0	774
296	17	99	-10	4026	4146	10	30	0
297	253	316	21	0	6152	10	0	293
298	369	118	12	0	6092	10	0	536
299	11	328	-26	3069	3189	10	233	0
300	126	70	10	946	1066	10	0	583
301	165	264	-20	0	6207	10	436	0
302	377	282	20	0	6084	10	0	6
303	73	292	8	702	822	10	0	382
304	174	326	8	0	6151	10	0	562
305	135	161	-22	0	6204	10	146	0
306	85	155	-20	750	870	10	9	0
307	360	23	-10	0	6041	10	205	0
308	20	91	10	0	6069	10	0	90
309	72	253	-20	494	614	10	114	0
310	87	155	10	0	6158	10	0	280
311	134	63	10	0	6127	10	0	680
312	349	275	10	0	6113	10	0	13
313	325	45	8	2356	2476	10	0	230
314	182	300	-20	436	556	10	736	0
315	328	239	10	0	6146	10	0	102
316	138	143	17	0	6195	10	0	393
317	372	256	20	1008	1128	10	0	167
318	57	381	22	0	6049	10	0	441
319	162	251	21	0	6216	10	0	420
320	183	301	20	0	6177	10	0	323
321	381	375	-10	0	6028	10	289	0
322	389	171	3	0	6088	10	0	618
323	179	305	-20	757	877	10	320	0
324	14	210	-20	0	6093	10	540	0
325	290	311	-21	749	869	10	335	0
326	345	158	-10	0	6129	10	610	0
327	200	83	10	0	6162	10	0	254
328	342	154	25	0	6130	10	0	189
329	18	294	-20	0	6075	10	99	0
330	156	4	25	842	962	10	0	370
331	247	212	15	0	6231	10	0	247
332	93	149	20	0	6161	10	0	285
333	299	399	-11	0	6057	10	270	0
334	369	171	-18	0	6108	10	224	0
335	246	247	21	0	6214	10	0	325
336	356	223	-20	0	6122	10	760	0
337	266	116	-35	0	6173	10	411	0
338	39	34	10	0	6048	10	0	273
339	51	205	26	4864	4984	10	0	772
340	180	387	10	0	6091	10	0	716
341	203	88	-20	0	6167	10	674	0
342	173	72	-33	0	6149	10	12	0
343	129	85	-30	611	731	10	51	0
344	45	291	-30	854	974	10	358	0
345	294	311	10	0	6134	10	0	657
346	305	198	20	0	6174	10	0	785
347	338	391	40	0	6044	10	0	184
348	349	135	-20	2191	2311	10	219	0
349	237	213	20	0	6240	10	0	744
350	82	360	-10	0	6081	10	617	0
351	102	84	3	662	782	10	0	449
352	300	144	-10	0	6165	10	106	0
353	236	38	38	0	6114	10	0	375
354	278	159	10	0	6191	10	0	83
355	344	280	20	0	6115	10	0	57
356	149	234	10	0	6218	10	0	518
357	320	373	-5	0	6069	10	377	0
358	109	252	30	596	716	10	0	344
359	218	134	-30	0	6211	10	431	0
360	184	282	19	274	394	10	0	626
361	32	78	23	0	6072	10	0	477
362	395	310	10	0	6056	10	0	239
363	19	206	-15	0	6098	10	186	0
364	243	275	31	0	6193	10	0	76
365	175	192	-20	3696	3816	10	458	0
366	299	227	25	392	512	10	0	761
367	159	164	13	0	6225	10	0	286
368	215	260	-10	0	6218	10	463	0
369	163	364	-2	0	6111	10	630	0
370	208	20	-25	2404	2524	10	330	0
371	97	387	-20	0	6066	10	669	0
372	294	13	26	2347	2467	10	0	200
373	108	250	10	0	6175	10	0	26
374	389	306	30	0	6063	10	0	417
375	262	30	-38	0	6099	10	353	0
376	334	92	29	0	6107	10	0	47
377	279	337	5	0	6121	10	0	357
378	3	15	20	0	6009	10	0	628
379	210	271	20	267	387	10	0	150
380	256	145	12	0	6201	10	0	570
381	387	267	-20	0	6081	10	695	0
382	8	285	-8	0	6070	10	303	0
383	83	357	10	0	6084	10	0	493
384	267	295	20	2925	3045	10	0	175
385	279	262	-20	0	6179	10	717	0
386	238	101	-20	0	6173	10	701	0
387	219	377	20	880	1000	10	0	689
388	126	90	31	0	6147	10	0	389
389	129	67	-31	0	6129	10	388	0
390	166	115	-10	4995	5115	10	152	0
391	238	250	20	0	6217	10	0	607
392	246	244	33	0	6216	10	0	161
393	131	95	-17	0	6154	10	316	0
394	115	257	10	484	604	10	0	712
395	243	106	-14	0	6176	10	199	0
396	202	158	11	0	6237	10	0	235
397	389	307	-26	0	6062	10	40	0
398	237	109	10	841	961	10	0	60
399	117	148	14	0	6182	10	0	123
400	180	375	-26	0	6103	10	263	0
401	276	157	20	0	6192	10	0	656
402	303	358	37	0	6091	10	0	109
403	17	96	10	0	6069	10	0	220
404	173	381	-13	1151	1271	10	797	0
405	70	81	-10	0	6103	10	616	0
406	46	197	21	0	6125	10	0	55
407	206	81	-30	597	717	10	141	0
408	348	343	-13	1359	1479	10	17	0
409	95	63	-10	0	6107	10	685	0
410	324	216	-10	0	6154	10	3	0
411	265	127	35	0	6182	10	0	337
412	196	138	18	290	410	10	0	498
413	26	260	16	0	6095	10	0	537
414	384	307	7	0	6067	10	0	113
415	23	317	10	1815	1935	10	0	629
416	204	292	-21	0	6187	10	132	0
417	321	287	-30	0	6130	10	374	0
418	56	97	19	0	6102	10	0	531
419	70	264	-20	0	6135	10	78	0
420	152	240	-21	0	6217	10	319	0
421	0	155	9	760	880	10	0	789
422	317	68	-10	0	6103	10	120	0
423	395	167	24	0	6082	10	0	2
424	289	306	10	0	6141	10	0	723
425	75	367	-20	0	6071	10	606	0
426	353	276	-20	711	831	10	796	0
427	183	71	-26	0	6149	10	246	0
428	312	200	30	0	6167	10	0	637
429	49	222	-27	0	6127	10	560	0
430	297	137	-10	0	6164	10	268	0
431	200	89	30	0	6168	10	0	359
432	242	113	10	0	6183	10	0	787
433	341	33	27	0	6061	10	0	507
434	55	341	14	0	6077	10	0	621
435	99	67	10	0	6112	10	0	50
436	236	243	20	0	6223	10	0	301
437	229	209	20	61	181	10	0	473
438	93	59	-18	0	6102	10	527	0
439	143	159	-20	0	6209	10	565	0
440	267	112	30	0	6169	10	0	459
441	196	295	-22	0	6184	10	318	0
442	334	100	-26	0	6112	10	721	0
443	122	183	20	0	6200	10	0	511
444	225	53	-1	0	6130	10	738	0
445	28	353	-10	944	1064	10	762	0
446	158	239	20	399	519	10	0	703
447	392	307	20	0	6060	10	0	64
448	13	59	13	0	6045	10	0	137
449	127	90	-3	0	6147	10	351	0
450	221	281	20	0	6196	10	0	517
451	326	374	17	0	6065	10	0	153
452	178	103	10	0	6180	10	0	191
453	376	251	-28	0	6096	10	734	0
454	293	310	30	0	6135	10	0	791
455	386	60	-30	0	6047	10	688	0
456	300	272	-15	0	6156	10	586	0
457	243	209	-20	0	6236	10	272	0
458	102	67	20	0	6114	10	0	365
459	285	107	-30	0	6154	10	440	0
460	82	365	-30	0	6077	10	508	0
461	5	344	-10	0	6037	10	757	0
462	366	97	23	0	6084	10	0	195
463	220	283	10	0	6194	10	0	368
464	79	95	-30	0	6119	10	604	0
465	369	100	30	808	928	10	0	170
466	371	244	20	0	6103	10	0	780
467	366	340	-10	0	6062	10	131	0
468	85	128	18	0	6144	10	0	63
469	231	6	32	2804	2924	10	0	1
470	330	313	27	0	6107	10	0	255
471	202	85	10	0	6164	10	0	547
472	236	204	10	618	738	10	0	655
473	220	381	-20	721	841	10	437	0
474	206	286	-10	1945	2065	10	261	0
475	274	7	21	0	6073	10	0	510
476	369	211	-43	0	6110	10	11	0
477	126	208	-23	0	6205	10	361	0
478	134	62	-10	0	6127	10	72	0
479	67	318	-9	0	6102	10	253	0
480	232	127	13	0	6200	10	0	129
481	96	209	28	0	6175	10	0	568
482	146	301	-10	1412	1532	10	548	0
483	308	178	4	0	6169	10	0	160
484	294	118	13	0	6155	10	0	222
485	280	224	20	0	6196	10	0	103
486	241	275	-30	0	6194	10	692	0
487	82	65	30	0	6100	10	0	180
488	159	11	7	0	6086	10	0	615
489	300	64	-29	4628	4748	10	277	0
490	22	96	-10	0	6073	10	288	0
491	334	186	1	0	6145	10	0	668
492	310	200	-16	0	6169	10	49	0
493	52	331	-10	0	6082	10	383	0
494	25	256	-20	0	6096	10	790	0
495	210	268	30	0	6211	10	0	597
496	310	196	20	503	623	10	0	237
497	183	375	30	0	6104	10	0	82
498	194	65	-18	1545	1665	10	412	0
499	366	251	20	0	6106	10	0	111
500	285	184	-10	0	6193	10	784	0
501	160	313	-20	3435	3555	10	671	0
502	349	324	-10	0	6086	10	652	0
503	225	288	-30	428	548	10	156	0
504	124	69	10	897	1017	10	0	634
505	349	272	-20	0	6114	10	724	0
506	87	365	-10	0	6080	10	592	0
507	240	210	-27	0	6238	10	433	0
508	40	380	30	944	1064	10	0	460
509	276	116	50	0	6166	10	0	696
510	280	5	-21	4064	4184	10	475	0
511	20	204	-20	0	6099	10	443	0
512	301	139	30	863	983	10	0	638
513	195	294	-24	0	6185	10	169	0
514	377	144	-20	0	6094	10	127	0
515	34	242	-23	0	6108	10	18	0
516	324	217	30	581	701	10	0	561
517	348	371	-20	0	6053	10	450	0
518	70	256	-10	0	6138	10	356	0
519	48	304	-29	0	6095	10	740	0
520	41	378	20	895	1015	10	0	19
521	114	254	10	0	6178	10	0	96
522	264	112	20	0	6171	10	0	770
523	244	176	24	0	6229	10	0	742
524	349	181	1	1156	1276	10	0	643
525	346	163	-20	0	6129	10	248	0
526	52	334	-12	0	6080	10	53	0
527	53	51	18	938	1058	10	0	438
528	177	174	10	79	199	10	0	208
529	114	178	10	830	950	10	0	68
530	367	255	20	0	6104	10	0	678
531	19	61	-19	0	6051	10	418	0
532	273	118	34	0	6170	10	0	107
533	84	359	20	1132	1252	10	0	158
534	244	114	10	0	6183	0	0	803
535	321	144	-20	0	6146	10	70	0
536	384	53	-12	0	6044	10	298	0
537	29	250	-16	0	6101	10	413	0
538	172	383	-31	0	6094	10	262	0
539	84	360	-20	1088	1208	10	559	0
540	28	246	20	0	6101	10	0	324
541	107	159	33	0	6178	10	0	8
542	319	160	26	0	6154	10	0	73
543	230	241	10	0	6229	10	0	228
544	32	352	30	846	966	10	0	252
545	32	357	20	0	6050	10	0	128
546	237	108	-1	0	6180	10	193	0
547	162	94	-10	0	6167	10	471	0
548	185	299	10	0	6179	10	0	482
549	110	188	-30	440	560	10	713	0
550	259	4	-10	0	6075	10	767	0
551	34	385	-10	1104	1224	10	197	0
552	156	32	34	0	6106	10	0	673
553	201	297	10	0	6182	10	0	179
554	311	344	26	749	869	10	0	682
555	174	329	30	0	6148	10	0	16
556	119	286	-12	0	6161	10	56	0
557	179	383	-21	0	6095	10	670	0
558	26	250	-20	0	6098	10	93	0
559	84	363	20	794	914	10	0	539
560	6	20	27	0	6015	10	0	429
561	373	253	-30	908	1028	10	516	0
562	184	233	-8	0	6243	10	304	0
563	177	300	-20	819	939	10	130	0
564	88	121	-16	0	6142	10	84	0
565	22	205	20	0	6101	10	0	439
566	306	361	-29	2821	2941	10	768	0
567	87	164	-10	2647	2767	10	620	0
568	123	176	-28	4679	4799	10	481	0
569	131	275	30	0	6178	10	0	88
570	315	237	-12	0	6159	10	380	0
571	85	67	-20	0	6104	10	243	0
572	197	300	10	0	6179	10	0	691
573	308	196	10	0	6171	10	0	287
574	114	88	-20	0	6138	10	585	0
575	87	153	-10	0	6157	10	746	0
576	21	201	-10	0	6100	10	58	0
577	137	64	30	0	6130	10	0	35
578	361	194	-20	0	6118	10	584	0
579	115	51	-10	0	6108	10	781	0
580	24	96	10	0	6075	10	0	65
581	2	200	35	0	6081	10	0	715
582	211	274	20	0	6205	10	0	29
583	102	149	-10	2028	2148	10	300	0
584	307	196	20	411	531	10	0	578
585	127	87	20	0	6145	10	0	574
586	302	274	15	1168	1288	10	0	456
587	383	53	10	0	6045	10	0	144
588	376	254	20	0	6095	10	0	748
589	15	100	-23	0	6069	10	778	0
590	111	179	-20	0	6188	10	159	0
591	308	204	-10	728	848	10	138	0
592	85	358	10	0	6084	10	0	506
593	391	54	20	0	6039	10	0	178
594	385	55	-10	0	6044	10	281	0
595	65	335	4	1318	1438	10	0	185
596	46	378	-20	1340	1460	10	256	0
597	310	363	-30	4237	4357	10	495	0
598	217	286	-20	752	872	10	10	0
599	33	247	10	0	6106	10	0	69
600	88	150	10	0	6157	10	0	104
601	397	73	-10	0	6045	10	136	0
602	70	231	16	4388	4508	10	0	209
603	72	315	-19	0	6107	10	792	0
604	131	67	30	0	6130	10	0	464
605	117	381	-2	0	6080	10	686	0
606	31	357	20	0	6049	10	0	425
607	299	351	-20	662	782	10	391	0
608	393	297	20	0	6063	10	0	172
609	102	118	-7	0	6152	10	687	0
610	273	160	10	0	6196	10	0	326
611	350	131	-20	0	6114	10	238	0
612	364	55	17	0	6061	10	0	28
613	47	328	50	0	6080	10	0	44
614	109	186	10	0	6187	10	0	227
615	143	20	-7	0	6091	10	488	0
616	134	98	10	426	546	10	0	405
617	42	384	10	0	6037	10	0	350
618	255	80	-3	0	6147	10	322	0
619	52	194	9	0	6131	10	0	646
620	128	93	10	911	1031	10	0	567
621	50	385	-14	0	6041	10	434	0
622	386	57	-20	0	6045	10	754	0
623	86	112	17	0	6135	10	0	14
624	26	275	-21	4526	4646	10	753	0
625	40	336	9	0	6070	10	0	151
626	135	384	-19	976	1096	10	360	0
627	52	301	-16	0	6100	10	190	0
628	68	261	-20	0	6134	10	378	0
629	36	288	-10	0	6093	10	415	0
630	375	294	2	0	6081	10	0	369
631	220	288	-12	0	6189	10	192	0
632	186	304	10	0	6175	10	0	105
633	369	106	10	0	6086	10	0	750
634	96	69	-10	0	6112	10	504	0
635	321	217	20	633	753	10	0	251
636	177	77	-10	3195	3315	10	122	0
637	320	216	-30	0	6158	10	428	0
638	246	47	-30	0	6120	10	512	0
639	350	207	-10	0	6129	10	15	0
640	279	247	12	0	6188	10	0	731
641	153	315	-20	0	6155	10	683	0
642	68	386	-12	0	6051	10	771	0
643	399	179	-1	1790	1910	10	524	0
644	297	240	37	0	6175	10	0	675
645	199	290	10	0	6189	10	0	727
646	21	204	-9	698	818	10	619	0
647	362	28	-40	0	6043	10	42	0
648	353	65	24	1223	1343	10	0	173
649	24	57	-14	0	6053	10	77	0
650	75	368	-40	0	6070	10	87	0
651	393	305	-20	916	1036	10	147	0
652	239	254	10	313	433	10	0	502
653	146	320	-20	1987	2107	10	89	0
654	369	6	16	0	6022	10	0	266
655	277	154	-10	0	6190	10	472	0
656	304	141	-20	808	928	10	401	0
657	205	372	-10	0	6107	10	345	0
658	339	3	8	0	6038	10	0	24
659	254	0	-10	2691	2811	10	121	0
660	321	209	30	0	6158	10	0	708
661	114	250	20	0	6180	10	0	212
662	318	219	-10	0	6160	10	779	0
663	209	283	-30	0	6196	10	203	0
664	48	358	32	0	6060	10	0	265
665	339	384	20	0	6049	10	0	43
666	351	153	30	836	956	10	0	27
667	377	29	-15	2986	3106	10	259	0
668	317	183	-1	0	6161	10	491	0
669	183	303	20	530	650	10	0	371
670	299	308	21	0	6133	10	0	557
671	197	292	20	0	6187	10	0	501
672	370	98	-10	0	6081	10	67	0
673	188	67	-34	0	6146	10	552	0
674	207	87	20	0	6166	10	0	341
675	295	307	-37	0	6136	10	644	0
676	325	311	15	0	6112	10	0	786
677	228	96	-19	0	6172	10	725	0
678	368	215	-20	0	6111	10	530	0
679	208	86	-22	0	6165	10	41	0
680	75	76	-10	1315	1435	10	311	0
681	27	251	-10	0	6099	10	704	0
682	308	314	-26	0	6122	10	554	0
683	217	289	20	700	820	10	0	641
684	337	388	-10	1268	1388	10	697	0
685	133	94	10	0	6154	10	0	409
686	91	388	2	0	6062	10	0	605
687	87	147	7	0	6155	10	0	609
688	389	54	30	0	6041	10	0	455
689	185	386	-20	0	6093	10	387	0
690	234	212	10	0	6243	10	0	794
691	53	330	-10	0	6083	10	572	0
692	237	247	30	0	6220	10	0	486
693	369	19	-20	0	6032	10	174	0
694	346	385	10	923	1043	10	0	134
695	397	313	20	1159	1279	10	0	381
696	355	41	-50	0	6057	10	509	0
697	211	266	10	0	6213	10	0	684
698	8	363	-10	0	6028	10	54	0
699	59	89	24	3078	3198	10	0	143
700	344	391	10	0	6040	10	0	232
701	242	105	20	0	6176	10	0	386
702	327	242	-30	0	6146	10	271	0
703	55	324	-20	0	6089	10	446	0
704	114	252	10	0	6179	10	0	681
705	29	355	10	0	6049	10	0	718
706	102	377	-40	0	6077	10	752	0
707	345	382	-19	871	991	10	91	0
708	313	194	-30	0	6166	10	660	0
709	285	136	11	0	6173	10	0	291
710	272	154	20	378	498	10	0	755
711	379	254	3	0	6093	10	0	776
712	22	210	-10	1146	1266	10	394	0
713	117	187	30	325	445	10	0	549
714	157	220	20	0	6232	10	0	75
715	21	96	-35	0	6072	10	581	0
716	182	379	-10	0	6100	10	340	0
717	298	138	20	0	6164	10	0	385
718	28	356	-10	0	6047	10	705	0
719	130	70	-10	0	6132	10	183	0
720	111	184	10	586	706	10	0	117
721	319	113	26	0	6132	10	0	442
722	347	385	-16	967	1087	10	764	0
723	220	337	-10	0	6141	10	424	0
724	344	283	20	0	6113	10	0	505
725	217	98	19	354	474	10	0	677
726	76	90	2	0	6114	10	0	36
727	175	299	-10	0	6177	10	645	0
728	270	151	20	0	6194	10	0	140
729	398	258	12	0	6073	10	0	267
730	344	321	-13	1014	1134	10	741	0
731	266	234	-12	0	6205	10	640	0
732	49	187	-30	0	6128	10	258	0
733	92	155	-10	0	6162	10	211	0
734	344	236	28	0	6131	10	0	453
735	226	52	17	1981	2101	10	0	241
736	183	294	20	0	6184	10	0	314
737	237	243	9	0	6223	10	0	165
738	184	69	1	0	6148	10	0	444
739	222	383	-20	0	6095	10	149	0
740	21	255	29	3042	3162	10	0	519
741	390	357	13	0	6033	10	0	730
742	272	161	-24	0	6198	10	523	0
743	371	349	8	0	6053	10	0	164
744	220	296	-20	0	6181	10	349	0
745	184	235	-21	0	6241	10	226	0
746	113	184	10	634	754	10	0	575
747	370	104	-31	0	6084	10	25	0
748	273	182	-20	3402	3522	10	588	0
749	382	54	40	873	993	10	0	196
750	379	126	-10	0	6086	10	633	0
751	327	241	20	0	6146	10	0	118
752	189	306	40	637	757	10	0	706
753	26	326	21	0	6065	10	0	624
754	367	104	20	0	6087	10	0	622
755	271	154	-20	0	6195	10	710	0
756	67	258	-11	0	6134	10	61	0
757	86	357	10	0	6085	10	0	461
758	107	98	21	0	6141	10	0	38
759	66	254	-20	0	6135	10	62	0
760	374	253	20	864	984	10	0	336
761	228	341	-25	0	6136	10	366	0
762	60	328	10	0	6090	10	0	445
763	268	160	20	0	6201	10	0	777
764	201	255	16	0	6224	10	0	722
765	397	362	15	0	6024	10	0	4
766	236	210	30	0	6242	0	0	801
767	349	157	10	894	1014	10	0	550
768	348	319	29	1325	1445	10	0	566
769	186	75	35	0	6154	10	0	80
770	327	115	-20	0	6127	10	522	0
771	77	319	12	0	6108	10	0	642
772	147	210	-26	0	6226	10	339	0
773	195	148	19	0	6227	10	0	240
774	108	186	-33	0	6186	10	295	0
775	26	199	26	0	6105	10	0	194
776	305	255	-3	0	6161	10	711	0
777	368	102	-20	759	879	10	763	0
778	146	174	23	180	300	10	0	589
779	319	217	10	0	6159	10	0	662
780	335	202	-20	0	6144	10	466	0
781	128	94	10	0	6151	10	0	579
782	82	78	20	0	6110	0	0	804
783	92	68	-20	0	6109	10	225	0
784	231	219	10	376	496	10	0	500
785	309	274	-20	0	6148	10	346	0
786	336	386	-15	2908	3028	10	676	0
787	324	194	-10	4264	4384	10	432	0
788	174	387	20	0	6091	10	0	81
789	24	93	-9	1188	1308	10	421	0
790	107	247	20	0	6175	10	0	494
791	291	308	-30	0	6138	10	454	0
792	13	322	19	0	6056	10	0	603
793	68	254	20	551	671	10	0	37
794	142	379	-10	0	6091	10	690	0
795	43	121	12	0	6104	0	0	807
796	329	241	20	0	6144	10	0	426
797	260	352	13	0	6116	10	0	404
798	328	243	-6	576	696	10	264	0
799	384	64	19	0	6051	10	0	257
800	80	365	18	0	6075	10	0	274
801	236	210	-30	0	6242	10	766	0
802	393	306	-20	0	6059	10	59	0
803	244	114	-10	0	6183	10	534	0
804	82	78	-20	0	6110	10	782	0
805	294	249	-8	1884	2004	10	234	0
806	145	301	-8	0	6164	10	45	0
807	43	121	-12	0	6104	10	795	0
808	165	126	-4	4969	5089	10	216	0
