# n=100 p=0.050 seed=3475
  0   7
  0  27
  0  47
  1  28
  1  66
  1  70
  1  85
  1  86
  1  98
  2   4
  2  54
  2  61
  2  90
  3  15
  3  20
  3  38
  3  71
  4  12
  4  76
  4  88
  5  39
  5  43
  5  54
  5  55
  5  58
  5  65
  5  76
  6  20
  6  63
  6  66
  6  86
  7  12
  7  15
  7  59
  7  68
  7  98
  8  48
  8  50
  9  22
  9  31
  9  50
  9  65
  9  66
  9  71
  9  72
 10  16
 10  84
 11  24
 11  27
 11  38
 11  49
 12  33
 12  44
 12  60
 12  61
 12  63
 12  84
 12  86
 13  21
 13  43
 13  89
 13  90
 14  32
 14  35
 14  50
 14  57
 14  73
 14  96
 15  32
 15  37
 15  48
 15  55
 15  69
 15  70
 15  85
 16  37
 16  47
 16  73
 16  79
 17  35
 17  73
 17  74
 17  84
 17  91
 18  86
 19  34
 19  37
 19  40
 19  50
 19  70
 19  83
 20  21
 20  38
 20  74
 21  35
 21  37
 21  51
 21  70
 21  74
 21  85
 21  88
 22  51
 22  60
 22  76
 23  35
 23  40
 23  48
 24  31
 24  55
 24  72
 24  73
 25  37
 25  44
 25  51
 25  61
 25  70
 25  86
 25  99
 26  49
 26  81
 26  99
 27  42
 27  43
 27  47
 27  48
 27  76
 27  79
 27  87
 28  32
 28  81
 28  96
 29  38
 29  48
 29  54
 29  85
 29  92
 30  34
 32  76
 32  77
 32  78
 33  59
 34  72
 34  84
 35  43
 35  51
 35  58
 35  59
 35  80
 35  82
 35  87
 35  90
 36  44
 36  47
 36  50
 36  68
 36  99
 37  64
 37  72
 37  79
 37  85
 37  93
 38  50
 38  53
 38  74
 38  92
 39  46
 39  54
 39  63
 39  78
 39  88
 39  91
 39  94
 40  43
 40  93
 41  64
 41  85
 42  55
 42  71
 44  51
 45  52
 45  54
 45  57
 47  77
 47  82
 48  51
 48  61
 48  76
 48  89
 48  92
 49  51
 49  52
 50  60
 51  61
 51  63
 52  73
 52  86
 53  97
 54  68
 54  92
 55  64
 55  90
 56  64
 56  88
 57  67
 58  62
 58  66
 58  68
 58  73
 58  80
 58  96
 59  86
 59  96
 59  97
 60  77
 60  79
 61  68
 62  85
 62  94
 64  81
 65  67
 65  97
 66  68
 66  69
 66  93
 66  94
 67  85
 68  92
 69  82
 70  73
 70  92
 72  92
 73  95
 76  79
 76  89
 77  96
 78  96
 79  89
 80  82
 81  87
 81  98
 83  89
 83  98
 84  88
 84  93
 86  90
