# n=100 p=0.050 seed=3484
  0  42
  0  76
  0  90
  0  95
  1   3
  1   4
  1  15
  1  79
  2  14
  2  18
  2  35
  2  42
  2  54
  3   6
  3  61
  3  65
  3  89
  3  92
  4  32
  4  45
  4  85
  4  90
  4  91
  5  10
  5  29
  5  46
  5  75
  6  18
  6  54
  6  91
  7  12
  7  23
  7  29
  7  43
  7  48
  7  61
  7  66
  7  84
  8  35
  8  73
  8  78
  8  86
  8  99
  9  17
  9  30
  9  97
 10  15
 10  20
 10  36
 10  72
 10  77
 10  79
 11  60
 11  70
 11  98
 12  14
 12  47
 12  93
 13  69
 13  75
 13  89
 13  98
 14  50
 14  77
 14  99
 15  16
 15  34
 15  77
 15  94
 16  74
 16  95
 17  22
 17  54
 17  66
 17  87
 18  20
 18  32
 18  49
 18  51
 18  60
 18  63
 18  72
 18  92
 19  22
 19  49
 19  69
 19  86
 19  87
 20  49
 20  61
 20  68
 21  35
 21  60
 21  68
 21  97
 22  83
 23  40
 23  43
 23  82
 23  88
 23  92
 24  47
 24  52
 24  55
 24  56
 24  62
 24  98
 25  32
 25  34
 25  56
 26  36
 26  48
 26  65
 26  78
 27  48
 27  59
 27  62
 28  43
 28  69
 28  75
 28  90
 29  33
 29  36
 29  41
 29  54
 29  93
 30  47
 30  57
 30  66
 30  92
 31  38
 31  60
 31  81
 31  98
 32  49
 32  74
 32  79
 33  61
 34  42
 34  46
 34  90
 35  66
 35  68
 36  41
 36  43
 36  62
 36  76
 37  70
 37  92
 38  60
 38  66
 38  86
 39  47
 39  54
 39  56
 39  57
 40  52
 40  59
 40  61
 41  57
 42  46
 42  47
 42  54
 42  64
 42  89
 43  81
 44  97
 45  75
 46  70
 46  78
 47  58
 47  64
 47  74
 47  90
 48  63
 48  84
 48  86
 49  52
 49  61
 49  75
 49  92
 50  68
 50  74
 50  91
 51  98
 52  72
 52  79
 52  82
 52  86
 53  84
 53  85
 53  95
 54  65
 54  82
 55  80
 56  58
 56  60
 56  87
 56  90
 56  95
 56  97
 56  99
 58  96
 59  74
 59  76
 59  90
 60  62
 62  63
 62  73
 63  97
 64  70
 66  88
 66  96
 67  70
 68  74
 70  72
 70  75
 70  77
 70  85
 73  81
 73  92
 73  93
 73  99
 74  94
 74  99
 75  91
 75  92
 75  99
 77  98
 78  88
 79  92
 82  96
 83  85
 83  87
 86  93
 91  92
