# n=100 p=0.050 seed=3421
  0   7
  0  31
  0  74
  0  78
  0  89
  1  27
  1  29
  1  49
  1  61
  2  26
  2  35
  2  40
  2  53
  3   9
  3  30
  3  39
  3  45
  3  47
  3  53
  3  65
  3  79
  3  96
  4   8
  4  18
  4  35
  4  53
  4  74
  4  83
  5  14
  5  59
  5  71
  5  76
  6  15
  6  28
  6  29
  6  61
  6  72
  6  75
  7  22
  7  27
  7  43
  7  64
  7  97
  8  40
  8  62
  8  91
  9  44
  9  62
 10  37
 10  43
 10  55
 10  76
 10  90
 10  94
 11  21
 11  23
 11  56
 11  70
 11  88
 11  90
 11  91
 12  18
 12  56
 12  63
 13  58
 13  65
 14  19
 14  69
 14  84
 15  17
 15  27
 15  49
 15  59
 15  72
 16  37
 16  61
 16  73
 17  24
 17  43
 17  47
 17  63
 17  99
 18  34
 18  46
 18  53
 18  75
 18  92
 19  73
 19  76
 19  85
 19  96
 19  98
 20  38
 20  62
 20  74
 20  90
 20  93
 21  44
 22  23
 22  34
 22  66
 22  70
 22  92
 22  98
 23  25
 23  32
 23  38
 23  49
 23  57
 23  59
 24  59
 24  67
 24  71
 25  39
 25  52
 25  63
 25  72
 26  29
 26  74
 26  82
 27  99
 28  38
 28  74
 28  90
 29  56
 29  58
 29  79
 29  84
 29  91
 29  97
 29  99
 30  40
 30  50
 30  69
 30  77
 30  89
 31  62
 31  70
 31  74
 31  96
 32  61
 32  81
 32  96
 33  42
 33  46
 33  72
 33  75
 34  40
 34  42
 34  47
 34  54
 34  67
 34  76
 34  82
 34  85
 34  96
 35  39
 35  41
 35  54
 35  65
 35  88
 35  99
 36  57
 36  60
 36  90
 36  97
 37  57
 38  57
 38  84
 39  45
 39  97
 40  44
 40  57
 40  74
 40  83
 40  93
 41  48
 41  49
 41  51
 41  55
 41  84
 42  66
 42  72
 42  90
 42  92
 43  56
 43  63
 43  92
 43  98
 44  50
 44  70
 44  92
 45  80
 45  90
 45  92
 46  57
 47  51
 47  57
 49  50
 49  57
 49  62
 49  88
 49  95
 49  97
 50  53
 50  91
 50  95
 51  57
 51  76
 51  96
 52  64
 52  65
 52  81
 52  94
 53  87
 54  56
 54  61
 54  77
 54  84
 54  98
 55  70
 55  95
 55  96
 57  61
 57  65
 57  74
 57  92
 58  72
 59  84
 59  96
 60  76
 61  90
 62  94
 63  87
 64  91
 65  68
 65  72
 65  80
 67  69
 68  70
 68  94
 69  96
 70  75
 72  82
 72  97
 72  98
 73  98
 74  81
 75  87
 75  99
 76  83
 76  90
 76  91
 77  85
 77  94
 79  87
 80  81
 82  87
 83  90
 83  93
 87  89
 87  91
 89  93
 89  98
 90  92
 97  99
