# n=100 p=0.050 seed=3457
  0  22
  0  24
  0  30
  0  79
  0  83
  1  21
  1  71
  1  79
  2   4
  2  43
  2  72
  3  31
  3  54
  3  74
  4   9
  4  14
  4  21
  4  32
  4  50
  4  55
  4  68
  6  15
  6  22
  6  26
  6  31
  6  60
  7  12
  7  19
  7  22
  7  27
  7  37
  7  58
  8  32
  8  36
  8  53
  8  74
  9  18
  9  21
  9  29
 10  30
 10  53
 10  71
 10  73
 10  83
 11  84
 12  33
 12  43
 12  51
 12  59
 12  66
 12  67
 12  72
 12  80
 13  61
 13  95
 13  99
 14  31
 14  52
 15  68
 15  69
 15  73
 15  90
 15  98
 16  41
 16  56
 16  63
 16  81
 16  82
 16  90
 17  37
 17  47
 17  62
 17  83
 18  39
 18  49
 19  33
 19  59
 19  79
 20  26
 20  53
 21  26
 21  64
 21  66
 21  81
 22  31
 22  39
 22  44
 22  57
 22  61
 22  97
 23  30
 23  61
 24  36
 24  40
 24  63
 24  83
 24  90
 24  92
 25  33
 25  72
 25  90
 25  95
 26  58
 26  74
 26  92
 27  29
 27  58
 27  75
 27  91
 29  57
 29  67
 29  72
 30  42
 30  69
 30  72
 31  41
 31  55
 31  65
 31  69
 31  72
 32  60
 32  73
 32  80
 33  53
 33  80
 34  44
 34  55
 34  73
 34  76
 34  93
 35  41
 35  69
 35  85
 36  52
 37  44
 37  47
 38  85
 38  93
 38  98
 39  44
 39  73
 40  51
 40  62
 41  93
 41  97
 42  48
 42  60
 42  68
 42  72
 42  74
 42  90
 43  74
 43  90
 43  91
 43  98
 44  45
 44  50
 44  62
 44  73
 44  76
 44  87
 45  74
 45  80
 45  82
 46  51
 46  77
 47  64
 47  73
 47  85
 47  90
 48  95
 49  67
 49  82
 49  88
 50  51
 50  53
 50  80
 50  87
 50  91
 51  90
 52  59
 52  66
 52  84
 52  92
 53  65
 53  84
 54  64
 54  76
 55  75
 55  78
 56  57
 56  64
 56  79
 57  72
 58  60
 58  61
 58  94
 59  88
 59  90
 59  91
 59  95
 60  64
 60  92
 60  95
 62  75
 62  90
 62  94
 62  98
 63  82
 63  92
 63  94
 64  92
 65  94
 66  73
 67  95
 68  75
 68  77
 68  89
 69  72
 70  90
 71  97
 72  87
 73  88
 73  94
 74  98
 75  76
 75  94
 77  79
 77  87
 78  86
 78  87
 78  89
 78  92
 81  87
 81  97
 83  85
 84  90
 85  96
 86  91
 86  94
 86  96
 86  98
 87  91
 87  98
 89  98
 92  93
 93  97
