# n=100 p=0.050 seed=3430
  0  41
  0  44
  0  78
  0  95
  1  18
  1  27
  1  70
  1  73
  1  81
  1  90
  2  22
  2  49
  2  61
  3   9
  3  34
  3  78
  4  44
  4  46
  4  54
  4  65
  4  78
  5  20
  5  26
  5  30
  5  34
  5  61
  5  68
  5  77
  6   9
  6  76
  6  97
  7  17
  7  72
  7  73
  8  32
  8  43
  8  49
  8  78
  8  94
  8  98
  9  11
  9  18
  9  55
  9  66
  9  71
  9  75
  9  79
  9  84
  9  93
 10  26
 10  38
 11  68
 12  19
 12  31
 12  41
 12  42
 12  49
 12  78
 12  84
 13  14
 13  27
 13  40
 13  46
 13  75
 13  76
 14  23
 14  35
 14  52
 14  56
 14  64
 14  88
 15  17
 15  60
 15  69
 16  25
 16  64
 17  19
 17  33
 17  51
 17  56
 18  85
 19  30
 19  40
 19  46
 19  87
 19  93
 20  28
 20  38
 20  39
 20  48
 20  59
 20  90
 21  48
 21  77
 21  86
 22  25
 22  36
 22  53
 22  78
 23  28
 23  36
 23  57
 23  85
 24  29
 24  41
 24  43
 24  59
 24  62
 25  29
 25  34
 25  58
 26  61
 26  76
 26  81
 26  83
 27  36
 27  90
 28  41
 29  58
 29  62
 29  77
 29  79
 30  69
 30  76
 31  50
 31  56
 31  79
 31  80
 32  67
 32  73
 32  84
 33  44
 33  53
 33  82
 34  82
 34  91
 34  93
 35  39
 35  83
 35  84
 36  48
 36  51
 36  67
 36  69
 36  76
 36  79
 37  57
 37  59
 37  74
 37  78
 37  97
 38  57
 38  92
 39  49
 39  82
 39  97
 40  94
 40  95
 41  53
 41  64
 41  65
 41  66
 41  83
 41  85
 41  98
 43  45
 43  64
 43  76
 44  46
 44  49
 44  52
 44  57
 44  68
 45  78
 46  99
 47  49
 47  68
 47  84
 47  93
 47  98
 48  57
 48  70
 48  73
 48  77
 48  78
 48  85
 49  55
 49  69
 50  57
 50  63
 50  77
 51  65
 51  70
 51  73
 51  82
 52  86
 53  59
 53  80
 53  97
 54  86
 54  99
 55  76
 55  77
 55  86
 56  94
 57  72
 57  82
 59  64
 60  83
 60  97
 61  75
 61  87
 61  90
 62  76
 63  77
 63  85
 64  68
 64  78
 64  84
 65  67
 65  74
 65  78
 65  88
 65  89
 65  94
 66  71
 66  73
 67  90
 67  96
 68  70
 68  76
 69  78
 71  74
 71  99
 73  82
 73  83
 73  87
 74  78
 74  92
 74  94
 75  76
 75  90
 76  88
 78  79
 78  89
 82  84
 83  84
 84  90
 84  96
 85  88
 91  93
 94  99
 96  99
