# n=100 p=0.050 seed=3476
  0  37
  0  41
  0  58
  0  95
  0  99
  1  25
  1  28
  1  34
  1  45
  1  54
  1  82
  1  92
  2  40
  2  56
  2  64
  2  69
  2  99
  3  32
  3  35
  3  45
  3  64
  3  86
  3  91
  4   8
  4  12
  4  25
  4  29
  4  35
  4  76
  5  21
  5  52
  5  53
  5  60
  5  70
  5  86
  5  90
  7  17
  7  31
  7  53
  7  73
  8  25
  8  27
  8  61
  8  71
  8  76
  8  81
  8  87
  9  36
  9  91
  9  99
 10  29
 10  59
 10  64
 10  89
 11  17
 11  45
 12  49
 12  66
 13  58
 13  90
 14  44
 14  74
 14  82
 14  85
 15  47
 15  59
 15  68
 15  72
 15  83
 16  18
 16  19
 16  29
 16  47
 16  74
 16  95
 17  30
 17  59
 17  71
 17  81
 17  88
 18  34
 18  73
 18  88
 18  92
 19  25
 19  37
 19  67
 19  70
 19  79
 20  73
 20  85
 21  68
 21  75
 21  83
 21  96
 22  27
 22  37
 22  39
 23  25
 23  93
 24  33
 24  58
 24  96
 25  30
 25  43
 25  57
 26  30
 26  32
 26  34
 26  38
 26  54
 26  74
 26  90
 27  32
 27  40
 27  61
 27  83
 28  38
 28  55
 28  71
 28  80
 28  90
 29  45
 29  50
 29  74
 29  99
 30  50
 30  85
 30  86
 31  43
 31  44
 31  61
 31  67
 31  75
 32  40
 32  49
 32  89
 32  94
 33  57
 33  90
 34  44
 34  51
 34  58
 34  78
 34  85
 35  44
 35  47
 35  51
 35  57
 36  59
 36  75
 37  95
 38  62
 38  64
 38  65
 38  80
 39  48
 39  49
 39  51
 39  72
 39  73
 39  82
 40  65
 40  77
 40  79
 41  56
 42  65
 42  70
 42  71
 42  79
 42  94
 43  54
 43  61
 43  66
 43  88
 43  99
 44  49
 44  78
 46  47
 46  63
 46  68
 46  69
 46  70
 46  86
 46  87
 47  79
 47  91
 48  83
 48  96
 49  69
 49  74
 49  77
 50  55
 50  62
 50  63
 50  83
 50  86
 50  90
 51  65
 51  70
 51  73
 51  88
 52  69
 54  58
 54  80
 54  88
 55  72
 55  77
 55  92
 55  99
 56  57
 56  58
 56  71
 56  85
 57  67
 57  76
 58  93
 59  94
 60  66
 60  80
 61  83
 62  63
 62  71
 63  64
 63  69
 63  90
 63  99
 64  85
 65  95
 66  80
 68  73
 68  80
 71  72
 71  77
 71  84
 71  88
 72  77
 73  80
 76  88
 78  79
 83  86
 85  98
 86  88
 86  90
 87  91
 92  98
