# n=100 p=0.050 seed=3460
  0   6
  0  13
  0  41
  0  45
  0  62
  0  75
  0  87
  1  13
  1  19
  1  41
  1  44
  1  62
  1  68
  1  75
  2  40
  2  93
  2  94
  2  99
  3  22
  3  50
  3  55
  3  57
  3  67
  3  81
  3  85
  3  87
  4  12
  4  16
  4  24
  4  26
  4  44
  4  54
  5   9
  5  19
  5  23
  5  44
  5  56
  5  78
  5  84
  5  87
  6   7
  6  36
  6  55
  6  76
  6  82
  6  84
  7  29
  7  45
  7  46
  7  75
  8  17
  8  22
  8  39
  8  50
  8  55
  8  77
  8  96
  9  39
  9  43
  9  86
  9  98
 10  15
 10  48
 10  66
 10  68
 10  75
 11  12
 11  72
 11  97
 11  98
 12  60
 12  93
 13  17
 13  39
 13  79
 13  81
 14  24
 14  33
 14  38
 14  39
 14  60
 14  83
 14  99
 15  58
 15  96
 15  98
 16  31
 17  24
 17  54
 17  60
 17  99
 18  35
 18  39
 18  89
 19  50
 19  60
 19  87
 19  94
 19  98
 20  21
 20  40
 20  48
 20  65
 21  23
 21  33
 21  35
 21  48
 21  60
 21  61
 21  64
 21  77
 22  39
 22  46
 22  47
 22  57
 22  76
 22  78
 22  86
 23  81
 24  47
 24  58
 24  60
 24  76
 24  87
 25  36
 25  53
 25  89
 25  94
 25  97
 26  48
 26  88
 27  32
 27  47
 27  52
 27  59
 27  68
 27  80
 27  98
 28  32
 28  67
 28  77
 28  84
 28  89
 29  34
 29  55
 29  63
 29  75
 29  82
 29  94
 30  67
 30  83
 30  89
 30  91
 31  88
 32  56
 32  75
 32  81
 33  36
 33  39
 33  73
 33  74
 33  78
 33  84
 33  87
 33  98
 34  64
 34  66
 34  97
 35  49
 36  46
 36  59
 36  66
 36  67
 36  83
 36  85
 37  63
 38  75
 39  44
 39  50
 39  69
 39  71
 39  80
 39  90
 40  41
 40  48
 40  80
 41  44
 41  59
 42  45
 42  97
 43  59
 43  74
 43  81
 43  89
 44  51
 44  72
 44  78
 44  89
 44  90
 44  91
 45  52
 45  58
 45  69
 45  92
 46  47
 47  52
 47  60
 48  58
 48  90
 49  55
 49  79
 50  69
 50  81
 51  90
 51  93
 52  67
 53  72
 53  82
 53  87
 53  96
 54  83
 54  84
 54  85
 55  67
 56  64
 57  76
 58  65
 58  69
 58  76
 58  81
 59  63
 60  63
 61  99
 62  66
 62  82
 62  87
 63  72
 63  85
 63  93
 64  72
 65  70
 66  81
 66  94
 67  70
 67  76
 67  82
 67  98
 68  70
 68  99
 70  97
 71  94
 72  78
 72  83
 74  76
 74  85
 74  86
 74  90
 75  78
 75  93
 80  99
 81  97
 83  97
 84  86
 85  87
 87  99
 91  98
 94  99
 97  98
