# n=100 p=0.050 seed=3482
  0  29
  0  59
  0  77
  0  84
  0  85
  0  89
  1  18
  1  30
  1  89
  2   8
  2  21
  2  38
  2  50
  2  90
  3  48
  3  52
  4  24
  4  49
  4  87
  4  96
  5  35
  5  49
  5  56
  5  63
  5  64
  5  77
  6   9
  6  38
  6  66
  6  69
  6  87
  7  70
  7  73
  7  78
  7  80
  8  27
  8  55
  9  27
  9  37
 10  62
 10  98
 11  21
 11  26
 11  47
 11  48
 11  57
 11  72
 11  79
 12  47
 12  56
 12  64
 12  93
 13  76
 13  82
 13  86
 13  87
 14  21
 14  37
 14  45
 14  65
 14  68
 15  46
 15  54
 15  58
 15  98
 17  36
 18  39
 18  46
 18  50
 18  65
 18  73
 18  76
 19  32
 19  37
 19  48
 19  53
 19  54
 19  72
 19  77
 19  90
 19  92
 20  50
 20  54
 20  57
 20  60
 20  87
 21  31
 21  61
 21  85
 21  95
 22  24
 22  41
 22  79
 22  86
 23  33
 23  37
 23  41
 24  42
 24  78
 24  80
 24  96
 25  46
 25  67
 25  87
 25  91
 25  97
 26  35
 26  42
 26  48
 26  71
 26  81
 27  35
 28  43
 29  57
 29  95
 30  43
 30  72
 30  77
 30  82
 31  55
 31  61
 31  74
 31  76
 32  46
 32  65
 32  81
 33  40
 33  48
 33  55
 33  95
 34  63
 34  81
 35  64
 35  74
 35  84
 36  43
 36  75
 36  78
 36  87
 36  92
 36  94
 36  95
 37  40
 37  66
 38  76
 38  77
 39  41
 39  79
 40  64
 40  90
 41  43
 41  52
 41  68
 41  79
 41  89
 41  94
 42  78
 42  82
 42  94
 43  62
 43  67
 43  91
 43  97
 43  98
 44  50
 44  59
 44  77
 44  80
 44  85
 45  89
 46  71
 46  91
 47  60
 47  72
 48  77
 48  96
 49  59
 49  98
 50  76
 50  84
 50  98
 51  59
 51  88
 52  73
 53  70
 54  62
 55  65
 55  68
 55  81
 57  81
 57  88
 57  89
 58  64
 58  72
 58  90
 59  60
 59  63
 59  70
 59  83
 59  84
 59  94
 59  95
 60  77
 61  84
 61  96
 62  66
 63  77
 64  85
 66  84
 66  86
 67  68
 67  75
 68  72
 68  75
 69  76
 69  89
 70  81
 70  88
 70  91
 70  98
 71  88
 71  91
 73  83
 74  83
 77  81
 78  95
 79  84
 79  91
 79  95
 82  85
 82  91
 84  90
 86  91
 86  94
 88  92
 89  97
 90  92
 91  98
 92  96
