# n=100 p=0.050 seed=3449
  0   1
  0   4
  0   8
  0  10
  0  27
  0  47
  0  56
  0  58
  0  68
  1  28
  1  47
  2  11
  2  48
  2  80
  2  93
  3  15
  3  35
  3  53
  3  67
  4  27
  4  34
  4  62
  4  65
  4  73
  4  83
  4  85
  4  91
  4  97
  5  14
  5  18
  5  57
  5  60
  5  65
  5  80
  6   9
  6  35
  6  40
  6  74
  6  81
  7  16
  7  35
  7  55
  7  67
  7  88
  8  31
  8  59
  8  60
  8  92
  8  99
  9  11
  9  64
  9  82
 10  39
 10  80
 11  38
 11  61
 11  88
 12  29
 12  44
 12  52
 12  57
 12  91
 14  18
 14  23
 14  37
 14  72
 15  17
 15  31
 15  51
 15  72
 15  77
 15  84
 15  94
 16  17
 16  20
 16  41
 16  50
 17  19
 17  48
 17  58
 17  60
 17  73
 17  99
 18  30
 18  37
 18  46
 18  47
 18  49
 18  92
 19  35
 19  49
 19  63
 19  69
 19  77
 19  86
 20  64
 20  81
 20  85
 20  90
 21  81
 21  82
 22  68
 23  49
 24  37
 24  44
 25  61
 25  68
 25  97
 26  32
 27  37
 27  54
 27  73
 28  65
 28  74
 28  98
 29  32
 29  35
 29  40
 29  79
 29  84
 30  45
 30  67
 30  74
 30  84
 30  92
 31  45
 31  50
 31  58
 31  62
 31  98
 32  49
 32  77
 32  82
 32  94
 33  36
 33  42
 34  44
 34  67
 35  49
 35  57
 35  92
 36  43
 36  50
 36  56
 37  64
 37  84
 38  53
 39  53
 39  60
 39  61
 39  82
 40  47
 40  51
 40  77
 40  79
 40  82
 41  46
 41  60
 41  66
 41  68
 41  85
 42  85
 42  88
 43  59
 44  62
 44  68
 44  72
 44  98
 45  80
 45  82
 45  90
 45  94
 45  99
 46  53
 46  62
 46  66
 47  48
 47  59
 47  76
 47  79
 47  89
 48  49
 48  70
 48  84
 49  58
 49  67
 49  71
 49  92
 49  93
 50  59
 50  60
 50  67
 50  71
 50  74
 50  90
 51  53
 53  54
 53  64
 53  93
 54  59
 54  99
 55  63
 55  73
 56  67
 56  91
 57  76
 58  77
 58  85
 58  95
 59  61
 59  70
 60  72
 60  79
 61  66
 61  83
 61  94
 61  97
 61  99
 62  71
 63  75
 64  85
 64  86
 65  93
 65  95
 67  68
 67  72
 67  79
 67  97
 68  86
 69  74
 69  80
 69  84
 69  87
 69  88
 69  91
 70  79
 70  85
 72  92
 73  84
 73  90
 73  93
 76  95
 76  96
 77  99
 78  88
 80  88
 80  92
 82  94
 85  93
 86  92
 86  99
