# n=100 p=0.050 seed=3480
  0  22
  0  67
  0  99
  1  19
  1  25
  2   7
  2  12
  2  25
  2  39
  2  40
  2  43
  2  44
  2  46
  2  83
  3  17
  3  36
  3  38
  3  50
  3  86
  4   7
  4  11
  4  59
  4  62
  4  86
  5  12
  5  52
  5  58
  5  94
  6  40
  6  47
  6  53
  6  63
  7  12
  7  29
  7  30
  7  31
  7  63
  8  78
  9  10
  9  12
  9  22
  9  26
  9  32
  9  44
  9  56
  9  65
  9  81
 10  38
 10  77
 10  94
 11  13
 11  31
 11  35
 11  70
 11  73
 12  15
 12  33
 12  67
 12  83
 12  98
 13  56
 13  60
 13  85
 14  34
 15  33
 15  37
 15  56
 16  27
 16  66
 16  83
 16  98
 17  36
 17  38
 17  58
 17  90
 18  24
 18  29
 18  46
 18  93
 19  34
 19  52
 19  61
 20  23
 20  25
 20  49
 20  64
 20  93
 21  71
 21  83
 21  87
 22  67
 23  45
 23  59
 23  71
 23  80
 24  39
 24  46
 24  51
 25  51
 25  55
 25  84
 25  91
 26  53
 26  83
 27  41
 27  83
 27  95
 28  36
 29  59
 29  78
 29  81
 29  97
 30  31
 30  43
 30  75
 30  98
 31  67
 31  74
 31  84
 32  64
 33  37
 33  47
 33  53
 33  93
 34  42
 34  75
 34  96
 35  39
 35  43
 35  50
 35  73
 35  80
 36  69
 36  81
 36  86
 36  88
 37  44
 37  52
 37  68
 37  82
 37  92
 38  75
 38  76
 38  80
 38  94
 39  60
 39  95
 40  59
 40  99
 41  76
 41  95
 42  43
 42  79
 42  83
 43  55
 43  58
 43  78
 44  71
 44  88
 45  85
 45  89
 46  54
 46  71
 46  72
 46  74
 46  81
 46  85
 46  93
 47  67
 47  71
 47  78
 47  80
 47  87
 47  88
 48  65
 48  68
 48  71
 48  88
 49  96
 50  51
 50  60
 50  79
 50  82
 51  88
 51  97
 52  55
 52  61
 52  80
 52  93
 53  55
 53  67
 53  83
 53  86
 53  94
 55  57
 55  64
 55  99
 56  77
 56  91
 57  76
 57  82
 58  61
 58  91
 59  84
 60  72
 60  84
 60  89
 61  69
 61  73
 62  73
 63  73
 63  76
 64  86
 65  73
 66  99
 67  84
 67  91
 67  96
 67  98
 69  85
 69  86
 70  85
 70  90
 70  94
 71  73
 73  75
 74  91
 75  79
 75  84
 75  90
 77  82
 78  92
 81  90
 84  97
 85  96
 86  87
 86  99
 95  99
