# n=100 p=0.050 seed=3464
  0   7
  0  36
  0  64
  1  20
  1  22
  1  43
  1  48
  1  51
  1  69
  1  81
  2  29
  2  58
  2  62
  2  68
  2  83
  2  85
  2  97
  3  19
  3  71
  3  73
  3  74
  4  11
  4  44
  4  64
  4  78
  4  86
  4  94
  5  59
  5  86
  6  17
  6  59
  6  93
  7  16
  7  20
  7  67
  7  87
  7  89
  7  96
  8  41
  8  47
  8  49
  8  79
  9  23
  9  45
  9  59
  9  70
  9  78
 10  70
 10  79
 10  95
 11  12
 11  24
 11  28
 11  54
 11  84
 11  90
 12  20
 12  94
 13  14
 13  24
 13  53
 13  81
 13  84
 14  46
 14  49
 14  67
 14  71
 15  23
 15  53
 16  34
 16  79
 16  95
 18  75
 19  28
 19  29
 19  32
 19  77
 19  82
 19  84
 20  25
 20  27
 20  70
 20  75
 21  22
 21  73
 22  33
 22  43
 22  61
 22  99
 23  49
 23  55
 23  60
 23  77
 23  80
 24  26
 24  45
 24  57
 24  58
 24  62
 24  64
 24  77
 25  48
 26  40
 26  66
 26  71
 26  80
 27  62
 27  72
 27  74
 27  82
 27  94
 27  98
 28  53
 28  94
 29  49
 29  56
 29  70
 30  61
 31  56
 31  79
 31  96
 32  43
 32  59
 32  63
 32  73
 32  77
 32  95
 33  40
 33  53
 33  55
 33  84
 33  91
 34  83
 35  59
 35  78
 35  83
 36  40
 36  57
 36  82
 36  84
 36  87
 37  58
 37  94
 39  77
 39  81
 40  44
 40  48
 40  50
 40  52
 40  56
 40  64
 40  68
 41  43
 41  53
 41  62
 41  95
 42  64
 44  56
 44  74
 45  47
 45  66
 45  85
 46  66
 46  83
 46  84
 46  87
 47  49
 47  54
 47  70
 47  96
 48  61
 48  84
 49  64
 49  70
 49  97
 49  99
 50  70
 50  71
 51  89
 52  66
 53  65
 53  70
 54  82
 55  75
 55  80
 55  89
 56  76
 56  86
 57  72
 57  75
 57  88
 58  63
 58  86
 58  91
 58  94
 59  64
 59  95
 60  91
 60  93
 62  63
 62  67
 62  76
 63  67
 63  77
 65  67
 65  92
 66  84
 67  79
 68  74
 68  99
 69  99
 71  80
 71  87
 72  91
 74  75
 74  97
 75  87
 76  81
 78  90
 79  85
 81  82
 81  85
 81  99
 82  84
 82  95
 82  96
 82  99
 85  96
 86  91
 90  94
 91  98
 93  97
 98  99
