# n=100 p=0.050 seed=3452
  0   9
  0  22
  0  75
  1  10
  1  11
  1  17
  1  50
  1  95
  2  11
  2  14
  2  30
  2  31
  2  32
  2  69
  2  71
  2  81
  2  96
  2  98
  3  13
  3  15
  3  17
  3  31
  3  33
  3  79
  4   8
  4  21
  4  22
  4  30
  4  44
  4  51
  4  90
  4  94
  5  14
  5  36
  5  71
  5  77
  5  94
  6  21
  6  31
  6  32
  6  46
  6  64
  6  80
  6  94
  7  26
  7  32
  7  51
  7  86
  8  12
  8  27
  8  32
  8  60
  8  62
  8  80
  9  45
  9  55
  9  98
 10  66
 10  72
 10  78
 10  79
 10  91
 11  30
 11  33
 11  62
 11  80
 12  15
 12  74
 13  43
 14  17
 14  59
 14  61
 14  86
 15  42
 15  45
 15  56
 16  27
 16  59
 16  66
 16  77
 16  97
 17  44
 17  45
 17  50
 17  62
 17  70
 17  87
 17  89
 17  94
 18  21
 18  26
 18  37
 18  78
 18  85
 18  92
 19  20
 19  30
 19  46
 19  65
 20  33
 20  55
 20  93
 21  29
 21  52
 21  69
 21  71
 21  84
 22  65
 23  59
 23  67
 23  81
 23  91
 24  87
 25  46
 25  49
 25  65
 25  78
 25  83
 25  97
 26  38
 26  41
 26  49
 26  53
 26  65
 26  89
 27  61
 27  65
 27  66
 27  78
 27  88
 28  54
 28  79
 29  38
 29  41
 29  43
 29  54
 30  31
 30  69
 31  89
 31  99
 32  50
 32  60
 32  63
 32  72
 33  60
 33  99
 34  61
 34  70
 34  72
 34  99
 36  75
 37  47
 37  56
 37  60
 37  68
 37  69
 38  51
 38  69
 38  91
 38  92
 39  79
 40  52
 40  74
 40  91
 41  59
 41  61
 41  64
 41  80
 41  87
 41  90
 42  53
 43  78
 43  85
 43  89
 44  53
 44  58
 44  61
 44  62
 44  86
 44  89
 44  90
 44  92
 44  93
 44  99
 45  60
 45  72
 45  73
 45  78
 46  57
 46  67
 47  48
 47  62
 47  75
 48  82
 49  53
 49  54
 50  53
 50  80
 50  81
 50  88
 51  82
 52  56
 52  58
 52  59
 52  69
 52  92
 52  94
 53  60
 53  61
 53  84
 55  65
 55  68
 55  95
 55  96
 55  99
 56  73
 56  98
 57  62
 57  79
 58  71
 58  72
 58  78
 58  93
 59  83
 60  80
 61  65
 61  93
 62  78
 63  77
 63  83
 63  84
 64  96
 65  71
 65  79
 66  87
 66  91
 66  92
 67  68
 69  83
 70  72
 70  78
 71  76
 71  88
 74  93
 76  88
 77  85
 77  89
 77  92
 77  99
 78  80
 79  80
 80  86
 81  82
 81  92
 82  98
 84  96
 86  88
 86  94
