200
20
475051709
0
3515
93 24 45 81 65 79 74 73 65 71 4 33 17 91 90 78 87 18 25 56 
1
2381
6 56 34 25 92 66 75 54 20 37 64 59 65 34 99 20 4 38 19 54 
2
10871
64 70 81 34 45 38 33 47 14 16 34 66 14 58 24 36 16 11 37 13 
3
1476
1 62 34 97 18 19 56 24 16 89 65 38 84 98 24 28 7 84 58 42 
4
7818
63 77 5 55 69 95 37 56 26 58 43 13 4 2 90 14 3 41 87 93 
5
10847
66 73 97 21 98 72 32 17 68 2 59 96 68 59 76 83 43 23 31 73 
6
8181
33 88 76 52 75 58 34 12 99 37 53 61 26 30 93 35 26 9 54 3 
7
4911
92 32 19 80 33 92 18 67 21 79 10 42 73 59 50 87 80 44 94 53 
8
8946
51 28 95 64 6 81 52 5 14 50 74 76 20 56 82 9 19 7 96 41 
9
2275
61 50 26 76 89 74 84 61 31 95 16 82 64 56 34 51 12 85 60 39 
10
3397
32 36 16 36 56 5 69 54 47 25 56 92 24 95 35 6 61 26 93 41 
11
2343
24 84 38 52 65 55 3 86 39 69 31 55 25 73 40 73 25 17 55 65 
12
9165
79 15 12 22 28 78 63 13 51 42 43 71 58 48 99 88 58 47 44 69 
13
9965
19 69 15 90 93 94 78 78 24 69 60 96 43 77 78 62 10 2 73 60 
14
3760
10 25 60 77 40 88 70 30 77 13 38 89 67 15 40 77 9 24 72 99 
15
5991
11 16 98 71 88 47 62 87 83 46 9 86 6 73 98 38 57 77 14 86 
16
8500
90 76 10 65 2 6 13 87 84 66 55 10 64 94 8 69 86 28 78 26 
17
9588
52 52 33 51 39 14 92 75 3 2 45 99 9 13 15 38 72 8 15 97 
18
6654
15 79 19 89 61 48 30 26 18 28 98 96 27 92 64 81 32 9 54 62 
19
1369
17 7 96 91 46 62 41 38 63 5 38 96 60 24 47 42 81 11 84 49 
20
8270
65 47 95 28 18 93 29 34 42 15 5 59 10 68 76 10 35 20 66 25 
21
9221
70 15 53 14 63 93 75 25 6 34 74 56 49 64 75 87 4 4 36 17 
22
3173
75 70 6 2 98 39 38 94 54 61 23 80 26 32 16 78 62 95 94 29 
23
8471
93 75 9 89 8 4 28 37 84 4 38 84 99 69 57 22 2 19 42 91 
24
1511
44 66 35 34 30 72 11 7 38 16 99 54 71 24 23 90 31 85 8 85 
25
4216
32 45 84 12 30 8 67 45 13 71 66 9 16 54 10 57 99 18 51 55 
26
10228
52 99 17 62 97 47 69 43 7 89 14 71 94 31 86 5 15 82 55 25 
27
9377
59 93 83 82 10 56 84 85 16 29 5 89 78 20 90 39 96 45 78 94 
28
6393
42 63 55 19 85 12 10 65 73 13 9 51 67 59 84 90 21 4 58 48 
29
4712
23 61 31 72 48 93 33 53 63 14 90 93 80 46 77 87 30 61 22 64 
30
8272
26 72 54 25 13 14 46 14 60 78 60 93 89 79 93 76 24 35 64 73 
31
2541
35 79 54 16 47 83 39 11 7 33 47 64 39 76 34 84 57 98 76 49 
32
3606
18 82 80 59 92 82 67 7 92 1 59 31 70 28 45 37 91 59 13 19 
33
5966
36 14 42 97 50 23 63 99 53 40 27 61 54 46 71 41 1 78 33 37 
34
4574
24 28 44 20 67 85 95 7 5 83 56 19 80 37 51 54 56 63 28 41 
35
10691
8 29 36 89 85 42 72 98 56 90 9 70 11 5 19 22 97 8 17 12 
36
10416
85 45 12 18 24 37 31 96 35 41 1 29 47 66 28 68 22 86 37 1 
37
6715
6 11 88 89 60 3 93 90 57 27 33 84 45 77 48 9 29 56 75 93 
38
10095
68 22 98 97 76 68 1 17 37 78 95 22 32 97 52 30 56 6 32 69 
39
4829
89 89 34 24 74 20 49 23 98 50 94 57 37 68 60 38 8 90 57 10 
40
2527
79 16 89 67 8 89 45 91 5 76 30 90 20 68 25 32 86 31 93 46 
41
6527
64 4 36 81 86 68 86 35 54 19 63 77 82 45 47 56 52 52 18 88 
42
5651
42 76 7 38 20 92 16 8 12 2 96 25 47 52 81 17 65 96 24 43 
43
4246
89 72 13 46 78 48 76 26 82 14 24 12 26 30 6 36 22 1 87 10 
44
3989
38 59 64 17 34 70 18 85 24 51 20 57 55 95 73 42 52 73 66 97 
45
5970
91 19 3 24 95 45 96 57 13 94 17 14 80 49 94 38 38 43 56 75 
46
9744
30 99 22 38 13 11 67 33 18 96 78 47 63 58 46 48 86 52 95 43 
47
9472
40 53 9 23 37 88 97 34 41 50 3 60 42 68 7 26 30 43 39 34 
48
8110
77 7 60 68 82 39 34 69 49 66 29 64 4 11 50 56 55 78 49 66 
49
1188
9 53 72 49 9 40 4 56 66 61 7 52 80 44 82 16 87 10 55 61 
50
8712
17 94 1 53 95 61 96 41 89 52 30 68 63 69 26 37 92 63 80 10 
51
7683
41 43 13 12 55 2 62 74 37 8 15 78 96 16 95 66 55 69 8 99 
52
9884
8 91 62 39 25 26 11 37 5 49 66 75 74 1 17 24 46 14 49 7 
53
4992
30 4 26 76 69 16 48 53 40 85 83 42 64 57 71 63 85 26 73 93 
54
1543
40 71 68 63 91 64 46 18 29 89 23 65 44 87 51 73 47 77 33 85 
55
1479
12 16 9 11 9 8 7 76 91 34 81 6 67 7 45 56 28 51 85 89 
56
9496
26 43 30 9 13 38 47 84 88 53 30 5 35 52 10 30 2 8 42 74 
57
7207
3 49 64 87 12 38 30 77 16 74 84 56 64 27 17 1 87 30 43 92 
58
2857
52 96 19 59 48 27 68 69 83 58 64 76 58 33 35 69 12 70 27 73 
59
8263
31 36 52 6 91 3 9 49 6 37 38 12 35 53 46 81 85 64 6 92 
60
6498
57 77 93 79 19 57 7 65 15 85 55 42 98 40 18 51 69 75 26 9 
61
3410
38 84 96 81 43 32 75 65 93 84 73 55 29 71 21 48 44 53 37 6 
62
2752
67 61 31 70 64 75 27 79 62 79 80 31 7 18 80 57 85 4 45 16 
63
7392
92 14 30 38 72 11 97 39 9 11 28 55 35 83 79 53 71 90 85 34 
64
5095
49 31 84 69 28 51 36 74 93 89 12 56 79 4 12 94 32 10 39 85 
65
6435
41 76 95 50 95 61 12 93 33 62 9 81 70 80 77 81 49 83 54 48 
66
4631
99 38 21 9 11 54 94 63 26 29 54 34 10 11 25 64 31 29 12 79 
67
5356
77 10 72 94 43 40 36 9 57 91 1 43 84 35 75 43 2 87 20 77 
68
5490
67 38 40 9 73 85 9 42 42 10 30 8 5 61 35 72 55 58 60 76 
69
1418
22 67 57 27 84 12 94 35 9 66 12 44 23 72 80 99 71 33 34 57 
70
3562
9 66 99 87 99 93 47 23 76 46 51 27 62 90 54 85 92 18 55 34 
71
4355
91 96 92 89 4 52 16 15 58 47 91 13 75 58 69 36 53 61 25 50 
72
1848
76 15 19 47 69 78 6 73 25 58 30 44 1 89 20 93 56 15 38 17 
73
7510
53 28 15 57 16 29 22 53 76 18 3 93 75 32 75 3 91 10 12 90 
74
3291
71 53 10 69 30 68 89 33 47 14 57 73 93 82 38 47 61 52 39 6 
75
9923
88 71 80 52 49 45 95 55 65 99 2 44 65 66 13 78 39 96 54 38 
76
9630
20 26 74 99 35 13 40 36 24 50 80 25 93 69 57 56 84 2 68 43 
77
3139
6 12 60 98 12 92 3 72 9 2 45 48 85 24 80 10 40 75 48 45 
78
10747
68 38 21 76 80 43 54 58 45 80 2 85 55 90 65 43 18 41 44 77 
79
6868
22 61 93 32 83 4 97 94 78 78 14 96 2 64 46 1 19 22 15 61 
80
3318
23 47 85 85 56 54 26 35 13 62 56 96 53 28 91 35 62 29 37 16 
81
5471
92 88 23 79 69 93 60 33 50 27 36 99 63 44 59 96 41 23 16 13 
82
7974
61 80 13 22 72 26 65 55 42 91 24 24 61 20 67 32 26 69 98 4 
83
7573
40 12 80 28 96 28 96 89 21 42 71 22 9 66 9 86 7 82 74 39 
84
4237
77 4 48 52 54 79 81 97 70 84 2 94 72 13 3 27 81 29 13 74 
85
9554
56 67 90 36 32 19 12 10 61 5 31 86 27 23 49 60 25 30 68 85 
86
9596
73 52 33 55 66 54 56 43 11 30 11 45 98 57 7 9 19 5 57 97 
87
3221
59 71 52 67 53 1 68 98 10 28 70 13 40 24 39 34 85 84 40 56 
88
1650
49 79 81 5 50 4 14 22 38 6 63 19 9 19 26 73 21 26 59 28 
89
9032
66 38 18 79 35 31 71 74 24 46 22 57 50 60 93 25 6 7 22 81 
90
3362
53 5 51 49 9 42 87 1 21 8 18 21 90 57 25 83 68 92 15 84 
91
10658
37 47 46 18 43 32 78 28 87 49 12 92 46 53 12 54 24 55 94 16 
92
3342
46 51 99 2 75 48 38 54 13 29 65 12 75 46 88 13 97 73 28 5 
93
8420
44 47 91 31 48 37 13 2 15 94 38 62 92 14 70 37 63 92 42 23 
94
7166
59 87 98 40 1 65 81 39 7 80 54 69 5 92 32 3 13 88 72 70 
95
5249
91 8 54 2 64 27 31 90 7 59 58 69 49 66 14 2 48 27 91 58 
96
1506
30 8 90 28 36 47 7 15 97 23 6 91 9 91 30 48 98 11 1 9 
97
9269
41 41 91 64 60 39 26 60 1 91 37 27 34 13 63 17 24 74 58 81 
98
8450
44 57 42 67 23 94 71 83 38 36 30 25 95 73 58 75 37 33 67 60 
99
8675
4 80 46 85 36 14 82 41 41 97 65 81 79 92 28 66 64 6 32 65 
100
1199
84 69 67 35 32 15 22 39 22 45 30 26 71 4 60 86 59 2 89 84 
101
3661
58 95 70 13 9 24 62 67 82 31 35 8 72 2 30 83 1 73 3 69 
102
10170
92 19 8 74 44 11 11 14 87 52 65 34 43 88 78 7 8 63 58 76 
103
1655
51 67 64 63 60 90 86 39 79 84 75 89 28 93 40 84 39 19 73 34 
104
7425
82 24 62 52 19 63 94 53 94 64 28 10 28 64 23 33 67 64 90 14 
105
5364
84 47 73 34 98 39 76 17 38 42 5 78 25 99 20 10 11 23 54 31 
106
9370
92 13 12 15 95 70 81 23 95 73 35 86 66 90 69 29 87 11 62 98 
107
8585
51 83 69 22 64 94 66 43 99 86 26 70 45 20 99 91 56 66 75 30 
108
5229
41 84 57 72 82 24 97 79 33 48 64 21 81 7 96 46 87 27 19 53 
109
2755
45 79 90 64 52 39 40 55 81 2 53 55 56 73 61 42 64 31 53 21 
110
3629
73 68 57 82 61 1 34 1 94 5 85 48 34 61 79 1 48 46 86 37 
111
10152
65 73 10 86 18 81 11 98 43 99 94 45 28 35 1 43 84 12 35 66 
112
3252
89 46 53 43 90 71 56 20 17 57 64 87 44 80 61 72 9 67 59 93 
113
2693
79 16 34 94 68 2 96 22 1 69 48 21 1 78 72 62 7 43 49 21 
114
9384
72 20 80 95 35 93 61 80 52 78 66 35 65 37 65 65 37 24 13 65 
115
9962
97 52 83 32 81 43 70 93 84 58 31 73 66 40 61 72 90 81 57 79 
116
10768
63 31 14 48 58 60 69 23 51 99 68 10 53 50 35 65 37 52 37 11 
117
10300
72 49 24 6 49 27 49 55 20 23 28 62 48 53 7 74 75 36 33 85 
118
10594
60 8 34 19 14 20 34 66 74 42 46 29 65 61 52 57 97 41 57 27 
119
6562
65 81 30 88 2 80 81 34 93 8 3 84 14 6 94 88 40 28 57 41 
120
10911
93 76 27 39 95 65 60 46 73 5 85 79 51 44 14 76 27 23 91 45 
121
8838
87 12 55 49 93 74 28 92 38 82 54 55 8 87 74 67 79 73 92 78 
122
3259
56 5 48 42 37 78 91 91 33 45 62 36 12 66 19 58 75 14 29 56 
123
8027
76 5 64 17 25 46 31 62 38 99 86 39 63 14 46 37 70 28 15 89 
124
10576
88 32 93 92 9 13 98 75 85 67 23 7 8 23 9 65 85 26 65 58 
125
1266
67 96 40 29 63 29 12 51 78 26 61 53 46 1 40 52 81 83 85 51 
126
7877
94 30 96 38 68 69 23 33 15 80 93 30 24 80 61 29 64 28 6 21 
127
7787
81 1 28 68 95 74 58 76 47 71 40 16 93 34 56 94 46 38 43 15 
128
8448
63 44 39 39 75 73 17 8 75 29 25 53 27 22 21 61 15 7 50 94 
129
9533
51 98 1 30 97 58 78 58 21 90 28 82 4 40 95 69 22 10 43 29 
130
5474
92 34 74 83 53 42 68 25 49 9 67 25 63 63 6 63 1 14 76 83 
131
4594
14 5 1 44 31 96 63 40 8 20 35 97 21 31 95 46 29 50 83 23 
132
9042
97 32 99 80 97 81 63 33 50 33 20 12 4 32 27 46 3 26 10 22 
133
6589
27 69 77 5 68 14 97 20 88 70 48 6 92 64 63 64 9 54 86 19 
134
4868
36 36 21 34 67 14 38 84 96 19 15 67 96 13 49 33 41 97 6 23 
135
4498
3 26 71 28 36 34 50 5 73 19 53 40 87 2 14 72 3 1 86 12 
136
1750
54 91 98 18 13 27 62 87 66 66 95 92 10 47 66 4 74 91 11 37 
137
3742
36 85 55 85 67 18 41 54 13 54 28 3 82 60 3 81 69 91 56 68 
138
8787
84 61 58 29 16 90 84 66 81 93 72 66 57 73 1 40 66 1 62 24 
139
3836
12 75 79 28 15 49 86 74 17 34 32 5 47 75 50 17 37 18 17 2 
140
4917
69 33 87 62 49 35 82 90 1 72 36 6 80 95 1 72 49 6 72 59 
141
9693
80 16 16 49 72 28 56 96 47 66 82 10 95 35 67 88 30 15 87 13 
142
8498
60 95 69 7 10 19 51 95 72 29 11 21 42 17 97 59 8 84 38 32 
143
10717
79 34 58 79 26 36 1 9 41 4 19 70 47 70 41 92 99 44 76 58 
144
3213
83 74 98 40 40 66 97 2 88 12 29 52 24 4 13 30 50 60 28 60 
145
7124
39 19 8 16 80 91 60 8 52 64 6 89 88 59 30 40 48 65 47 78 
146
9809
79 84 49 36 40 59 26 41 56 89 58 64 59 68 53 81 81 3 17 31 
147
3188
67 95 15 16 48 55 90 97 80 89 93 9 44 75 84 94 26 7 16 77 
148
1633
31 35 29 20 77 16 42 92 8 53 49 55 58 24 29 44 7 26 82 2 
149
2895
53 75 23 3 71 44 3 77 87 37 14 76 98 21 21 80 99 53 55 94 
150
1200
67 1 65 16 56 18 53 46 21 16 38 14 15 22 16 48 68 22 65 75 
151
1707
13 96 20 8 14 62 90 41 40 83 63 28 2 4 49 2 38 36 61 44 
152
3752
80 41 92 52 93 84 25 71 92 24 23 65 51 8 17 10 59 54 29 55 
153
1028
94 36 30 7 56 20 85 40 79 89 95 89 65 1 30 48 42 19 5 89 
154
2615
18 86 9 59 19 31 27 31 50 87 94 47 39 32 69 71 36 67 11 78 
155
8591
19 16 40 8 28 93 70 98 12 89 72 2 71 68 33 98 59 6 89 63 
156
5277
61 37 86 82 63 49 86 15 10 6 73 42 6 33 56 92 50 7 33 50 
157
8897
91 87 53 63 86 44 46 82 85 73 71 80 11 27 41 24 63 42 94 93 
158
9765
37 49 78 50 18 5 27 10 83 69 78 9 37 11 64 91 96 63 68 21 
159
2285
15 72 20 80 54 5 37 8 8 47 9 4 79 57 2 83 68 55 21 8 
160
1213
84 98 96 49 85 78 53 24 68 6 54 63 42 23 99 8 78 18 62 64 
161
1116
27 26 43 68 82 15 32 2 68 98 52 91 69 17 87 11 82 15 93 26 
162
4877
66 19 5 19 90 3 55 77 17 59 47 71 34 43 10 86 83 91 81 84 
163
4853
85 63 18 51 11 19 23 50 86 38 44 34 5 58 18 2 79 43 44 4 
164
2594
41 50 76 56 85 51 97 11 61 4 38 75 13 7 39 45 67 55 40 14 
165
10475
65 52 24 37 18 36 22 93 91 88 48 12 70 30 55 40 15 55 6 48 
166
4985
95 80 1 91 35 12 29 53 41 41 47 38 49 43 46 65 86 56 97 21 
167
2279
3 45 8 60 50 20 6 26 21 25 30 8 94 29 96 94 87 6 54 4 
168
3710
14 41 85 48 1 87 48 28 77 35 18 7 79 41 54 96 22 94 76 98 
169
8284
76 31 79 93 63 25 39 24 46 7 69 38 90 27 84 99 80 97 21 72 
170
1611
8 54 28 11 80 44 51 83 59 51 25 59 17 80 98 59 64 23 53 96 
171
7218
28 33 67 29 93 32 29 78 32 46 27 90 94 43 8 27 35 85 52 26 
172
4472
43 11 28 87 88 52 18 81 35 20 77 78 22 84 18 10 30 29 35 42 
173
4965
33 51 37 3 81 99 12 59 96 39 15 52 22 40 91 62 84 55 92 99 
174
7837
6 96 38 18 83 93 54 91 7 54 64 99 51 65 9 22 89 57 12 21 
175
10524
1 40 39 63 50 12 68 70 70 81 91 5 97 94 57 72 78 82 92 29 
176
4414
4 89 38 86 24 81 75 8 81 15 87 4 49 63 86 56 24 42 12 55 
177
2169
32 66 40 29 55 96 33 66 97 49 63 73 75 41 97 48 41 24 56 94 
178
7035
23 89 21 99 40 25 7 49 2 85 10 87 28 29 31 20 42 68 28 99 
179
1523
44 35 84 99 61 1 98 44 45 26 64 21 7 36 10 58 32 50 1 1 
180
7595
28 67 81 25 30 31 85 13 73 48 26 64 91 94 48 74 63 67 7 70 
181
8441
38 19 36 40 78 67 70 83 18 88 14 20 10 18 45 79 77 51 31 49 
182
3594
56 15 90 61 5 76 67 62 73 74 82 79 32 59 86 54 46 52 30 17 
183
8738
10 4 2 60 24 29 88 39 70 64 13 70 10 33 81 46 61 29 15 57 
184
2985
15 60 90 75 8 61 79 48 93 91 79 81 72 93 21 97 58 90 44 49 
185
5465
75 59 37 56 50 87 30 34 43 6 27 41 94 97 40 9 77 58 98 92 
186
9094
64 86 47 52 92 74 81 25 58 33 55 78 72 97 84 96 12 97 80 14 
187
4416
94 65 67 53 25 90 72 93 43 19 47 14 29 94 40 67 91 94 77 11 
188
3951
93 16 94 15 28 96 47 91 78 86 47 17 58 31 49 55 63 4 34 67 
189
6433
27 98 93 38 81 93 24 32 42 49 85 19 82 33 24 11 86 42 31 33 
190
2111
56 55 15 57 43 93 4 51 27 86 15 59 48 85 28 53 16 79 5 27 
191
4817
17 91 85 98 70 73 83 61 92 39 47 13 10 21 25 71 41 98 90 62 
192
9695
51 38 72 20 76 77 36 80 85 34 53 46 68 80 87 8 96 29 27 57 
193
7329
67 77 18 69 77 93 49 6 65 95 60 15 61 6 54 62 53 6 37 57 
194
7857
69 98 68 66 35 64 45 95 32 76 56 62 89 75 86 22 90 66 46 72 
195
3212
40 76 78 22 47 69 12 98 66 92 3 69 32 65 10 57 2 89 68 68 
196
9142
20 74 29 22 12 72 11 17 65 50 78 51 5 62 79 65 95 42 4 18 
197
10123
77 38 68 72 69 17 28 81 57 1 66 76 50 48 23 91 3 84 82 33 
198
9977
59 88 85 93 85 71 47 74 10 85 58 91 83 22 5 24 82 34 26 93 
199
5723
4 91 84 59 44 82 33 62 53 4 27 38 38 68 39 9 19 84 23 84 
