30
10
1250939344
0
1106
32 52 87 25 5 12 30 11 17 84 
1
850
41 76 98 45 44 90 2 46 90 2 
2
1445
7 72 31 11 85 83 5 86 91 74 
3
1698
16 64 14 38 2 92 15 55 24 76 
4
1146
47 83 37 16 59 63 71 2 37 89 
5
1452
90 51 27 84 85 74 46 78 78 78 
6
1062
35 11 28 78 44 86 49 55 78 37 
7
1161
58 9 1 29 75 22 89 68 91 31 
8
1283
30 94 12 87 51 54 59 49 61 21 
9
1525
9 10 76 90 54 65 42 12 5 31 
10
1368
24 50 69 72 4 55 13 56 6 25 
11
1336
74 48 65 99 87 19 56 53 61 33 
12
1261
95 68 49 58 80 7 27 20 73 37 
13
1220
27 2 41 97 68 35 13 63 31 94 
14
1344
67 51 16 29 37 78 29 79 71 40 
15
1496
37 73 59 7 87 32 20 1 23 77 
16
1779
25 91 16 76 35 10 30 84 22 68 
17
1369
1 6 73 82 38 75 26 37 58 30 
18
1532
63 92 58 68 20 14 98 38 72 88 
19
945
75 50 46 12 75 53 12 99 80 24 
20
939
2 61 53 35 52 49 48 99 98 47 
21
1167
28 72 71 85 61 40 54 23 81 45 
22
865
25 9 82 32 79 19 93 27 2 41 
23
876
35 47 84 61 97 25 29 68 75 67 
24
561
92 54 43 61 10 54 51 58 18 30 
25
1241
37 6 20 50 57 5 33 32 86 85 
26
568
12 95 96 85 85 37 32 32 60 83 
27
1437
73 24 47 41 6 56 80 79 40 51 
28
1242
56 23 50 16 59 18 9 17 82 14 
29
1162
24 18 5 41 87 31 14 29 17 19 
