500
20
379756761
0
20356
12 98 91 13 85 19 79 65 6 3 26 49 58 28 33 88 46 34 60 11 
1
16816
38 71 82 48 81 95 5 16 49 83 77 25 4 71 19 4 93 64 68 62 
2
8083
75 84 55 48 38 87 50 42 81 56 51 82 55 24 15 61 12 14 41 15 
3
21044
53 46 71 83 68 76 5 78 31 34 57 2 21 72 60 87 66 20 89 58 
4
21467
45 35 58 79 81 93 52 22 63 66 18 60 54 20 45 42 87 48 65 44 
5
1207
39 78 32 96 68 47 48 92 52 81 84 56 45 28 72 60 74 48 43 10 
6
9386
8 42 39 28 20 74 72 34 19 34 56 32 75 52 55 92 26 67 49 17 
7
17319
4 13 59 23 46 92 14 33 50 73 38 88 48 33 15 94 74 99 36 36 
8
24984
84 41 2 5 80 90 99 28 93 20 53 45 84 62 26 66 5 19 16 86 
9
17050
69 66 88 48 77 30 87 48 79 88 70 97 40 10 1 94 76 47 2 85 
10
14737
78 56 11 18 11 33 21 78 99 6 55 45 80 84 41 93 94 7 82 56 
11
25045
7 7 79 37 13 89 30 24 83 43 55 11 91 27 53 44 9 94 69 37 
12
23897
34 46 14 20 15 94 90 28 23 42 16 53 87 32 58 35 91 66 41 28 
13
8967
71 63 58 41 49 62 14 31 56 40 3 35 41 66 84 68 17 15 50 78 
14
4245
36 27 57 49 56 66 80 43 11 23 28 87 60 4 26 75 31 20 61 38 
15
8791
72 75 3 50 84 41 49 84 90 39 57 13 60 57 57 89 99 41 1 6 
16
21945
25 53 80 86 21 5 8 97 48 12 10 24 94 13 17 41 22 61 41 53 
17
9030
26 25 74 22 5 74 77 28 39 40 3 88 91 41 71 62 24 90 7 19 
18
6450
65 35 73 81 81 32 66 86 97 25 32 25 72 38 41 76 73 68 10 11 
19
11996
62 8 35 39 58 24 2 87 36 11 70 96 80 85 34 5 22 62 30 11 
20
17459
42 24 13 27 64 34 2 82 29 56 52 84 86 82 90 23 52 64 41 55 
21
9241
79 85 49 58 57 21 6 15 55 46 65 54 71 19 20 52 78 4 47 97 
22
11891
20 69 80 38 3 51 37 36 55 52 32 11 35 65 86 33 2 51 50 42 
23
7716
55 51 86 26 39 12 27 77 99 74 79 52 47 43 85 77 75 81 66 76 
24
21328
60 87 60 6 37 34 79 9 26 41 53 48 1 79 57 27 20 89 20 28 
25
23933
85 38 50 52 54 24 43 50 97 29 19 93 6 20 90 90 90 1 40 30 
26
19622
4 28 21 34 95 19 82 58 66 63 40 64 18 86 44 50 67 64 40 30 
27
17106
8 2 91 67 43 37 78 5 10 15 12 77 63 33 74 29 81 53 84 89 
28
15780
34 90 79 53 69 39 93 24 32 47 8 93 18 54 70 26 77 64 18 55 
29
7140
99 23 65 7 6 44 13 92 77 73 18 71 32 2 16 24 33 60 74 2 
30
21518
6 38 26 31 71 22 55 36 53 60 34 79 90 95 95 75 35 28 72 22 
31
21556
79 98 23 64 26 59 67 5 70 76 7 85 13 20 64 36 43 54 56 28 
32
12681
79 16 56 24 43 8 52 76 4 45 87 22 34 14 86 72 87 92 67 95 
33
12488
98 34 96 40 48 70 67 62 64 7 48 65 80 70 64 48 26 13 50 60 
34
17586
32 52 35 61 96 85 11 18 63 41 65 37 45 95 50 82 60 79 81 93 
35
5453
56 10 16 6 34 85 43 9 36 8 93 12 76 80 80 32 94 44 5 74 
36
11256
43 95 28 43 91 95 79 80 9 72 28 44 72 33 91 50 9 33 37 52 
37
24730
14 12 21 41 40 2 79 22 92 52 84 94 88 53 24 44 95 26 60 52 
38
4479
56 45 4 47 62 21 68 64 22 36 68 40 26 93 93 41 26 33 10 84 
39
7305
27 17 89 11 29 51 42 1 14 11 28 8 52 82 43 91 13 26 66 95 
40
18590
4 62 89 74 57 61 84 53 30 79 69 13 70 13 67 99 49 22 46 77 
41
5360
22 47 75 79 33 21 61 60 56 1 70 62 32 97 7 13 4 56 84 57 
42
7575
11 39 95 94 97 18 43 4 91 8 25 46 74 4 83 8 13 72 66 4 
43
3143
77 59 86 70 18 11 26 41 1 79 1 18 96 5 99 86 23 96 83 29 
44
5656
68 13 39 73 27 25 75 67 5 48 75 55 93 23 13 11 72 64 25 72 
45
18941
48 7 44 28 36 77 6 42 99 57 49 24 41 92 30 43 85 84 45 59 
46
25080
68 62 68 70 92 93 97 52 81 63 45 59 44 76 8 46 86 14 6 3 
47
17257
58 53 16 24 70 40 48 38 62 44 40 63 63 45 43 14 84 16 38 46 
48
2025
67 97 39 32 13 66 2 5 17 14 18 63 90 52 34 94 52 31 14 93 
49
15693
87 34 71 87 85 21 90 49 62 53 80 41 79 52 93 90 45 96 26 1 
50
13954
17 59 57 58 62 90 97 87 1 12 17 29 17 72 78 27 40 23 79 58 
51
16160
70 47 33 88 95 55 46 8 76 1 64 27 82 5 65 8 43 3 65 82 
52
2869
78 78 55 65 5 92 60 6 31 53 13 49 3 11 48 15 64 35 16 47 
53
4452
25 48 74 78 28 94 26 9 95 69 7 49 76 73 6 87 74 76 60 18 
54
4379
88 42 21 10 92 81 26 69 56 97 47 88 2 71 66 74 94 54 45 57 
55
9994
12 8 94 35 34 48 35 55 61 90 17 11 54 17 39 13 91 83 36 96 
56
7296
54 91 26 30 46 6 1 13 90 47 54 53 47 33 46 1 78 45 82 57 
57
24630
87 60 15 59 69 20 11 5 76 42 60 5 91 90 76 38 60 10 14 86 
58
9470
75 55 98 79 41 90 58 38 23 97 23 24 83 21 92 46 58 89 95 50 
59
19085
86 51 18 65 12 63 80 47 69 39 61 74 76 14 6 51 6 7 41 14 
60
15640
18 26 62 10 71 49 34 67 23 93 20 80 65 86 2 93 41 98 45 55 
61
24112
36 84 44 93 3 35 76 57 56 27 67 69 87 9 37 22 76 10 78 61 
62
7185
84 57 12 20 14 42 86 1 61 44 11 20 31 15 81 19 36 82 91 64 
63
5031
39 2 59 31 61 35 22 14 52 76 44 32 78 13 81 17 64 39 75 91 
64
10434
72 74 49 41 31 26 74 81 87 2 53 65 88 36 4 13 19 39 11 4 
65
7744
89 35 37 92 3 47 77 51 60 28 29 96 12 70 55 98 63 25 35 29 
66
22755
3 53 86 32 52 75 66 5 70 43 62 39 56 80 24 90 51 15 93 27 
67
1428
28 23 91 84 51 58 52 48 34 39 87 62 2 97 91 89 39 42 51 10 
68
13181
75 27 23 79 98 79 25 72 92 65 40 56 54 31 94 68 3 24 76 61 
69
17199
93 55 53 3 72 83 59 1 3 9 65 6 23 52 93 90 70 70 69 94 
70
12350
53 57 27 76 39 23 97 1 83 97 48 53 2 33 61 2 80 85 6 31 
71
21169
89 68 69 37 21 36 86 92 85 56 95 34 29 91 4 39 26 18 9 10 
72
21338
1 32 94 89 49 81 91 68 3 48 15 81 95 19 69 32 35 31 96 11 
73
9891
91 13 15 5 43 86 95 83 56 31 11 98 8 68 45 21 90 32 29 46 
74
5576
38 63 6 86 90 18 54 55 63 83 1 94 80 38 68 50 47 83 19 71 
75
10910
15 18 55 26 29 55 32 25 68 34 75 64 47 93 68 65 76 42 73 79 
76
10995
43 51 94 42 47 53 78 11 3 25 31 13 61 58 16 56 50 81 2 36 
77
1412
43 63 89 97 12 89 28 61 61 56 93 17 37 81 44 43 48 19 50 41 
78
15367
66 48 63 40 58 6 22 87 80 15 9 4 27 47 35 25 30 21 7 89 
79
20218
98 35 87 20 32 56 1 6 95 72 71 23 47 95 38 85 58 76 63 44 
80
23156
64 49 74 79 82 86 20 3 50 55 74 92 2 31 5 75 26 99 53 6 
81
18589
97 72 42 88 9 53 95 78 60 29 37 71 89 49 42 94 22 56 33 55 
82
1451
84 11 6 3 57 67 20 21 12 73 94 12 74 94 57 41 50 60 86 45 
83
16954
28 73 45 82 61 76 75 35 73 29 82 14 53 92 77 27 25 91 76 64 
84
14516
50 79 41 2 22 52 25 91 64 69 86 50 48 61 59 52 95 42 11 86 
85
7858
29 33 55 49 34 79 51 64 23 14 38 22 61 8 50 10 93 99 14 88 
86
11155
92 91 88 96 99 46 63 54 52 55 49 40 88 90 78 91 6 54 10 98 
87
16297
92 19 94 36 53 28 19 62 45 38 11 38 78 90 63 54 81 7 93 99 
88
14538
88 91 54 34 84 33 90 17 59 85 24 67 29 7 90 9 59 15 91 22 
89
2068
77 82 76 92 77 92 47 11 46 41 47 58 12 9 59 36 22 30 83 53 
90
19027
71 21 30 8 46 92 8 96 51 25 61 91 75 21 32 29 89 4 79 73 
91
13709
40 40 44 36 74 78 7 97 10 3 46 47 49 23 96 28 55 7 46 88 
92
16609
65 97 90 17 82 95 43 75 40 86 98 40 48 46 83 53 25 18 25 24 
93
25299
67 85 50 25 67 13 96 58 6 83 45 3 70 21 41 76 37 46 2 48 
94
8659
48 75 47 25 84 36 6 17 32 72 93 40 76 63 7 87 53 58 51 50 
95
8339
14 92 8 99 84 10 79 94 35 76 62 71 62 63 61 37 43 47 60 35 
96
22657
69 41 8 84 56 29 78 36 68 54 29 90 66 26 49 63 12 64 66 79 
97
18326
78 31 88 93 25 19 14 37 27 44 47 95 70 98 27 11 7 62 82 65 
98
11313
98 90 42 9 1 76 23 43 1 81 41 28 29 83 17 14 95 70 19 51 
99
11363
75 53 88 24 13 7 57 81 66 93 6 61 89 28 20 74 87 89 1 40 
100
14250
43 60 64 67 23 6 38 81 13 89 28 54 48 87 76 58 85 3 6 53 
101
12953
28 68 67 99 88 7 71 75 63 72 31 24 53 95 28 48 65 33 64 39 
102
4368
91 84 93 82 8 74 42 37 3 97 72 64 6 90 81 53 41 23 69 60 
103
8114
24 13 67 41 20 35 93 25 27 28 4 47 46 67 19 43 94 33 84 3 
104
21684
60 91 33 11 40 48 36 56 87 12 59 23 16 78 33 5 22 13 99 42 
105
3302
37 25 38 28 61 87 76 23 8 12 19 99 23 84 68 36 31 52 88 10 
106
11385
89 62 63 64 67 72 67 69 2 31 34 39 45 42 29 65 40 59 3 87 
107
9587
70 56 42 45 92 60 93 27 41 6 82 12 99 14 48 90 5 62 61 26 
108
3169
59 83 83 66 37 77 91 9 27 94 6 10 61 33 33 78 2 30 16 18 
109
4547
43 54 3 57 21 38 71 17 47 93 64 64 24 7 81 16 45 16 38 84 
110
20743
79 89 41 86 18 92 45 33 22 40 2 78 9 4 27 38 31 41 72 13 
111
11239
39 16 59 34 10 11 93 27 90 67 71 26 87 8 19 99 28 15 37 72 
112
15329
91 94 9 54 46 33 11 31 17 6 69 47 5 31 9 21 6 51 24 15 
113
23482
82 53 79 78 74 19 65 88 99 30 27 15 74 54 75 1 65 44 49 93 
114
6597
99 42 4 35 30 90 26 36 96 48 96 19 61 53 43 13 5 3 48 41 
115
24580
88 80 85 91 7 22 64 64 99 87 4 33 59 61 73 1 32 75 91 90 
116
8272
87 64 88 65 44 78 9 95 40 15 43 47 50 91 94 71 79 86 59 62 
117
4334
18 44 56 60 30 20 1 71 20 90 66 41 89 1 97 58 58 15 5 33 
118
1952
39 43 4 44 83 82 19 45 73 72 21 12 82 14 11 37 52 14 60 78 
119
23731
52 35 17 10 80 5 60 15 4 56 9 76 62 12 75 8 4 2 9 65 
120
20018
53 34 27 40 67 21 89 4 89 59 87 77 6 65 17 36 22 6 65 6 
121
4333
61 82 82 87 19 53 39 42 75 11 64 36 14 89 15 58 98 90 13 88 
122
2199
74 69 96 62 38 51 85 91 67 34 68 28 85 60 77 30 30 50 84 12 
123
17117
77 52 61 65 76 30 4 20 57 37 61 68 60 39 91 69 98 43 62 10 
124
6103
15 59 56 18 45 44 54 33 1 45 13 62 1 74 6 18 21 25 85 5 
125
21059
48 10 65 28 88 48 27 42 70 69 47 26 7 28 43 67 47 34 62 56 
126
2447
57 18 37 10 95 95 28 9 59 2 25 41 55 80 34 74 27 56 45 82 
127
19614
15 98 47 21 75 33 87 19 87 85 8 97 86 35 96 84 9 66 12 97 
128
4868
41 6 75 2 73 2 47 55 30 97 27 5 73 93 45 93 4 62 68 3 
129
20342
88 39 98 37 49 24 83 37 17 19 11 78 8 30 18 13 72 89 87 29 
130
11440
89 33 29 38 59 68 3 2 42 77 41 89 32 51 54 68 67 26 53 29 
131
25013
56 65 86 69 71 23 57 65 73 57 78 89 46 41 49 37 6 75 48 35 
132
23541
29 80 34 80 78 81 31 88 52 85 88 58 88 62 17 51 19 45 41 64 
133
17068
26 30 99 96 15 17 49 16 44 25 90 47 54 7 81 26 75 42 25 20 
134
24949
23 42 4 37 40 74 67 8 61 27 56 72 36 3 33 83 98 43 63 27 
135
17515
19 83 78 2 73 92 36 7 99 14 79 50 91 47 71 88 73 17 7 95 
136
3984
83 46 81 31 45 74 75 11 28 36 43 91 72 20 84 12 76 93 79 16 
137
16696
48 78 74 36 46 70 61 68 12 17 48 78 32 60 35 66 72 97 61 84 
138
23592
12 81 52 71 46 55 36 70 71 22 7 4 53 7 72 27 36 33 48 52 
139
22339
62 96 3 70 38 63 67 92 7 28 62 13 21 85 39 35 54 86 53 48 
140
20993
39 79 66 18 9 23 72 94 71 47 27 44 66 61 6 10 35 73 63 29 
141
6561
36 35 81 65 63 37 41 75 82 13 91 32 11 12 12 49 86 21 38 2 
142
20107
24 73 55 54 2 23 72 53 29 33 64 60 28 24 97 31 4 74 71 51 
143
13065
38 26 78 68 53 56 6 11 11 54 79 45 19 19 4 62 15 32 62 17 
144
11898
74 36 80 6 44 88 1 25 14 40 2 47 78 93 39 91 29 25 93 45 
145
22512
58 77 88 14 80 5 43 4 88 76 24 20 52 93 49 11 43 32 34 92 
146
9725
5 39 32 39 87 57 36 83 45 42 33 21 46 65 52 12 51 66 64 51 
147
2259
28 49 39 38 85 91 73 34 51 74 41 37 44 68 68 27 24 15 19 97 
148
2620
51 26 11 93 20 68 32 46 46 83 47 96 33 77 45 87 9 33 28 59 
149
11597
95 90 38 99 5 29 68 78 5 82 74 54 70 42 13 25 43 34 5 67 
150
7580
57 76 93 17 71 68 43 92 78 63 84 39 82 97 91 15 70 88 5 81 
151
21871
67 54 52 12 47 74 85 93 57 72 14 16 94 10 32 16 83 43 77 23 
152
8453
69 57 28 21 65 83 36 71 55 21 28 26 39 51 47 58 31 68 72 86 
153
23291
2 91 15 17 55 46 77 41 69 47 64 82 72 77 15 36 20 80 99 94 
154
13057
11 89 59 92 92 20 90 20 61 5 93 99 19 46 54 13 14 73 59 68 
155
17760
64 30 33 81 22 33 36 12 25 19 13 63 75 56 57 94 68 30 27 45 
156
11269
3 97 6 97 50 19 7 73 95 10 95 47 54 24 75 13 92 46 97 43 
157
23956
48 88 35 11 76 81 14 41 93 82 8 88 49 82 58 71 92 10 38 29 
158
25100
20 73 27 61 18 13 80 64 99 61 14 13 55 40 34 57 91 78 83 87 
159
7519
76 98 24 50 97 42 36 81 48 47 93 38 15 16 10 34 31 22 43 62 
160
5149
38 78 25 47 36 64 24 89 61 33 81 47 72 60 44 15 40 11 57 28 
161
8825
37 53 56 94 53 36 47 39 33 5 5 79 68 27 29 61 48 38 83 22 
162
2201
10 42 86 96 60 35 2 66 36 83 90 5 2 38 41 39 16 79 5 8 
163
16281
77 36 34 87 71 69 61 23 44 60 29 6 5 51 68 86 23 87 13 59 
164
2788
97 6 84 85 83 67 76 60 38 66 32 11 74 30 38 81 74 45 3 44 
165
8667
45 43 78 14 13 20 27 74 34 69 28 8 16 67 67 11 86 14 61 41 
166
7234
16 86 81 67 53 65 76 23 88 25 42 66 10 27 6 5 76 40 5 73 
167
25718
15 71 91 55 1 53 39 68 43 62 55 50 58 58 39 41 13 76 37 35 
168
14459
70 44 38 96 56 55 65 27 46 60 44 10 54 55 47 3 89 31 46 10 
169
16531
38 93 94 10 67 38 54 99 74 1 71 5 15 22 88 46 45 51 84 93 
170
25422
79 55 28 54 61 8 60 5 64 41 68 70 46 61 80 67 14 61 67 12 
171
21509
80 11 55 63 48 3 15 65 54 17 83 78 81 65 1 49 29 15 16 15 
172
13063
16 80 14 65 15 13 30 77 97 77 47 92 52 10 23 6 85 95 76 86 
173
13738
75 73 51 6 85 36 95 1 9 97 44 50 7 73 83 79 73 1 37 71 
174
25662
32 49 52 95 64 14 14 53 62 45 18 43 65 19 71 16 72 9 34 4 
175
17412
25 38 66 38 81 91 50 27 42 7 30 45 68 63 74 41 80 72 22 12 
176
5602
73 33 11 17 47 27 7 89 3 29 84 15 24 37 68 78 32 94 18 95 
177
18000
9 99 52 56 14 1 14 79 22 10 46 38 3 72 80 20 12 58 61 20 
178
13879
73 89 73 47 71 54 99 2 14 89 90 9 37 59 84 54 55 17 72 16 
179
24222
48 48 78 45 90 9 90 93 62 71 21 21 60 31 93 79 23 34 77 11 
180
5442
9 88 79 72 68 15 68 38 40 59 47 51 89 27 41 4 4 24 3 28 
181
11407
28 13 81 44 49 90 46 10 3 21 77 26 65 35 16 89 15 5 94 60 
182
18661
21 42 47 85 29 50 18 99 37 3 98 57 63 36 58 21 72 91 22 66 
183
20827
57 82 83 55 72 1 43 83 48 60 72 77 16 7 12 72 39 71 82 31 
184
7898
21 72 62 69 67 68 55 49 53 30 43 91 39 52 78 68 75 2 61 36 
185
10689
18 9 48 75 33 42 12 78 96 83 65 2 86 95 78 98 64 88 25 91 
186
12375
31 34 34 3 81 67 3 22 39 84 67 71 29 82 62 89 56 13 64 44 
187
19274
15 93 83 91 61 76 26 13 66 6 25 74 75 60 67 4 10 26 71 91 
188
14140
45 49 9 5 33 24 26 30 98 65 73 68 10 74 97 12 13 42 76 4 
189
22332
96 21 14 84 50 47 18 74 63 48 88 25 77 28 58 43 47 19 37 47 
190
5391
47 43 52 12 68 41 41 3 67 22 47 83 35 45 63 84 91 21 39 96 
191
16538
36 38 10 73 93 9 83 92 7 79 26 67 42 76 63 52 21 59 48 83 
192
3096
42 66 60 10 74 40 52 73 24 44 6 40 62 37 39 80 19 77 90 97 
193
17048
67 15 75 62 48 53 38 91 33 96 17 27 41 65 62 23 35 56 68 31 
194
22881
59 96 44 39 88 23 4 18 96 45 60 84 59 70 80 6 24 77 47 72 
195
14588
14 51 14 25 74 79 99 13 13 20 75 98 70 55 66 33 35 65 15 19 
196
3448
48 44 52 76 92 64 69 2 97 19 66 51 9 12 38 6 17 36 5 46 
197
5462
26 15 65 82 76 83 81 45 64 54 34 72 49 31 29 32 78 74 23 5 
198
20845
54 63 80 44 25 24 7 14 17 14 64 20 83 14 66 16 7 84 13 41 
199
1621
44 14 2 95 60 43 36 1 10 91 57 8 22 22 37 54 79 4 98 82 
200
2677
95 16 90 78 31 8 68 85 31 12 1 24 13 52 35 8 94 1 10 16 
201
21932
48 40 88 94 91 93 77 10 24 80 97 79 64 53 14 63 34 13 58 73 
202
15081
63 26 93 60 57 68 47 24 15 65 25 2 11 69 37 86 58 28 38 3 
203
14760
10 75 81 82 39 46 22 24 46 75 50 85 9 29 19 38 71 74 41 79 
204
21679
99 23 16 34 79 16 63 11 72 3 84 23 4 35 39 71 36 33 1 36 
205
16518
20 40 89 21 79 65 21 25 2 90 75 59 74 48 11 49 96 10 30 13 
206
2066
81 46 87 90 72 46 55 15 51 68 29 78 61 62 74 87 76 4 77 53 
207
15174
56 7 36 72 91 13 51 4 86 86 27 22 9 93 3 72 99 51 31 6 
208
23446
49 90 63 35 13 14 50 14 76 35 60 33 68 77 66 98 70 44 76 70 
209
12384
73 46 57 86 23 87 65 81 82 54 80 2 96 58 2 32 3 77 30 14 
210
16357
16 3 5 65 64 79 61 28 64 83 16 40 64 68 1 39 87 54 14 7 
211
24882
24 19 2 74 70 60 91 97 64 57 56 73 3 18 6 56 37 66 49 81 
212
6469
98 56 58 51 41 17 89 64 71 33 3 48 1 18 54 89 93 58 36 27 
213
9933
44 1 28 81 35 89 17 27 81 16 90 21 71 96 94 96 21 3 50 50 
214
23120
55 14 9 25 34 15 2 99 29 75 78 86 33 5 82 44 40 53 15 58 
215
22486
9 42 69 82 44 55 23 92 75 86 63 44 99 87 62 83 93 68 90 72 
216
14244
84 77 54 39 47 54 93 56 32 44 6 20 10 15 91 64 87 1 51 97 
217
10542
24 57 64 72 83 54 35 21 22 22 67 86 66 97 94 34 56 58 77 19 
218
13382
88 29 62 50 58 25 75 11 49 67 76 23 6 86 58 95 58 83 71 26 
219
12264
44 45 17 11 80 16 72 33 34 19 32 76 19 96 82 56 39 15 10 90 
220
11860
23 93 1 92 25 68 41 49 91 74 2 22 55 77 64 71 21 85 25 72 
221
20740
64 78 82 37 57 72 40 51 99 74 75 39 95 97 77 45 43 44 96 28 
222
16395
84 69 44 14 56 73 38 2 20 69 25 93 6 17 63 13 44 76 41 92 
223
21888
3 7 19 31 30 61 17 74 83 69 3 17 30 99 27 16 81 74 70 92 
224
17045
71 35 1 32 93 74 4 82 72 14 20 54 83 69 54 37 44 14 35 1 
225
18317
50 71 60 94 96 99 39 8 18 77 39 43 79 46 3 26 3 10 62 41 
226
9719
20 33 82 16 61 12 8 72 9 83 26 14 79 54 66 26 56 59 19 96 
227
17177
54 55 10 15 3 99 70 2 35 64 30 82 47 96 66 41 84 35 73 76 
228
23985
39 14 4 54 99 7 51 54 78 9 58 68 83 69 8 34 12 11 63 59 
229
12528
20 55 83 79 27 17 66 20 83 31 51 62 49 32 14 56 72 60 88 6 
230
13779
80 62 82 54 26 9 91 64 55 64 71 6 39 70 18 29 76 17 10 2 
231
23661
1 31 29 7 8 31 76 36 81 85 6 13 5 23 1 45 94 31 91 86 
232
18405
20 92 76 45 17 52 78 96 45 71 88 81 60 36 28 75 19 44 67 10 
233
24319
95 78 18 87 97 78 21 4 80 42 53 77 43 11 8 74 66 69 42 97 
234
20027
75 36 44 64 27 16 48 94 7 78 80 81 91 36 66 16 45 62 64 49 
235
11037
33 1 65 38 58 96 65 33 96 15 28 35 44 12 89 53 45 77 81 13 
236
13808
42 63 16 8 55 64 64 22 14 1 22 99 87 44 9 81 85 83 59 83 
237
16225
85 1 70 90 35 28 85 64 6 4 63 89 22 27 95 94 97 93 24 55 
238
13291
37 41 46 76 87 46 63 28 11 77 66 67 68 33 47 62 36 73 27 81 
239
19922
64 98 65 10 36 13 95 87 22 42 50 78 92 21 40 66 38 32 40 80 
240
4363
98 77 2 16 11 8 49 33 65 95 57 20 64 42 95 26 37 88 16 12 
241
21479
41 27 42 67 16 98 50 40 36 92 87 54 57 9 92 63 39 69 55 71 
242
10924
96 65 53 46 92 20 2 64 83 18 62 37 72 53 23 76 33 6 91 44 
243
23598
81 67 88 8 8 31 90 73 18 47 35 94 9 16 73 1 76 8 58 96 
244
18140
22 11 56 71 56 15 64 87 3 32 76 32 67 66 18 34 22 17 35 36 
245
14814
15 33 66 77 93 77 26 99 51 66 61 63 35 71 34 27 56 8 3 96 
246
15949
40 68 79 91 21 9 21 14 42 93 73 61 31 26 80 52 27 10 72 32 
247
4811
64 4 56 28 40 26 53 71 33 76 21 99 64 93 43 27 81 32 75 55 
248
14858
19 66 15 84 19 41 21 3 72 89 81 76 9 10 67 60 1 24 86 50 
249
8947
49 14 25 8 5 70 50 34 13 3 4 90 44 74 48 4 78 97 75 4 
250
16675
41 97 61 39 22 59 34 81 68 63 79 91 47 28 46 26 85 50 19 85 
251
1932
17 29 8 97 21 73 14 32 30 34 1 48 47 64 19 61 21 9 8 82 
252
1371
75 63 38 64 20 55 56 4 86 13 89 17 69 17 50 13 83 64 20 42 
253
5985
97 74 24 69 71 90 60 85 46 43 40 59 44 79 60 87 98 7 56 81 
254
14587
6 28 26 69 61 79 36 68 37 70 37 79 53 53 49 71 1 84 49 15 
255
3582
37 11 17 25 96 66 45 14 91 9 95 83 64 9 59 8 88 50 88 36 
256
6610
6 75 20 16 30 92 3 84 86 88 61 29 44 36 51 6 29 3 79 98 
257
18866
63 44 95 94 47 58 7 1 22 37 80 69 34 39 15 55 92 11 1 90 
258
8617
76 51 20 92 74 28 82 48 28 79 32 17 25 34 64 27 12 21 30 3 
259
12746
41 14 46 1 21 26 42 90 32 51 37 1 48 94 30 81 75 35 49 1 
260
8257
2 49 94 89 22 53 18 1 2 46 23 42 25 81 5 74 45 93 99 25 
261
3275
65 41 2 88 48 94 24 76 3 17 17 56 12 25 5 85 82 70 60 84 
262
19536
31 45 14 36 48 29 74 15 74 64 85 82 20 70 16 50 48 74 63 49 
263
5177
88 64 52 54 94 77 83 50 24 35 59 66 46 84 18 6 63 29 39 15 
264
23749
53 23 90 17 46 40 65 78 56 62 6 15 76 4 22 95 56 47 86 18 
265
6337
36 68 62 88 76 94 97 16 50 32 18 79 27 62 36 27 87 79 33 85 
266
16363
25 63 80 57 11 20 97 24 90 45 1 60 75 57 95 15 4 15 9 5 
267
25745
93 41 52 17 53 63 73 9 70 82 73 92 47 51 26 72 81 63 81 76 
268
1035
89 26 55 64 58 34 62 23 78 91 71 7 78 4 92 75 28 58 32 53 
269
17396
43 7 83 17 71 25 34 37 44 61 22 87 47 25 21 79 6 86 13 88 
270
4327
59 42 51 10 77 3 57 78 31 89 68 83 99 62 50 6 43 96 82 42 
271
22936
57 3 83 80 64 17 61 64 65 1 77 65 4 48 52 57 69 35 94 64 
272
2674
96 88 20 32 53 44 52 31 98 61 31 79 77 97 98 6 19 72 99 58 
273
2217
44 20 72 15 80 71 7 7 14 20 97 40 70 15 11 27 66 17 84 90 
274
13118
64 57 64 18 8 19 30 6 89 61 23 38 10 27 18 6 49 61 27 22 
275
996
64 26 2 61 23 26 77 44 63 91 17 12 23 88 33 17 33 85 19 53 
276
16408
18 67 21 39 15 25 72 22 22 58 27 29 94 99 41 41 63 32 24 28 
277
19801
39 11 34 59 43 12 85 46 88 4 81 2 82 95 81 72 17 28 82 31 
278
17211
2 75 96 91 86 22 8 27 84 16 22 76 35 11 90 36 94 3 50 85 
279
18430
18 55 24 27 14 70 62 68 98 43 33 27 38 48 67 70 8 37 31 89 
280
4995
23 78 8 5 44 6 76 93 96 79 40 66 34 73 76 34 21 63 27 57 
281
16636
64 52 49 18 35 82 51 29 43 41 42 50 56 45 74 94 57 28 29 12 
282
5161
19 19 86 4 87 78 54 4 9 31 92 85 25 97 9 14 52 90 48 76 
283
1837
88 21 13 23 12 14 48 30 79 61 45 48 56 66 98 97 27 86 93 92 
284
18269
28 4 70 8 18 67 23 29 58 78 1 27 70 4 17 63 71 80 17 1 
285
22557
21 37 37 9 39 64 78 57 72 90 51 33 79 70 33 68 64 47 39 1 
286
19923
30 40 23 58 43 30 38 98 36 40 37 33 46 58 3 90 34 5 48 10 
287
4454
41 79 52 19 81 64 38 75 40 73 53 17 12 22 2 38 55 88 41 65 
288
16542
83 20 26 57 73 11 56 76 27 48 80 29 31 77 62 35 46 6 29 12 
289
13235
85 42 72 51 94 72 95 37 30 55 52 37 12 77 76 10 72 52 66 7 
290
15400
35 34 29 8 86 96 55 5 35 1 24 97 34 34 82 31 47 57 86 82 
291
9941
90 87 38 47 3 76 36 8 61 26 84 26 57 26 75 19 82 49 73 81 
292
14392
41 78 38 72 21 27 40 93 13 71 79 78 80 87 79 53 51 85 72 40 
293
19483
78 24 73 71 78 12 98 41 90 16 12 74 39 42 76 27 5 23 48 81 
294
20851
92 3 37 74 84 85 94 58 23 64 42 81 47 25 86 41 45 87 98 2 
295
15080
43 76 93 39 75 44 78 51 97 43 83 2 86 82 51 8 76 5 21 66 
296
4517
4 18 37 16 68 10 79 74 26 68 96 84 90 40 50 26 98 51 30 80 
297
3230
2 71 53 83 77 80 61 54 29 44 67 44 66 81 75 57 63 9 4 86 
298
14652
66 63 51 88 8 50 96 92 73 36 35 42 13 65 52 39 68 14 78 72 
299
13474
83 36 76 75 16 92 42 43 76 36 93 60 81 1 53 33 26 40 41 6 
300
21611
14 72 33 15 75 81 90 84 5 18 13 88 94 55 86 97 87 15 2 15 
301
16579
45 2 87 98 36 81 26 95 3 38 56 94 1 93 23 97 92 13 24 2 
302
12046
43 7 47 92 63 72 92 86 88 6 2 21 78 22 85 32 48 42 83 79 
303
11820
66 82 65 4 16 41 66 27 63 13 96 74 35 59 17 8 56 88 13 70 
304
24771
23 35 71 13 52 57 85 31 13 73 78 21 21 61 14 79 71 65 37 71 
305
17859
21 83 90 99 47 29 92 37 91 85 76 47 70 5 46 84 38 33 50 81 
306
13960
10 7 25 88 58 13 42 66 80 2 21 85 30 10 34 41 90 14 99 75 
307
24444
31 20 25 4 88 7 31 28 87 62 7 82 57 97 75 76 28 64 56 84 
308
22906
26 4 91 77 71 36 28 3 43 20 78 69 56 94 45 39 42 97 60 26 
309
22794
16 66 15 17 28 12 73 68 31 60 72 51 40 87 70 56 48 15 2 20 
310
4369
39 41 49 78 97 49 87 96 97 58 85 45 71 18 31 70 28 64 18 99 
311
23267
44 26 47 25 53 61 91 63 11 97 26 60 11 13 34 98 44 16 48 97 
312
4535
56 10 57 86 55 38 60 46 64 42 73 30 83 82 67 8 2 91 68 48 
313
12736
23 54 86 18 77 86 44 28 14 13 24 47 62 12 55 31 50 63 66 64 
314
14096
86 52 35 62 95 35 45 61 8 71 61 94 90 88 52 69 77 79 52 32 
315
1172
7 1 20 31 66 29 51 17 52 31 48 21 23 62 55 37 22 14 58 94 
316
12083
68 14 63 19 44 89 78 52 28 94 80 18 90 98 8 65 1 69 13 91 
317
11117
66 97 18 31 48 40 62 78 94 31 35 33 90 89 63 57 27 93 61 35 
318
12122
70 78 92 48 27 1 5 12 62 47 55 5 51 85 95 35 45 10 24 97 
319
21472
88 19 62 7 76 12 84 46 7 35 9 35 42 61 48 5 7 41 54 87 
320
2009
94 81 70 80 76 36 87 13 15 84 39 92 27 38 14 77 72 47 3 56 
321
21761
18 22 2 72 27 72 15 48 16 74 55 11 72 59 21 93 96 15 86 92 
322
19362
62 18 24 93 6 70 12 73 88 93 18 7 11 41 81 84 30 3 79 90 
323
3234
19 71 23 79 23 71 51 98 7 53 50 80 95 58 47 10 11 58 4 36 
324
3707
87 54 8 4 96 8 25 96 72 60 49 87 1 46 18 74 47 18 28 20 
325
7492
26 80 97 23 34 43 42 97 21 32 7 2 17 94 26 27 83 94 11 67 
326
21578
23 2 25 22 26 71 86 69 90 50 94 76 32 14 63 14 5 16 86 97 
327
5188
85 71 66 4 33 32 67 82 87 23 74 58 31 57 76 91 40 96 30 90 
328
21497
95 33 71 11 77 26 21 37 81 44 51 31 74 99 19 82 96 7 98 94 
329
8572
4 41 90 21 55 24 26 45 75 2 6 27 83 25 47 3 95 7 13 82 
330
16997
22 48 31 80 28 26 93 67 76 14 90 11 82 64 24 53 99 5 91 66 
331
10757
34 72 92 82 9 52 60 21 29 46 55 25 89 84 92 48 71 73 40 73 
332
9081
21 95 45 70 55 5 96 64 80 28 87 26 48 79 10 84 78 50 64 14 
333
13268
93 12 27 74 82 7 81 59 97 5 95 86 42 9 5 28 2 84 93 2 
334
16741
47 17 73 55 8 64 60 2 21 12 82 39 66 25 18 75 12 19 19 62 
335
20114
44 71 82 3 40 1 76 51 84 34 22 17 93 70 81 66 28 48 26 13 
336
6003
40 79 95 40 30 36 72 62 62 29 77 73 33 57 29 64 92 61 75 42 
337
5245
49 24 38 61 31 74 72 98 84 10 1 11 30 69 70 40 69 63 1 61 
338
3869
23 11 82 26 52 71 9 33 63 31 27 75 78 91 38 93 97 29 52 2 
339
12082
15 66 5 56 45 37 78 39 93 34 62 4 4 44 56 24 77 13 5 47 
340
16460
52 82 17 77 97 97 80 5 28 26 94 80 2 41 12 74 42 76 79 70 
341
1509
90 34 32 67 59 92 44 38 26 20 21 21 66 25 37 93 95 83 43 30 
342
24560
9 31 19 75 65 28 57 10 91 25 9 95 71 52 10 76 78 47 41 89 
343
15627
22 50 52 81 4 18 28 36 12 98 12 67 11 34 13 8 99 33 28 58 
344
6576
80 54 39 43 1 57 7 15 51 50 74 87 93 27 94 56 85 2 57 15 
345
4120
4 79 77 90 72 59 12 11 47 8 98 19 41 24 14 24 18 53 10 3 
346
12262
95 97 52 14 28 44 2 58 43 54 7 7 87 86 67 20 72 90 94 82 
347
7413
32 37 74 42 92 21 12 34 52 55 39 12 76 12 67 89 20 72 97 57 
348
4933
28 96 76 67 66 6 50 19 16 17 17 72 95 78 23 88 47 39 62 61 
349
7845
19 26 1 56 71 12 48 40 39 2 44 13 55 86 97 61 47 75 57 34 
350
5420
83 39 51 23 55 39 64 27 84 42 5 22 19 22 58 83 4 80 2 69 
351
23393
30 71 74 16 70 92 38 30 29 23 4 45 40 93 8 84 73 62 4 36 
352
19147
59 23 37 42 33 56 87 2 64 70 50 71 94 3 38 40 92 85 33 44 
353
18170
27 34 23 42 49 57 17 55 83 34 5 71 91 43 27 64 61 32 81 25 
354
20944
11 34 23 26 28 5 1 3 14 93 61 55 87 69 58 17 5 34 43 73 
355
1385
30 39 15 35 51 48 22 2 78 38 68 18 34 63 14 18 51 60 79 17 
356
17909
14 55 44 24 43 4 93 71 14 30 79 29 68 67 4 37 57 62 67 4 
357
8825
49 49 96 38 42 97 51 65 21 29 77 27 54 98 69 86 58 12 93 58 
358
11916
12 86 56 3 26 25 58 34 88 39 69 96 1 3 46 40 28 61 40 64 
359
24374
85 55 19 95 53 74 21 85 2 77 82 57 64 26 38 12 23 99 9 70 
360
5066
51 61 67 25 51 78 2 46 18 98 9 55 79 51 34 6 63 3 54 65 
361
23875
58 91 32 80 1 26 48 83 71 96 1 34 59 3 14 8 14 48 74 67 
362
24096
95 41 22 7 49 76 9 46 21 79 2 90 36 48 22 61 92 9 3 10 
363
14366
13 39 23 2 3 22 30 73 60 55 5 96 43 78 93 15 30 29 35 43 
364
9144
54 48 95 68 12 11 33 18 48 65 71 14 90 19 78 75 41 81 42 73 
365
8991
86 62 68 84 12 40 69 61 16 68 50 72 88 3 70 3 65 26 15 31 
366
5173
24 32 89 5 90 2 59 1 4 13 58 84 33 87 49 45 98 66 87 88 
367
21173
28 51 3 88 88 81 12 93 99 13 35 22 85 47 1 13 9 83 18 39 
368
2744
15 52 76 9 76 8 94 68 32 47 52 43 75 5 30 99 18 71 67 67 
369
17422
43 71 40 72 80 60 15 56 38 33 20 33 84 76 81 39 52 75 20 23 
370
17425
39 32 6 40 97 70 21 55 46 17 1 32 37 6 67 73 41 21 58 18 
371
18980
54 85 79 82 12 62 44 5 29 26 21 8 92 71 91 21 14 36 78 39 
372
20775
18 70 43 21 31 56 76 99 4 64 53 18 51 35 83 84 6 89 41 89 
373
12675
45 2 19 69 50 78 34 47 26 11 69 5 34 61 46 20 17 27 82 98 
374
5458
83 82 98 66 91 84 77 31 26 22 22 13 10 99 82 83 39 11 57 45 
375
8543
58 32 77 59 87 62 99 89 15 45 7 76 7 28 6 87 53 79 26 63 
376
12691
36 26 76 42 16 84 35 98 59 69 42 30 17 59 52 95 16 8 38 17 
377
7361
32 28 57 90 1 7 32 29 47 28 87 24 46 6 25 46 11 99 43 58 
378
1611
85 29 1 58 43 85 99 47 22 27 51 68 40 38 33 2 91 6 24 6 
379
15232
13 31 27 19 19 97 78 53 38 86 63 52 4 50 24 65 51 33 11 42 
380
7311
89 49 19 62 51 11 62 25 4 87 67 54 88 52 44 56 31 99 67 11 
381
21177
55 88 81 36 2 45 59 58 21 13 13 93 77 48 46 41 18 2 24 79 
382
25392
14 76 3 52 21 47 82 64 35 23 43 82 51 97 55 67 5 46 21 76 
383
17745
81 35 90 78 3 87 3 11 25 55 20 66 48 68 43 46 12 98 13 84 
384
1505
50 90 16 58 49 13 3 46 1 39 81 44 51 30 99 38 30 2 15 42 
385
5230
19 87 20 90 58 98 63 68 93 58 73 83 42 8 50 59 65 21 57 78 
386
23264
54 9 36 86 46 82 94 27 27 93 91 16 22 46 86 9 58 93 8 38 
387
3431
28 95 93 27 41 13 4 34 81 17 22 89 18 12 23 23 51 62 7 6 
388
4655
45 94 80 64 27 55 7 96 63 53 91 75 19 37 38 21 37 63 97 14 
389
23970
67 96 12 21 95 65 46 82 9 75 83 51 87 97 52 4 22 14 38 21 
390
22552
86 78 98 7 48 65 72 44 57 7 30 35 6 29 24 14 58 35 59 38 
391
19228
42 64 26 22 18 17 27 43 6 86 78 99 30 82 28 45 52 85 27 16 
392
22141
25 54 41 88 95 96 1 99 63 41 84 47 44 29 73 66 58 34 82 26 
393
10224
73 2 55 26 93 9 72 60 38 93 93 61 9 98 11 92 80 94 55 20 
394
5250
13 55 23 58 38 1 34 46 6 77 56 10 10 71 47 81 19 61 82 51 
395
16098
44 77 64 55 97 68 30 20 25 1 93 30 97 11 90 54 67 18 94 87 
396
22350
73 35 64 39 14 19 30 46 72 73 16 54 15 61 64 26 68 36 49 55 
397
13588
27 83 93 46 61 58 82 70 62 69 64 79 19 18 18 72 61 30 93 37 
398
5925
33 23 25 63 93 17 3 20 88 30 45 18 40 60 25 63 21 67 49 7 
399
6680
74 28 71 48 77 90 69 93 83 36 78 94 4 84 6 59 20 59 59 82 
400
14378
39 80 48 62 51 13 66 64 67 27 85 47 68 72 94 69 34 35 33 92 
401
9746
64 50 98 82 53 77 13 97 80 19 94 84 47 40 5 70 28 59 2 40 
402
18369
98 51 48 28 37 89 20 13 58 25 39 10 76 54 73 4 11 22 92 48 
403
19552
45 17 4 94 13 17 94 80 87 31 20 13 39 32 50 69 50 87 3 76 
404
6164
49 42 29 53 55 46 8 6 55 39 7 55 76 53 85 53 43 7 12 53 
405
25542
62 54 83 12 32 83 20 87 68 58 54 34 38 28 81 30 43 21 9 79 
406
9107
46 55 56 72 69 63 27 35 10 1 47 77 45 2 3 83 68 75 77 22 
407
1940
94 85 43 96 5 40 52 41 38 4 30 21 68 3 36 56 71 25 21 7 
408
24069
39 2 89 34 43 18 14 73 54 11 23 2 8 88 34 87 12 24 86 32 
409
16120
41 70 28 35 11 67 60 21 61 86 52 21 46 52 19 73 32 89 26 11 
410
19589
57 65 26 41 43 56 78 7 37 19 29 20 97 65 67 2 92 74 21 67 
411
1622
55 74 65 48 55 98 44 36 80 68 89 80 87 97 89 18 85 67 16 35 
412
18746
43 58 86 84 93 31 1 94 12 1 68 45 57 14 65 70 91 1 53 97 
413
24072
57 88 54 55 93 16 28 87 8 20 90 20 89 61 65 4 73 60 95 2 
414
18235
92 30 97 92 79 10 13 70 31 55 25 29 69 3 72 96 33 21 20 43 
415
18441
50 83 69 35 79 9 69 76 40 19 66 96 91 57 12 52 93 80 97 46 
416
22937
75 71 70 92 47 32 62 22 5 17 62 48 40 71 45 87 47 39 83 82 
417
1171
51 76 20 92 31 14 47 40 59 57 25 96 15 11 39 83 43 13 69 33 
418
18041
11 15 60 33 62 53 86 82 88 48 98 53 96 11 4 17 29 75 17 24 
419
6392
44 79 55 19 82 5 71 70 12 52 51 34 58 34 89 64 48 62 55 9 
420
9766
35 96 4 3 44 91 42 35 77 12 89 98 97 7 83 42 69 98 38 88 
421
6326
95 26 48 72 14 92 53 95 96 28 3 87 95 75 50 38 36 44 70 61 
422
10039
93 17 78 56 22 17 33 10 91 95 49 56 58 14 90 39 77 27 7 73 
423
19852
32 21 9 9 89 5 59 49 75 24 28 2 28 93 19 21 3 89 94 66 
424
9217
38 86 39 53 45 74 11 24 85 88 66 30 25 33 26 70 17 83 35 6 
425
15825
8 40 72 90 28 85 86 59 4 9 96 35 63 83 8 62 33 34 67 1 
426
19176
36 27 69 99 43 70 34 35 9 79 55 23 52 5 54 60 35 51 18 93 
427
14700
17 37 27 51 8 86 51 63 30 40 51 71 94 10 73 46 33 13 74 23 
428
8653
72 28 74 51 77 7 85 18 57 94 38 96 7 21 69 1 14 34 1 48 
429
21660
81 93 64 78 61 99 90 85 56 37 34 28 67 8 23 73 55 73 73 15 
430
2910
20 1 17 61 14 40 51 42 55 85 85 69 61 6 9 32 20 74 16 82 
431
1395
39 48 51 27 90 89 66 49 74 65 96 46 7 34 93 16 83 35 87 90 
432
16794
82 19 61 64 52 80 9 24 72 41 81 18 69 27 47 29 73 28 19 51 
433
8235
32 90 78 42 58 46 34 54 90 91 80 16 34 96 87 42 53 1 98 48 
434
10896
50 62 9 96 19 44 84 87 50 74 19 80 1 18 5 97 82 53 50 59 
435
15716
97 83 23 57 22 89 42 30 53 40 84 19 94 92 52 14 59 16 54 93 
436
13357
96 21 19 90 95 20 39 79 8 25 5 50 65 1 48 53 98 34 69 9 
437
14310
95 96 34 75 6 25 71 96 15 64 91 91 70 85 93 48 66 28 81 44 
438
12398
80 56 43 64 98 40 64 85 14 74 45 67 88 83 72 87 65 16 13 65 
439
11462
76 6 26 8 76 86 78 73 96 58 90 30 3 16 82 23 41 43 41 15 
440
21674
52 46 15 61 22 63 46 56 40 95 96 99 92 73 71 78 1 61 59 94 
441
18518
84 10 32 61 12 36 37 65 56 10 11 31 11 5 52 25 17 54 89 90 
442
25120
49 21 46 56 73 54 43 74 75 93 48 2 85 6 93 44 32 72 22 73 
443
21048
26 55 65 20 12 31 80 98 25 24 5 83 53 76 27 22 11 37 50 65 
444
6992
43 78 8 32 11 21 44 28 17 40 68 25 82 24 35 59 29 62 70 26 
445
11183
99 86 44 44 33 4 24 42 90 19 5 75 4 43 81 59 89 77 57 83 
446
18816
92 68 70 3 7 6 12 79 90 70 35 72 44 6 74 92 10 4 13 48 
447
13650
81 36 4 48 35 45 40 55 13 69 23 65 93 9 74 45 41 83 50 99 
448
10828
19 87 62 80 27 28 11 27 51 58 88 69 67 33 95 40 61 50 23 16 
449
13840
25 60 26 23 87 86 86 22 90 46 95 14 80 10 92 12 87 60 88 50 
450
5507
81 84 26 45 37 71 59 51 8 32 47 93 16 82 77 55 41 64 94 87 
451
4143
84 92 41 79 10 72 48 64 42 76 6 79 18 46 52 30 27 35 88 46 
452
8571
50 74 85 30 67 15 15 54 16 56 92 35 57 58 20 64 95 87 13 4 
453
16726
38 54 17 72 82 31 89 23 30 89 8 23 10 84 44 2 81 8 81 69 
454
6972
48 6 90 8 52 33 99 52 45 98 69 14 92 57 9 89 18 69 70 39 
455
12858
94 44 75 6 7 35 55 77 35 84 61 76 20 54 36 41 84 64 67 96 
456
10540
58 80 18 53 5 47 9 67 52 52 85 62 56 21 8 89 61 64 33 31 
457
19857
67 12 22 8 6 46 20 32 95 77 34 71 76 66 18 49 93 73 36 9 
458
6674
83 57 32 71 39 57 26 27 4 95 11 64 89 70 68 81 54 22 84 51 
459
9408
40 85 26 43 93 69 97 43 35 80 64 62 73 50 1 83 33 9 30 3 
460
19837
5 11 39 8 58 84 20 22 77 76 93 93 15 73 63 33 42 36 62 36 
461
3499
41 13 12 96 88 13 10 61 70 65 46 35 48 75 52 22 80 76 52 14 
462
22726
10 31 39 50 28 98 63 98 62 41 11 91 93 46 5 42 87 29 82 32 
463
18864
84 58 97 38 25 86 57 48 96 84 26 41 20 60 3 38 28 3 58 76 
464
21737
43 93 14 52 48 6 58 34 87 40 83 39 11 81 22 61 28 70 83 70 
465
15858
51 73 39 44 39 29 84 67 18 15 68 91 80 86 69 61 34 90 50 63 
466
5700
41 76 30 72 86 19 6 42 97 26 17 39 79 50 48 94 5 2 60 15 
467
10382
57 78 33 64 52 72 58 7 72 97 85 37 55 4 19 74 16 70 80 73 
468
14511
68 91 84 97 3 79 5 98 16 46 94 29 16 70 84 25 76 89 26 13 
469
21939
53 10 23 60 39 9 81 91 55 35 60 80 44 49 22 82 1 29 80 59 
470
12922
99 4 60 27 28 46 5 94 61 79 68 63 89 49 30 13 23 76 3 29 
471
10332
31 29 64 55 18 99 97 5 39 80 51 51 16 47 65 15 48 47 99 39 
472
18264
92 52 1 18 22 54 25 94 70 7 35 23 2 24 31 45 58 44 83 72 
473
18284
35 99 30 60 40 52 77 27 94 75 89 6 16 76 9 92 48 34 69 53 
474
11465
90 69 9 38 5 13 3 7 47 19 64 82 20 78 73 39 75 41 20 57 
475
5102
47 91 93 97 25 28 97 74 73 17 32 34 33 99 87 99 84 42 85 29 
476
3041
32 2 40 92 58 79 40 63 34 70 89 41 26 85 7 5 82 71 69 50 
477
5257
66 54 31 71 97 58 91 31 99 61 7 85 91 50 97 49 31 43 90 23 
478
8805
39 43 55 42 39 18 92 90 78 76 78 72 91 55 12 81 43 28 37 33 
479
24077
38 90 94 61 59 61 55 13 79 38 10 59 45 45 90 57 20 65 65 32 
480
21536
72 90 21 64 16 14 24 54 78 71 62 77 1 84 4 2 71 16 63 30 
481
2035
42 94 32 35 65 33 46 31 10 67 96 53 27 74 42 62 38 50 88 5 
482
7865
51 1 46 30 39 59 85 64 23 52 12 54 4 58 22 14 60 8 9 79 
483
18703
6 92 55 71 73 40 61 9 96 2 50 82 82 41 52 89 80 66 66 61 
484
21963
50 77 15 34 91 25 54 48 53 53 66 73 39 78 88 63 1 4 19 98 
485
13346
87 86 30 25 60 98 6 97 91 71 96 16 75 62 60 80 37 99 34 31 
486
3217
1 35 85 90 51 90 53 50 21 32 5 95 55 50 89 98 94 48 81 74 
487
21160
87 10 96 37 65 14 86 38 2 30 93 3 58 43 96 63 4 62 34 6 
488
20678
80 74 59 10 27 48 51 94 34 54 41 67 39 52 64 91 58 87 3 7 
489
12749
11 4 89 7 98 43 93 82 42 75 76 33 4 84 88 24 80 52 13 32 
490
21799
23 86 81 80 35 23 75 60 9 74 43 91 51 41 74 99 94 49 13 56 
491
16303
71 72 90 18 37 93 23 35 48 37 21 4 43 16 35 25 42 28 3 4 
492
5683
50 26 20 26 25 32 16 58 43 42 65 9 79 85 34 42 76 61 78 92 
493
21028
82 36 43 95 98 91 2 15 16 70 36 18 5 23 15 54 90 67 46 38 
494
4859
30 90 95 74 31 79 10 83 67 84 1 60 31 19 99 42 71 98 53 99 
495
2837
19 48 59 79 79 76 38 11 74 49 39 78 93 11 90 39 37 40 78 21 
496
20147
14 67 77 62 23 38 43 69 56 62 69 28 88 80 42 50 18 83 76 37 
497
2339
44 7 83 62 27 69 14 22 83 85 18 80 5 22 88 97 36 77 39 74 
498
14479
51 62 71 42 89 43 26 57 89 80 19 53 23 69 22 64 67 66 62 44 
499
5546
52 1 33 8 51 40 27 39 85 21 40 94 36 5 67 49 6 66 63 62 
