50
10
1958948863
0
793
46 61 3 51 37 79 83 22 27 24 
1
2280
52 87 1 24 16 93 87 29 92 47 
2
939
79 51 58 21 42 68 38 99 75 39 
3
2591
45 25 85 57 47 75 38 25 94 66 
4
1540
97 73 33 69 94 37 86 98 18 41 
5
2386
10 93 71 51 14 44 67 55 41 46 
6
812
44 28 58 50 94 34 23 80 37 24 
7
2524
24 90 56 51 34 39 19 82 58 23 
8
1370
85 94 64 21 72 76 97 33 56 68 
9
1319
75 59 43 19 36 62 78 68 20 50 
10
2388
66 64 48 63 88 74 66 47 2 93 
11
961
49 2 69 91 51 28 67 74 39 22 
12
2831
95 16 96 11 41 78 7 26 91 64 
13
2790
61 35 35 6 71 43 23 61 81 81 
14
2076
19 53 82 31 94 98 67 95 33 94 
15
2519
47 40 53 63 99 83 8 55 14 97 
16
1981
84 81 64 36 11 91 77 11 88 54 
17
695
13 26 11 39 97 27 71 42 22 82 
18
2133
11 85 61 57 44 6 85 72 36 11 
19
1871
19 4 36 47 77 82 29 14 65 91 
20
1495
98 4 53 56 69 60 49 8 79 23 
21
754
2 10 87 65 91 44 3 98 23 32 
22
783
85 63 88 59 38 43 94 90 66 26 
23
984
44 96 10 4 25 76 76 36 5 22 
24
2004
7 55 32 10 87 99 95 75 15 12 
25
2269
73 71 38 12 7 66 48 69 51 23 
26
1771
19 66 25 62 66 11 4 26 2 34 
27
2030
69 94 24 43 54 35 37 24 81 87 
28
2603
12 7 90 49 86 52 82 55 12 59 
29
2150
73 15 7 54 49 8 57 98 40 2 
30
2157
85 11 11 87 3 40 61 86 59 38 
31
2187
23 99 49 29 48 62 6 30 32 84 
32
937
53 37 2 2 44 25 97 92 16 62 
33
728
16 50 76 18 93 24 5 94 87 10 
34
510
88 56 17 75 37 30 27 66 78 11 
35
2786
8 69 32 39 82 1 95 47 41 93 
36
2134
26 22 39 77 31 73 46 3 43 57 
37
1046
42 56 9 69 59 27 92 41 94 81 
38
2849
58 67 83 15 78 16 46 41 1 10 
39
1956
63 63 69 78 33 91 52 47 93 40 
40
2456
7 96 67 68 36 33 8 89 22 62 
41
1105
2 74 28 37 3 11 11 28 93 49 
42
1560
44 4 88 22 58 99 7 39 62 90 
43
1745
38 42 23 41 10 2 54 80 53 34 
44
2216
24 40 91 92 98 60 72 47 30 11 
45
1157
76 30 71 67 6 90 57 57 34 81 
46
1317
85 93 3 24 44 36 85 74 27 51 
47
2372
61 36 26 87 62 62 22 38 30 21 
48
777
32 25 41 91 24 15 87 59 54 39 
49
972
90 87 96 31 94 3 65 5 77 27 
