50
5
1328042058
0
1290
75 26 48 26 77 
1
2352
87 37 4 67 94 
2
362
13 25 92 4 9 
3
305
11 95 92 14 57 
4
262
41 49 72 93 29 
5
1250
43 12 45 54 79 
6
2170
93 59 5 21 55 
7
1601
69 17 98 20 73 
8
2039
80 46 93 6 65 
9
1628
13 20 17 18 86 
10
483
24 52 79 75 25 
11
285
72 44 11 25 39 
12
1092
38 92 16 16 76 
13
936
81 75 89 77 24 
14
2349
83 95 81 28 38 
15
473
88 33 92 24 5 
16
2325
26 10 45 15 91 
17
747
6 45 61 77 29 
18
970
89 2 39 36 22 
19
434
67 62 28 16 27 
20
1258
70 62 94 32 39 
21
2405
30 82 87 46 31 
22
862
89 29 23 21 46 
23
298
30 29 1 81 18 
24
2014
68 94 55 28 93 
25
2608
21 20 91 70 58 
26
1737
78 42 67 89 85 
27
2214
46 80 91 54 58 
28
1910
99 94 4 96 97 
29
2245
10 35 60 62 10 
30
2211
17 8 38 46 79 
31
547
23 41 25 60 93 
32
2237
83 65 90 19 2 
33
1327
47 4 93 97 87 
34
700
86 71 13 13 17 
35
1011
18 30 65 7 18 
36
2001
67 14 25 44 10 
37
1230
46 32 34 7 50 
38
1020
4 50 47 73 8 
39
1918
14 30 98 15 26 
40
1001
4 27 91 66 14 
41
1383
20 98 11 70 21 
42
1229
88 39 46 97 15 
43
2594
50 84 50 33 10 
44
403
84 65 77 97 85 
45
1515
58 12 5 64 46 
46
431
93 58 14 73 42 
47
1971
76 45 47 28 18 
48
939
50 49 80 4 36 
49
2028
30 15 45 87 2 
