# n=100 p=0.020 seed=4109
  0  28
  0  60
  0  70
  0  73
  1  20
  1  58
  2  91
  3  68
  3  83
  4  68
  5  68
  5  80
  6  16
  6  56
  6  69
  7  50
  7  66
  8  31
  8  57
  9  16
  9  26
  9  75
 10  64
 10  84
 11  53
 11  97
 12  22
 12  27
 12  36
 12  91
 13  51
 13  53
 14  49
 15  18
 15  34
 15  37
 15  67
 16  44
 18  32
 19  38
 19  64
 19  94
 20  58
 20  91
 21  54
 22  42
 24  25
 24  82
 25  79
 26  43
 27  44
 27  50
 27  59
 29  41
 29  55
 29  84
 30  91
 32  87
 32  96
 33  45
 33  51
 33  56
 33  65
 34  87
 35  36
 35  41
 35  44
 36  60
 36  70
 37  46
 38  89
 38  98
 42  57
 43  88
 44  49
 44  65
 45  77
 46  78
 46  85
 46  86
 48  74
 48  81
 50  58
 50  76
 50  96
 52  78
 53  61
 54  67
 54  83
 54  95
 54  98
 59  85
 59  93
 60  80
 61  99
 63  90
 69  91
 70  93
 71  94
 74  84
 74  93
 76  99
 78  97
 80  99
 81  96
 82  91
 83  89
 83  94
