# n=100 p=0.020 seed=4035
  2  88
  3   6
  3  74
  3  87
  4   6
  4  42
  4  62
  5  38
  5  65
  7  14
  8  48
  9  12
  9  13
  9  50
  9  57
 10  21
 10  70
 10  94
 11  90
 12  32
 12  58
 12  66
 12  96
 13  22
 13  32
 13  37
 14  17
 14  60
 17  79
 18  48
 18  63
 18  93
 19  97
 20  28
 20  51
 20  99
 21  97
 23  83
 24  31
 24  56
 26  28
 26  93
 28  30
 29  51
 29  66
 30  45
 31  43
 31  49
 31  53
 31  64
 32  57
 32  62
 32  80
 33  52
 33  85
 33  90
 36  77
 37  99
 38  63
 38  78
 39  51
 39  60
 40  83
 40  92
 40  97
 41  95
 42  58
 47  48
 47  53
 48  51
 48  52
 48  99
 50  58
 50  73
 51  80
 52  61
 52  64
 57  96
 58  73
 58  82
 58  98
 60  98
 63  82
 66  86
 67  92
 68  94
 82  95
 83  90
 88  91
