# n=100 p=0.020 seed=4053
  0  13
  0  15
  3  18
  3  63
  3  88
  4  29
  4  85
  4  93
  5   9
  5  25
  5  33
  5  45
  5  62
  5  71
  5  96
  6   8
  6  93
  6  97
  8  39
  8  58
  9  55
  9  85
 11  88
 12  24
 12  41
 13  14
 13  79
 14  86
 15  93
 16  36
 16  37
 16  46
 16  57
 16  85
 17  51
 17  96
 18  31
 18  99
 20  25
 20  77
 21  67
 23  34
 23  78
 24  63
 26  54
 26  64
 26  96
 27  49
 29  36
 29  43
 30  95
 31  43
 31  55
 31  94
 33  37
 33  61
 33  73
 35  43
 35  54
 36  80
 37  59
 39  57
 39  72
 39  88
 40  88
 41  85
 42  64
 43  89
 44  94
 45  48
 45  49
 48  77
 51  79
 51  98
 53  66
 53  98
 54  94
 56  84
 56  86
 57  72
 57  75
 60  65
 62  72
 65  73
 65  77
 68  85
 71  90
 74  93
 75  79
 83  88
 84  91
 86  87
 86  93
