# n=100 p=0.020 seed=4010
  0   9
  0  10
  0  19
  0  32
  1  35
  1  47
  2   6
  3  58
  5  17
  6  23
  6  61
  7  33
  8   9
  8  47
  8  62
  9  12
  9  13
  9  79
  9  80
 10  52
 11  81
 11  86
 12  26
 12  49
 12  91
 13  53
 13  58
 13  71
 14  45
 14  90
 15  34
 15  37
 15  74
 16  55
 16  70
 16  77
 17  30
 18  70
 18  97
 21  93
 22  42
 22  88
 23  30
 23  37
 23  66
 23  94
 24  55
 24  66
 24  67
 24  80
 25  80
 25  99
 26  83
 27  92
 28  80
 29  38
 29  41
 29  78
 29  89
 30  91
 31  68
 32  42
 32  78
 33  51
 33  54
 33  68
 34  48
 34  75
 35  55
 36  87
 37  40
 37  58
 37  90
 38  46
 38  57
 38  63
 40  51
 40  98
 41  93
 42  80
 44  52
 44  58
 46  83
 46  91
 47  72
 49  70
 49  87
 50  70
 50  73
 51  52
 51  67
 51  93
 53  76
 53  80
 54  86
 55  62
 55  80
 55  91
 55  96
 56  60
 57  66
 59  95
 60  82
 62  71
 64  73
 64  78
 64  86
 66  94
 66  98
 67  78
 67  90
 69  94
 72  79
 75  77
 76  94
 90  97
 91  94
 93  99
