# n=100 p=0.020 seed=4083
  0  31
  0  50
  0  62
  0  78
  0  97
  1   3
  1  25
  1  55
  2  51
  2  67
  4  39
  4  95
  5  59
  6  18
  6  86
  6  87
  6  93
  7  12
  7  48
  7  58
  7  90
  8  69
  8  87
  9  46
  9  48
  9  82
 10  16
 10  31
 10  35
 11  28
 11  49
 12  13
 12  34
 12  56
 12  82
 13  24
 13  39
 13  69
 14  52
 15  26
 15  30
 15  40
 15  73
 16  35
 16  45
 18  51
 18  79
 18  82
 18  83
 19  30
 19  46
 19  92
 20  96
 21  30
 21  44
 22  25
 22  39
 22  74
 22  89
 23  96
 24  30
 25  30
 25  59
 26  66
 27  62
 27  72
 28  36
 28  80
 28  93
 29  73
 29  80
 29  83
 30  42
 30  45
 30  86
 30  89
 31  83
 31  94
 32  95
 33  43
 33  84
 35  47
 35  74
 37  42
 38  54
 40  68
 43  83
 45  78
 47  83
 47  98
 48  67
 48  74
 49  94
 51  61
 54  59
 54  96
 55  58
 55  81
 57  89
 58  66
 58  89
 60  90
 64  84
 65  90
 66  76
 67  91
 69  84
 69  91
 72  92
 72  94
 73  76
 74  97
 75  92
 76  87
 79  98
 81  94
 82  91
 91  99
 92  93
 96  99
