# n=100 p=0.020 seed=4071
  0  95
  1  72
  1  86
  1  95
  2  22
  2  81
  2  87
  3  38
  5  17
  5  26
  5  77
  6  62
  6  95
  7  32
  7  76
  7  82
  7  85
  8  59
  9  40
 10  36
 10  38
 10  45
 11  58
 12  24
 15  16
 15  68
 17  56
 17  61
 18  57
 18  98
 21  39
 22  67
 22  98
 23  39
 23  72
 24  80
 26  78
 26  79
 26  90
 27  54
 28  59
 28  80
 29  81
 30  86
 31  54
 32  54
 33  73
 34  71
 35  78
 36  76
 37  66
 38  73
 39  67
 39  74
 42  45
 42  86
 43  53
 43  82
 43  85
 43  86
 43  95
 44  69
 46  50
 46  90
 47  92
 48  64
 49  70
 51  75
 60  83
 61  62
 61  93
 64  84
 66  83
 71  95
 73  76
 73  86
 76  80
 78  90
 80  94
 85  96
 86  91
 86  95
 88  90
 90  94
 90  97
