# n=100 p=0.020 seed=4014
  0   1
  0  21
  0  82
  2  50
  2  68
  2  82
  3  11
  3  93
  4  11
  4  93
  8  38
  8  39
  9  10
  9  26
 10  12
 10  25
 10  96
 12  60
 13  33
 13  66
 14  16
 14  22
 15  20
 15  24
 15  46
 15  77
 15  93
 15  99
 16  44
 16  52
 18  22
 18  24
 19  48
 20  50
 20  90
 21  57
 21  99
 22  36
 23  71
 24  29
 25  44
 25  54
 25  74
 25  87
 27  63
 28  97
 29  71
 29  76
 30  32
 30  46
 31  46
 33  94
 34  60
 34  75
 35  46
 37  38
 37  97
 39  75
 40  81
 41  46
 42  92
 43  61
 43  83
 44  48
 44  52
 46  82
 47  76
 49  54
 49  56
 49  93
 50  83
 50  87
 52  60
 53  91
 56  71
 56  77
 59  61
 59  81
 61  68
 61  79
 63  90
 64  90
 65  74
 65  96
 67  99
 68  69
 71  97
 86  93
 90  92
