# n=100 p=0.020 seed=4036
  1  47
  1  61
  2  18
  2  25
  2  39
  2  95
  3  91
  4  51
  5  70
  5  72
  6  87
  6  96
  7  73
  8  26
  8  31
  8  47
  9  17
 11  23
 11  34
 11  53
 11  57
 11  70
 11  71
 11  75
 11  82
 13  50
 14  23
 14  51
 14  56
 15  33
 18  61
 19  48
 21  87
 22  72
 23  34
 23  89
 26  71
 27  40
 27  66
 28  37
 29  39
 30  33
 30  37
 33  44
 33  68
 34  51
 34  58
 34  80
 34  96
 35  39
 35  40
 35  86
 36  71
 36  72
 36  89
 37  90
 39  54
 39  90
 40  91
 41  93
 43  54
 43  75
 45  50
 45  89
 46  84
 49  85
 50  77
 53  63
 53  91
 53  94
 56  78
 56  86
 57  97
 58  65
 58  93
 59  79
 60  69
 60  86
 61  68
 61  72
 61  90
 62  73
 63  71
 63  95
 65  96
 67  82
 67  87
 69  81
 70  80
 70  83
 74  90
 76  86
 81  93
 83  92
 86  99
