# n=100 p=0.020 seed=4096
  0  20
  1  80
  2  25
  2  41
  2  51
  3  39
  4  95
  5  12
  5  35
  6  22
  7   9
  7  21
  7  48
  8  13
  8  55
  8  59
  8  64
  8  65
  8  83
  8  86
 10  96
 11  13
 11  93
 13  47
 14  29
 14  48
 14  49
 14  55
 14  78
 15  30
 15  60
 16  31
 16  64
 16  86
 17  57
 17  99
 18  43
 19  36
 19  43
 19  49
 19  99
 20  63
 22  31
 22  42
 22  65
 23  45
 23  61
 23  65
 24  29
 24  77
 25  35
 27  38
 27  47
 27  72
 30  38
 31  80
 31  81
 33  38
 33  57
 33  64
 34  43
 35  39
 37  83
 38  81
 38  85
 39  40
 39  58
 40  89
 41  85
 43  65
 44  48
 44  73
 45  78
 47  78
 50  96
 51  92
 51  94
 54  73
 54  76
 54  90
 55  87
 58  83
 59  85
 60  70
 61  63
 62  65
 67  98
 68  97
 71  96
 72  73
 73  97
 74  90
 76  80
 78  79
 78  84
 80  93
 87  92
 87  96
 93  97
