# n=100 p=0.020 seed=4045
  0  52
  0  61
  1  17
  1  23
  1  28
  1  43
  1  71
  1  74
  1  93
  4  11
  4  49
  4  77
  5  13
  5  46
  6  42
  6  88
  7   8
  7  66
  8   9
  8  32
  9  63
  9  79
 10  53
 11  87
 11  91
 12  43
 12  68
 12  69
 12  97
 12  98
 13  35
 13  53
 13  54
 14  65
 15  28
 15  39
 15  81
 16  19
 16  49
 16  99
 17  54
 19  28
 19  91
 20  66
 21  40
 21  89
 22  46
 22  99
 23  30
 23  84
 24  75
 25  64
 26  29
 26  64
 28  59
 28  84
 30  62
 30  71
 30  75
 30  98
 31  80
 31  83
 33  65
 33  80
 33  90
 34  37
 34  42
 34  47
 36  98
 38  55
 38  69
 40  92
 43  71
 44  71
 45  80
 48  81
 48  88
 49  58
 49  59
 50  63
 50  75
 51  81
 52  59
 52  84
 52  89
 53  77
 53  96
 54  66
 55  62
 56  92
 57  93
 60  64
 60  91
 63  65
 67  81
 67  97
 71  92
 80  96
 83  91
 86  89
 96  98
