# n=100 p=0.010 seed=3220
  0   3
  1   7
  1  53
  1  78
  2  57
  3   4
  4  44
  4  93
  5  68
  6   9
  6  23
  8  32
  9  45
 10  12
 11  76
 11  80
 12  45
 14  40
 14  54
 17  43
 18  99
 19  25
 20  46
 20  57
 20  95
 21  33
 24  88
 26  32
 26  35
 27  58
 31  46
 31  51
 32  47
 37  68
 37  91
 38  57
 38  91
 39  74
 40  76
 41  68
 42  48
 43  61
 43  75
 43  88
 47  86
 48  76
 50  94
 60  70
 63  91
 64  89
 66  74
 68  79
 71  76
 77  95
 77  96
 82  90
 84  92
 91  94
