# n=100 p=0.010 seed=3228
  0  36
  0  56
  0  68
  0  91
  1  54
  1  84
  2   6
  2  75
  3  20
  5  43
  5  66
  6  99
  8  66
  9  99
 10  71
 11  56
 11  85
 13  58
 15  18
 16  91
 17  86
 19  22
 19  66
 23  45
 24  29
 25  61
 25  75
 26  31
 26  88
 28  46
 28  90
 29  64
 30  47
 30  62
 32  68
 33  36
 36  90
 37  50
 39  88
 41  84
 42  90
 45  82
 46  57
 48  96
 51  60
 53  85
 55  78
 55  96
 56  98
 60  92
 66  91
 72  79
 72  97
 73  94
 75  91
 82  88
 86  96
