24 853
4917 8 1 6 7 9 17 18 23 24
4941 8 1 6 7 9 17 19 23 24
4914 4 1 6 7 9
5361 7 1 6 7 12 17 21 23
4650 7 1 6 7 13 17 23 24
4695 7 1 6 7 14 17 23 24
4776 7 1 6 7 15 17 23 24
5151 7 1 6 7 16 17 23 24
4554 6 1 6 7 17 23 24
4506 6 1 6 7 17 23 24
4200 4 1 6 7 17
4911 3 1 6 7
14259 1 1
4704 6 2 4 9 12 21 22
5115 6 2 4 9 12 21 22
5064 5 2 4 9 12 21
3366 6 2 4 9 13 22 24
4221 5 2 4 9 13 24
3411 6 2 4 9 14 22 24
4266 5 2 4 9 14 24
3474 6 2 4 9 15 22 24
4347 5 2 4 9 15 24
3849 6 2 4 9 16 22 24
4722 5 2 4 9 16 24
4296 6 2 4 9 20 22 24
5151 5 2 4 9 20 24
4260 5 2 4 9 22 24
3270 5 2 4 9 22 24
4203 4 2 4 9 24
4143 4 2 4 9 24
5088 5 2 4 12 21 22
3750 5 2 4 13 22 24
4605 4 2 4 13 24
3795 5 2 4 14 22 24
4650 4 2 4 14 24
3858 5 2 4 15 22 24
4731 4 2 4 15 24
4233 5 2 4 16 22 24
5106 4 2 4 16 24
4680 5 2 4 20 22 24
3654 4 2 4 22 24
4527 3 2 4 24
14298 1 2
4653 6 3 5 9 12 21 22
5064 6 3 5 9 12 21 22
5037 5 3 5 9 12 21
3315 6 3 5 9 13 22 24
4170 5 3 5 9 13 24
3360 6 3 5 9 14 22 24
4215 5 3 5 9 14 24
3423 6 3 5 9 15 22 24
4296 5 3 5 9 15 24
3798 6 3 5 9 16 22 24
4671 5 3 5 9 16 24
4245 6 3 5 9 20 22 24
5100 5 3 5 9 20 24
4209 5 3 5 9 22 24
3219 5 3 5 9 22 24
4092 4 3 5 9 24
4176 4 3 5 9 24
5007 5 3 5 12 21 22
3666 5 3 5 13 22 24
4521 4 3 5 13 24
3711 5 3 5 14 22 24
4566 4 3 5 14 24
3774 5 3 5 15 22 24
4650 4 3 5 15 24
4149 5 3 5 16 22 24
5025 4 3 5 16 24
4596 5 3 5 20 22 24
3564 4 3 5 22 24
4437 3 3 5 24
14283 1 3
14226 1 4
14235 1 5
4596 8 6 7 8 9 11 18 20 24
4617 8 6 7 8 9 11 19 20 24
5046 7 6 7 8 11 12 20 21
5361 7 6 7 8 11 12 20 21
4395 6 6 7 8 11 12 21
4023 7 6 7 8 11 13 20 24
5523 7 6 7 8 11 13 22 24
4068 7 6 7 8 11 14 20 24
4131 7 6 7 8 11 15 20 24
4506 7 6 7 8 11 16 20 24
4191 6 6 7 8 11 20 24
3927 6 6 7 8 11 20 24
4188 4 6 7 8 12
5133 6 6 7 9 10 12 21
4653 7 6 7 9 10 17 18 24
4677 7 6 7 9 10 17 19 24
4278 5 6 7 9 10 24
3705 8 6 7 9 12 17 18 21 23
3726 8 6 7 9 12 17 19 21 23
5295 7 6 7 9 12 17 21 23
5052 7 6 7 9 12 18 21 23
5076 7 6 7 9 12 19 21 23
4599 8 6 7 9 17 18 19 23 24
4599 8 6 7 9 17 18 19 23 24
4599 8 6 7 9 17 18 19 23 24
2847 7 6 7 9 17 18 23 24
2871 7 6 7 9 17 19 23 24
4440 6 6 7 9 17 23 24
4197 6 6 7 9 18 23 24
4218 6 6 7 9 19 23 24
2844 3 6 7 9
5097 6 6 7 10 12 17 21
4242 5 6 7 10 17 24
3657 8 6 7 11 17 20 21 23 24
5157 8 6 7 11 17 21 22 23 24
5004 7 6 7 11 20 21 23 24
4023 7 6 7 12 13 17 21 23
5370 6 6 7 12 13 21 23
4068 7 6 7 12 14 17 21 23
5415 6 6 7 12 14 21 23
4149 7 6 7 12 15 17 21 23
4524 7 6 7 12 16 17 21 23
5019 7 6 7 12 17 18 21 23
5043 7 6 7 12 17 19 21 23
4953 7 6 7 12 17 20 21 23
3927 6 6 7 12 17 21 23
3300 6 6 7 12 17 21 23
4647 5 6 7 12 21 23
2709 7 6 7 13 14 17 23 24
4056 6 6 7 13 14 23 24
2790 7 6 7 13 15 17 23 24
4140 6 6 7 13 15 23 24
3165 7 6 7 13 16 17 23 24
4515 6 6 7 13 16 23 24
3594 7 6 7 13 17 20 23 24
5052 7 6 7 13 17 22 23 24
2586 6 6 7 13 17 23 24
4941 6 6 7 13 20 23 24
3936 5 6 7 13 23 24
2835 7 6 7 14 15 17 23 24
4185 6 6 7 14 15 23 24
3210 7 6 7 14 16 17 23 24
4560 6 6 7 14 16 23 24
3639 7 6 7 14 17 20 23 24
5097 7 6 7 14 17 22 23 24
2631 6 6 7 14 17 23 24
4986 6 6 7 14 20 23 24
3981 5 6 7 14 23 24
3294 7 6 7 15 16 17 23 24
4641 6 6 7 15 16 23 24
3720 7 6 7 15 17 20 23 24
5160 7 6 7 15 17 22 23 24
2715 6 6 7 15 17 23 24
5070 6 6 7 15 20 23 24
4062 5 6 7 15 23 24
4095 7 6 7 16 17 20 23 24
3090 6 6 7 16 17 23 24
5445 6 6 7 16 20 23 24
4437 5 6 7 16 23 24
4164 6 6 7 17 18 23 24
4185 6 6 7 17 19 23 24
3516 6 6 7 17 20 23 24
4956 6 6 7 17 22 23 24
2484 5 6 7 17 23 24
2442 5 6 7 17 23 24
2136 3 6 7 17
4866 5 6 7 20 23 24
3831 4 6 7 23 24
3792 4 6 7 23 24
3192 2 6 7
14082 1 6
14085 1 7
3987 6 8 9 10 12 18 24
4008 6 8 9 10 12 19 24
2973 7 8 9 11 12 18 20 21
4293 7 8 9 11 12 18 21 22
4338 6 8 9 11 12 18 21
2997 7 8 9 11 12 19 20 21
4317 7 8 9 11 12 19 21 22
4359 6 8 9 11 12 19 21
4563 6 8 9 11 12 20 21
4104 7 8 9 11 17 18 20 24
5424 7 8 9 11 17 18 22 24
4128 7 8 9 11 17 19 20 24
5448 7 8 9 11 17 19 22 24
3858 7 8 9 11 18 19 20 24
3861 7 8 9 11 18 19 20 24
5178 7 8 9 11 18 19 22 24
5178 7 8 9 11 18 19 22 24
5229 6 8 9 11 18 19 24
2118 6 8 9 11 18 20 24
3438 6 8 9 11 18 22 24
3480 5 8 9 11 18 24
2139 6 8 9 11 19 20 24
3459 6 8 9 11 19 22 24
3504 5 8 9 11 19 24
3711 5 8 9 11 20 24
5031 5 8 9 11 22 24
5073 4 8 9 11 24
4179 7 8 9 12 17 18 23 24
4200 7 8 9 12 17 19 23 24
3930 7 8 9 12 18 19 23 24
3930 7 8 9 12 18 19 23 24
3780 6 8 10 11 12 21 24
5298 5 8 10 12 18 24
5322 5 8 10 12 19 24
3573 4 8 10 12 24
2265 6 8 11 12 13 20 21
3765 6 8 11 12 13 21 22
4620 5 8 11 12 13 21
2310 6 8 11 12 14 20 21
3810 6 8 11 12 14 21 22
4665 5 8 11 12 14 21
2373 6 8 11 12 15 20 21
3873 6 8 11 12 15 21 22
4749 5 8 11 12 15 21
2748 6 8 11 12 16 20 21
4248 6 8 11 12 16 21 22
5124 5 8 11 12 16 21
4557 6 8 11 12 17 20 21
3972 7 8 11 12 17 21 23 24
4287 6 8 11 12 18 20 21
3702 7 8 11 12 18 21 23 24
4308 6 8 11 12 19 20 21
3726 7 8 11 12 19 21 23 24
4635 6 8 11 12 20 21 22
2163 5 8 11 12 20 21
2565 5 8 11 12 20 21
3663 5 8 11 12 21 22
3885 5 8 11 12 21 22
5292 6 8 11 12 21 23 24
4518 4 8 11 12 21
3930 4 8 11 12 21
1632 4 8 11 12 21
2454 6 8 11 13 14 22 24
3309 5 8 11 13 14 24
2535 6 8 11 13 15 22 24
3390 5 8 11 13 15 24
2064 6 8 11 13 16 20 24
2910 6 8 11 13 16 22 24
3765 5 8 11 13 16 24
3357 6 8 11 13 20 22 24
3297 6 8 11 13 20 22 24
1830 5 8 11 13 20 24
2325 5 8 11 13 22 24
3180 4 8 11 13 24
2580 6 8 11 14 15 22 24
3435 5 8 11 14 15 24
2064 6 8 11 14 16 20 24
2955 6 8 11 14 16 22 24
3810 5 8 11 14 16 24
3342 6 8 11 14 20 22 24
3342 6 8 11 14 20 22 24
1830 5 8 11 14 20 24
2370 5 8 11 14 22 24
3225 4 8 11 14 24
2043 6 8 11 15 16 20 24
3018 6 8 11 15 16 22 24
3894 5 8 11 15 16 24
3405 6 8 11 15 20 22 24
3465 6 8 11 15 20 22 24
4311 5 8 11 15 20 24
1809 5 8 11 15 20 24
2433 5 8 11 15 22 24
3306 4 8 11 15 24
3780 6 8 11 16 20 22 24
3780 6 8 11 16 20 22 24
1809 5 8 11 16 20 24
2808 5 8 11 16 22 24
3681 4 8 11 16 24
3702 5 8 11 17 20 24
5022 5 8 11 17 22 24
5067 4 8 11 17 24
5172 6 8 11 18 19 20 24
3429 5 8 11 18 20 24
4749 5 8 11 18 22 24
4794 4 8 11 18 24
3453 5 8 11 19 20 24
4773 5 8 11 19 22 24
4815 4 8 11 19 24
3195 5 8 11 20 22 24
1713 4 8 11 20 24
1575 4 8 11 20 24
2229 4 8 11 22 24
3024 4 8 11 22 24
3075 3 8 11 24
3102 3 8 11 24
3765 5 8 12 17 23 24
5247 6 8 12 18 19 23 24
5244 6 8 12 18 19 23 24
3495 5 8 12 18 23 24
3519 5 8 12 19 23 24
5085 4 8 12 23 24
1335 2 8 12
14172 1 8
3021 6 9 10 12 17 18 21
3045 6 9 10 12 17 19 21
4611 5 9 10 12 17 21
2775 6 9 10 12 18 19 21
2778 6 9 10 12 18 19 21
1035 5 9 10 12 18 21
4341 5 9 10 12 18 21
1056 5 9 10 12 19 21
4368 5 9 10 12 19 21
2625 4 9 10 12 21
3915 6 9 10 17 18 19 24
3915 6 9 10 17 18 19 24
3915 6 9 10 17 18 19 24
2166 5 9 10 17 18 24
2187 5 9 10 17 19 24
3759 4 9 10 17 24
5238 5 9 10 18 19 24
5238 5 9 10 18 19 24
1917 5 9 10 18 19 24
5235 5 9 10 18 19 24
1917 5 9 10 18 19 24
666 4 9 10 18 24
3489 4 9 10 18 24
666 4 9 10 19 24
3510 4 9 10 19 24
1770 3 9 10 24
2967 7 9 12 17 18 19 21 23
2967 7 9 12 17 18 19 21 23
4533 6 9 12 17 18 21 23
1224 6 9 12 17 18 21 23
4533 6 9 12 17 18 21 23
1245 6 9 12 17 19 21 23
4557 6 9 12 17 19 21 23
2814 5 9 12 17 21 23
4287 6 9 12 18 19 21 23
975 6 9 12 18 19 21 23
975 6 9 12 18 19 21 23
2544 5 9 12 18 21 23
2565 5 9 12 19 21 23
4137 4 9 12 21 23
2109 6 9 17 18 19 23 24
2109 6 9 17 18 19 23 24
3681 5 9 17 18 23 24
711 5 9 17 18 23 24
3699 5 9 17 19 23 24
711 5 9 17 19 23 24
1959 4 9 17 23 24
711 5 9 18 19 23 24
3429 5 9 18 19 23 24
3429 5 9 18 19 23 24
3432 5 9 18 19 23 24
1689 4 9 18 23 24
1689 4 9 18 23 24
183 2 9 18
1713 4 9 19 23 24
183 2 9 19
3282 3 9 23 24
630 1 9
1542 6 10 11 13 21 22 24
2397 5 10 11 13 21 24
1587 6 10 11 14 21 22 24
2442 5 10 11 14 21 24
1650 6 10 11 15 21 22 24
2526 5 10 11 15 21 24
2025 6 10 11 16 21 22 24
2901 5 10 11 16 21 24
2472 6 10 11 20 21 22 24
2412 6 10 11 20 21 22 24
810 5 10 11 20 21 24
3327 5 10 11 20 21 24
1446 5 10 11 21 22 24
4788 5 10 11 21 22 24
2322 4 10 11 21 24
1320 5 10 12 13 20 21
2778 5 10 12 13 21 22
822 4 10 12 13 21
1365 5 10 12 14 20 21
2823 5 10 12 14 21 22
822 4 10 12 14 21
1446 5 10 12 15 20 21
2886 5 10 12 15 21 22
804 4 10 12 15 21
1821 5 10 12 16 20 21
3261 5 10 12 16 21 22
804 4 10 12 16 21
4338 5 10 12 17 18 21
4359 5 10 12 17 19 21
2616 4 10 12 17 21
4089 5 10 12 18 19 21
2346 4 10 12 18 21
2370 4 10 12 19 21
3708 5 10 12 20 21 22
1242 4 10 12 20 21
2682 4 10 12 21 22
3987 3 10 12 21
570 3 10 12 21
627 3 10 12 21
2058 5 10 13 14 22 24
2058 5 10 13 14 22 24
807 4 10 13 14 24
2058 5 10 13 15 22 24
2058 5 10 13 15 22 24
807 4 10 13 15 24
807 4 10 13 15 24
2451 4 10 13 15 24
2058 5 10 13 16 22 24
807 4 10 13 16 24
807 4 10 13 16 24
2349 5 10 13 20 22 24
2349 5 10 13 20 22 24
807 4 10 13 20 24
825 4 10 13 20 24
1824 4 10 13 22 24
4713 4 10 13 22 24
573 3 10 13 24
2058 5 10 14 15 22 24
2058 5 10 14 15 22 24
2496 4 10 14 15 24
807 4 10 14 15 24
2058 5 10 14 16 22 24
2058 5 10 14 16 22 24
2058 5 10 14 16 22 24
807 4 10 14 16 24
807 4 10 14 16 24
2871 4 10 14 16 24
2415 5 10 14 20 22 24
2394 5 10 14 20 22 24
825 4 10 14 20 24
807 4 10 14 20 24
1824 4 10 14 22 24
573 3 10 14 24
2037 5 10 15 16 22 24
2037 5 10 15 16 22 24
786 4 10 15 16 24
786 4 10 15 16 24
2934 4 10 15 16 24
2478 5 10 15 20 22 24
2478 5 10 15 20 22 24
807 4 10 15 20 24
807 4 10 15 20 24
1803 4 10 15 22 24
552 3 10 15 24
2853 5 10 16 20 22 24
2853 5 10 16 20 22 24
807 4 10 16 20 24
807 4 10 16 20 24
1827 4 10 16 22 24
1827 4 10 16 22 24
552 3 10 16 24
5232 5 10 17 18 19 24
3480 4 10 17 18 24
3504 4 10 17 19 24
1764 3 10 17 24
3234 4 10 18 19 24
1491 3 10 18 24
1512 3 10 19 24
2274 4 10 20 22 24
573 3 10 20 24
1569 3 10 22 24
318 2 10 24
366 2 10 24
2151 2 10 24
15342 1 10
2466 7 11 13 17 21 22 23 24
3321 6 11 13 17 21 23 24
2469 7 11 13 18 21 22 23 24
3324 6 11 13 18 21 23 24
2493 7 11 13 19 21 22 23 24
3348 6 11 13 19 21 23 24
2061 6 11 13 20 21 23 24
2961 6 11 13 21 22 23 24
3816 5 11 13 21 23 24
2511 7 11 14 17 21 22 23 24
3366 6 11 14 17 21 23 24
2514 7 11 14 18 21 22 23 24
3369 6 11 14 18 21 23 24
2538 7 11 14 19 21 22 23 24
3393 6 11 14 19 21 23 24
2061 6 11 14 20 21 23 24
3006 6 11 14 21 22 23 24
3861 5 11 14 21 23 24
2574 7 11 15 17 21 22 23 24
3450 6 11 15 17 21 23 24
2577 7 11 15 18 21 22 23 24
3453 6 11 15 18 21 23 24
2601 7 11 15 19 21 22 23 24
3474 6 11 15 19 21 23 24
2040 6 11 15 20 21 23 24
3069 6 11 15 21 22 23 24
3942 5 11 15 21 23 24
2949 7 11 16 17 21 22 23 24
3825 6 11 16 17 21 23 24
2952 7 11 16 18 21 22 23 24
3828 6 11 16 18 21 23 24
2976 7 11 16 19 21 22 23 24
3849 6 11 16 19 21 23 24
2040 6 11 16 20 21 23 24
3444 6 11 16 21 22 23 24
4317 5 11 16 21 23 24
3336 7 11 17 20 21 22 23 24
3336 7 11 17 20 21 22 23 24
885 6 11 17 20 21 23 24
4233 6 11 17 20 21 23 24
2364 6 11 17 21 22 23 24
3237 5 11 17 21 23 24
3339 7 11 18 20 21 22 23 24
897 6 11 18 20 21 23 24
4254 6 11 18 20 21 23 24
2367 6 11 18 21 22 23 24
3240 5 11 18 21 23 24
3363 7 11 19 20 21 22 23 24
3363 7 11 19 20 21 22 23 24
918 6 11 19 20 21 23 24
4296 6 11 19 20 21 23 24
2388 6 11 19 21 22 23 24
3264 5 11 19 21 23 24
3891 6 11 20 21 22 23 24
3831 6 11 20 21 22 23 24
4725 5 11 20 21 23 24
1806 5 11 20 21 23 24
333 3 11 20 21
2865 5 11 21 22 23 24
639 3 11 21 22
3738 4 11 21 23 24
1305 2 11 21
14169 1 11
2055 5 12 13 14 21 23
2055 5 12 13 15 21 23
1815 6 12 13 16 17 21 23
2310 5 12 13 16 21 23
2244 6 12 13 17 20 21 23
3702 6 12 13 17 21 22 23
1230 5 12 13 17 21 23
2247 6 12 13 18 20 21 23
3705 6 12 13 18 21 22 23
1233 5 12 13 18 21 23
2268 6 12 13 19 20 21 23
3729 6 12 13 19 21 22 23
1254 5 12 13 19 21 23
2736 5 12 13 20 21 23
4197 5 12 13 21 22 23
1821 4 12 13 21 23
2055 5 12 14 15 21 23
1860 6 12 14 16 17 21 23
1863 6 12 14 16 18 21 23
1887 6 12 14 16 19 21 23
2355 5 12 14 16 21 23
2289 6 12 14 17 20 21 23
3747 6 12 14 17 21 22 23
1275 5 12 14 17 21 23
2292 6 12 14 18 20 21 23
3750 6 12 14 18 21 22 23
1278 5 12 14 18 21 23
2313 6 12 14 19 20 21 23
3774 6 12 14 19 21 22 23
1299 5 12 14 19 21 23
2781 5 12 14 20 21 23
4242 5 12 14 21 22 23
1821 4 12 14 21 23
1944 6 12 15 16 17 21 23
1947 6 12 15 16 18 21 23
1968 6 12 15 16 19 21 23
2436 5 12 15 16 21 23
2370 6 12 15 17 20 21 23
3810 6 12 15 17 21 22 23
1356 5 12 15 17 21 23
2373 6 12 15 18 20 21 23
3813 6 12 15 18 21 22 23
1359 5 12 15 18 21 23
2397 6 12 15 19 20 21 23
3837 6 12 15 19 21 22 23
1383 5 12 15 19 21 23
2865 5 12 15 20 21 23
4305 5 12 15 21 22 23
1857 4 12 15 21 23
2745 6 12 16 17 20 21 23
4185 6 12 16 17 21 22 23
1731 5 12 16 17 21 23
2748 6 12 16 18 20 21 23
4188 6 12 16 18 21 22 23
1734 5 12 16 18 21 23
2772 6 12 16 19 20 21 23
4212 6 12 16 19 21 22 23
1758 5 12 16 19 21 23
3240 5 12 16 20 21 23
4680 5 12 16 21 22 23
2232 4 12 16 21 23
4281 6 12 17 18 19 21 23
4281 6 12 17 18 19 21 23
2538 5 12 17 18 21 23
2562 5 12 17 19 21 23
4632 6 12 17 20 21 22 23
2160 5 12 17 20 21 23
3600 5 12 17 21 22 23
4128 4 12 17 21 23
1134 4 12 17 21 23
819 4 12 17 21 23
4179 4 12 17 21 23
2292 5 12 18 19 21 23
4635 6 12 18 20 21 22 23
2163 5 12 18 20 21 23
3603 5 12 18 21 22 23
624 4 12 18 21 23
1137 4 12 18 21 23
4659 6 12 19 20 21 22 23
2184 5 12 19 20 21 23
3624 5 12 19 21 22 23
1158 4 12 19 21 23
3882 4 12 19 21 23
645 4 12 19 21 23
5127 5 12 20 21 22 23
2661 4 12 20 21 23
4101 4 12 21 22 23
2139 3 12 21 23
1626 3 12 21 23
14541 1 12
2037 5 13 14 16 23 24
2058 5 13 14 16 23 24
2388 6 13 14 17 22 23 24
882 5 13 14 17 23 24
2412 6 13 14 18 22 23 24
2391 6 13 14 18 22 23 24
894 5 13 14 18 23 24
894 5 13 14 18 23 24
2415 6 13 14 19 22 23 24
2415 6 13 14 19 22 23 24
2415 6 13 14 19 22 23 24
915 5 13 14 19 23 24
915 5 13 14 19 23 24
2037 5 13 14 20 23 24
2037 5 13 14 20 23 24
3054 5 13 14 22 23 24
3054 5 13 14 22 23 24
1803 4 13 14 23 24
2037 5 13 15 16 23 24
2037 5 13 15 16 23 24
2472 6 13 15 17 22 23 24
2472 6 13 15 17 22 23 24
903 5 13 15 17 23 24
3375 5 13 15 17 23 24
882 5 13 15 17 23 24
2475 6 13 15 18 22 23 24
2475 6 13 15 18 22 23 24
894 5 13 15 18 23 24
3378 5 13 15 18 23 24
3399 5 13 15 18 23 24
2517 6 13 15 19 22 23 24
2496 6 13 15 19 22 23 24
915 5 13 15 19 23 24
2037 5 13 15 20 23 24
2076 5 13 15 20 23 24
2058 5 13 15 20 23 24
3054 5 13 15 22 23 24
3054 5 13 15 22 23 24
1803 4 13 15 23 24
3870 4 13 15 23 24
2847 6 13 16 17 22 23 24
2847 6 13 16 17 22 23 24
903 5 13 16 17 23 24
882 5 13 16 17 23 24
2850 6 13 16 18 22 23 24
894 5 13 16 18 23 24
2871 6 13 16 19 22 23 24
2871 6 13 16 19 22 23 24
2871 6 13 16 19 22 23 24
915 5 13 16 19 23 24
936 5 13 16 19 23 24
3795 5 13 16 19 23 24
2058 5 13 16 20 23 24
2037 5 13 16 20 23 24
3360 5 13 16 22 23 24
3339 5 13 16 22 23 24
1803 4 13 16 23 24
4245 4 13 16 23 24
3273 6 13 17 20 22 23 24
3273 6 13 17 20 22 23 24
882 5 13 17 20 23 24
2259 5 13 17 22 23 24
648 4 13 17 23 24
3276 6 13 18 20 22 23 24
3276 6 13 18 20 22 23 24
894 5 13 18 20 23 24
912 5 13 18 20 23 24
2262 5 13 18 22 23 24
660 4 13 18 23 24
3300 6 13 19 20 22 23 24
915 5 13 19 20 23 24
936 5 13 19 20 23 24
2286 5 13 19 22 23 24
681 4 13 19 23 24
3768 5 13 20 22 23 24
3768 5 13 20 22 23 24
3786 5 13 20 22 23 24
1803 4 13 20 23 24
1824 4 13 20 23 24
2820 4 13 22 23 24
1569 3 13 23 24
111 1 13
2058 5 14 15 16 23 24
2037 5 14 15 16 23 24
2517 6 14 15 17 22 23 24
882 5 14 15 17 23 24
2520 6 14 15 18 22 23 24
912 5 14 15 18 23 24
894 5 14 15 18 23 24
2541 6 14 15 19 22 23 24
2541 6 14 15 19 22 23 24
915 5 14 15 19 23 24
936 5 14 15 19 23 24
2037 5 14 15 20 23 24
3054 5 14 15 22 23 24
3054 5 14 15 22 23 24
3933 4 14 15 23 24
1803 4 14 15 23 24
2892 6 14 16 17 22 23 24
2892 6 14 16 17 22 23 24
903 5 14 16 17 23 24
882 5 14 16 17 23 24
2895 6 14 16 18 22 23 24
2895 6 14 16 18 22 23 24
2895 6 14 16 18 22 23 24
912 5 14 16 18 23 24
894 5 14 16 18 23 24
2916 6 14 16 19 22 23 24
2916 6 14 16 19 22 23 24
2916 6 14 16 19 22 23 24
915 5 14 16 19 23 24
3822 5 14 16 19 23 24
2037 5 14 16 20 23 24
3384 5 14 16 22 23 24
1824 4 14 16 23 24
1803 4 14 16 23 24
3339 6 14 17 20 22 23 24
3339 6 14 17 20 22 23 24
3318 6 14 17 20 22 23 24
4224 5 14 17 20 23 24
882 5 14 17 20 23 24
2304 5 14 17 22 23 24
648 4 14 17 23 24
3321 6 14 18 20 22 23 24
3342 6 14 18 20 22 23 24
894 5 14 18 20 23 24
4227 5 14 18 20 23 24
2307 5 14 18 22 23 24
660 4 14 18 23 24
3363 6 14 19 20 22 23 24
3345 6 14 19 20 22 23 24
915 5 14 19 20 23 24
4248 5 14 19 20 23 24
2331 5 14 19 22 23 24
681 4 14 19 23 24
3831 5 14 20 22 23 24
3813 5 14 20 22 23 24
3813 5 14 20 22 23 24
1803 4 14 20 23 24
1824 4 14 20 23 24
2820 4 14 22 23 24
1569 3 14 23 24
111 1 14
2955 6 15 16 17 22 23 24
2955 6 15 16 17 22 23 24
882 5 15 16 17 23 24
2958 6 15 16 18 22 23 24
894 5 15 16 18 23 24
894 5 15 16 18 23 24
2979 6 15 16 19 22 23 24
2979 6 15 16 19 22 23 24
915 5 15 16 19 23 24
915 5 15 16 19 23 24
2058 5 15 16 20 23 24
2037 5 15 16 20 23 24
3447 5 15 16 22 23 24
3447 5 15 16 22 23 24
1803 4 15 16 23 24
3402 6 15 17 20 22 23 24
3402 6 15 17 20 22 23 24
948 5 15 17 20 23 24
927 5 15 17 20 23 24
2367 5 15 17 22 23 24
648 4 15 17 23 24
3405 6 15 18 20 22 23 24
3405 6 15 18 20 22 23 24
930 5 15 18 20 23 24
951 5 15 18 20 23 24
2370 5 15 18 22 23 24
660 4 15 18 23 24
3426 6 15 19 20 22 23 24
3426 6 15 19 20 22 23 24
3426 6 15 19 20 22 23 24
954 5 15 19 20 23 24
2394 5 15 19 22 23 24
681 4 15 19 23 24
3894 5 15 20 22 23 24
3894 5 15 20 22 23 24
4800 4 15 20 23 24
1803 4 15 20 23 24
2868 4 15 22 23 24
1569 3 15 23 24
108 1 15
3777 6 16 17 20 22 23 24
4701 5 16 17 20 23 24
1302 5 16 17 20 23 24
1323 5 16 17 20 23 24
2742 5 16 17 22 23 24
648 4 16 17 23 24
3780 6 16 18 20 22 23 24
3798 6 16 18 20 22 23 24
1305 5 16 18 20 23 24
4704 5 16 18 20 23 24
4683 5 16 18 20 23 24
2745 5 16 18 22 23 24
660 4 16 18 23 24
3801 6 16 19 20 22 23 24
3801 6 16 19 20 22 23 24
1329 5 16 19 20 23 24
2769 5 16 19 22 23 24
681 4 16 19 23 24
4269 5 16 20 22 23 24
4269 5 16 20 22 23 24
1803 4 16 20 23 24
5193 4 16 20 23 24
3243 4 16 22 23 24
1569 3 16 23 24
108 1 16
3426 5 17 18 19 23 24
3426 5 17 18 19 23 24
1683 4 17 18 23 24
1686 4 17 18 23 24
1704 4 17 19 23 24
5016 4 17 19 23 24
3189 5 17 20 22 23 24
723 4 17 20 23 24
2163 4 17 22 23 24
414 3 17 23 24
396 3 17 23 24
618 1 17
4746 4 18 19 23 24
4746 4 18 19 23 24
1434 4 18 19 23 24
3192 5 18 20 22 23 24
726 4 18 20 23 24
2166 4 18 22 23 24
3072 3 18 23 24
3036 3 18 23 24
405 3 18 23 24
411 3 18 23 24
351 1 18
3216 5 19 20 22 23 24
750 4 19 20 23 24
2190 4 19 22 23 24
429 3 19 23 24
435 3 19 23 24
375 1 19
3690 4 20 22 23 24
1569 3 20 23 24
102 1 20
14892 1 21
2658 3 22 23 24
1077 1 22
1368 2 23 24
1317 2 23 24
14169 1 23
15210 1 24
68271
