20 1217
3850 7 1 3 8 11 14 19 20
4488 6 1 3 8 11 14 20
4014 7 1 3 8 11 15 19 20
4652 6 1 3 8 11 15 20
3784 7 1 3 8 14 16 19 20
4408 6 1 3 8 14 16 20
3946 7 1 3 8 15 16 19 20
4572 6 1 3 8 15 16 20
5202 4 1 3 8 19
4080 4 1 3 12 19
4916 5 1 4 6 10 19
5206 4 1 4 6 10
3928 7 1 4 8 10 11 13 15
4012 7 1 4 8 10 13 14 16
4042 7 1 4 8 10 13 15 16
4284 8 1 4 8 11 13 14 15 19
4896 7 1 4 8 11 13 14 15
4322 8 1 4 8 13 14 15 16 19
2370 7 1 4 8 13 14 15 16
4970 7 1 4 8 13 14 15 16
3808 7 1 4 10 11 14 16 20
3810 7 1 4 10 11 15 16 20
3632 4 1 4 10 11
4870 4 1 4 10 11
3318 4 1 4 10 16
4040 8 1 4 11 14 15 16 19 20
2136 7 1 4 11 14 15 16 20
4734 7 1 4 11 14 15 16 20
5232 5 1 4 11 14 19
3230 4 1 4 11 14
5396 5 1 4 11 15 19
3400 4 1 4 11 15
5124 5 1 4 15 16 19
1828 6 1 6 7 10 18 20
1982 6 1 6 9 10 19 20
2714 5 1 6 9 10 20
3996 6 1 6 9 14 19 20
4726 5 1 6 9 14 20
4160 6 1 6 9 15 19 20
4890 5 1 6 9 15 20
2124 5 1 6 10 19 20
2414 4 1 6 10 20
1854 6 1 7 10 12 13 18
4252 6 1 8 9 13 14 19
4930 5 1 8 9 13 14
4416 6 1 8 9 13 15 19
5094 5 1 8 9 13 15
4866 7 1 8 10 11 13 14 20
5028 7 1 8 10 11 13 15 20
4278 8 1 8 10 13 14 16 19 20
3782 7 1 8 10 13 14 16 20
4786 7 1 8 10 13 14 16 20
4440 8 1 8 10 13 15 16 19 20
4154 7 1 8 10 13 15 16 20
5248 7 1 8 10 13 15 16 20
5088 7 1 8 10 13 15 16 20
5470 5 1 8 10 13 19
3494 4 1 8 10 13
3608 4 1 8 10 13
3938 7 1 8 13 14 17 18 19
4564 6 1 8 13 14 17 18
3800 5 1 8 13 14 19
1854 4 1 8 13 14
4448 4 1 8 13 14
4102 7 1 8 13 15 17 18 19
4728 6 1 8 13 15 17 18
3970 5 1 8 13 15 19
4486 4 1 8 13 15
2058 4 1 8 13 15
2680 6 1 9 10 12 13 19
2780 5 1 9 10 12 13
4026 6 1 9 11 14 19 20
4704 5 1 9 11 14 20
4188 6 1 9 11 15 19 20
4866 5 1 9 11 15 20
4788 5 1 9 12 13 14
4950 5 1 9 12 13 15
3958 6 1 9 14 16 19 20
4624 5 1 9 14 16 20
4122 6 1 9 15 16 19 20
4786 5 1 9 15 16 20
4076 3 1 9 19
5238 5 1 10 11 19 20
3260 4 1 10 11 20
3014 6 1 10 12 13 17 18
2488 4 1 10 12 13
3088 4 1 10 16 20
3754 7 1 11 14 17 18 19 20
4380 6 1 11 14 17 18 20
3616 5 1 11 14 19 20
4402 4 1 11 14 20
1622 4 1 11 14 20
3918 7 1 11 15 17 18 19 20
4544 6 1 11 15 17 18 20
3786 5 1 11 15 19 20
4372 4 1 11 15 20
1802 4 1 11 15 20
4634 5 1 14 16 19 20
4968 5 1 15 16 19 20
4350 4 1 17 18 19
194 1 1
4902 4 2 3 12 19
4198 6 2 4 7 10 16 18
2970 7 2 4 7 15 16 18 19
2832 6 2 4 7 15 16 18
4392 6 2 4 9 10 16 19
5084 5 2 4 9 10 16
3026 6 2 4 9 15 16 19
3716 5 2 4 9 15 16
4666 7 2 4 10 16 17 18 19
5318 6 2 4 10 16 17 18
4534 5 2 4 10 16 19
4780 4 2 4 10 16
3518 7 2 4 14 16 17 18 19
4170 6 2 4 14 16 17 18
5512 5 2 4 14 16 19
3300 7 2 4 15 16 17 18 19
3950 6 2 4 15 16 17 18
3168 5 2 4 15 16 19
3412 4 2 4 15 16
2904 5 2 5 6 17 19
3556 4 2 5 6 17
3592 5 2 5 7 11 19
3316 4 2 5 7 11
3824 5 2 5 11 17 19
3944 5 2 5 11 17 19
4474 4 2 5 11 17
3592 5 2 5 16 17 19
3774 5 2 5 16 17 19
3892 4 2 5 16 17
1890 5 2 7 9 18 19
2582 4 2 7 9 18
2910 6 2 7 10 16 18 20
2480 7 2 7 14 16 18 19 20
2366 6 2 7 14 16 18 20
2812 7 2 7 15 16 18 19 20
4078 6 2 7 15 16 18 20
2674 6 2 7 15 16 18 20
2408 4 2 7 18 19
4730 3 2 7 18
2132 3 2 7 18
3686 7 2 8 13 14 17 18 19
4336 6 2 8 13 14 17 18
4018 7 2 8 13 15 17 18 19
4668 6 2 8 13 15 17 18
4164 6 2 9 10 16 19 20
4208 6 2 9 10 16 19 20
3694 6 2 9 10 16 19 20
4386 5 2 9 10 16 20
3152 6 2 9 14 16 19 20
2560 6 2 9 14 16 19 20
3252 5 2 9 14 16 20
3460 6 2 9 15 16 19 20
2868 6 2 9 15 16 19 20
3560 5 2 9 15 16 20
2498 5 2 9 17 18 19
2498 5 2 9 17 18 19
3150 4 2 9 17 18
2326 3 2 9 19
2918 3 2 9 19
3018 2 2 9
3378 7 2 10 16 17 18 19 20
4030 6 2 10 16 17 18 20
5132 6 2 10 16 17 18 20
3246 5 2 10 16 19 20
3936 4 2 10 16 20
3482 7 2 11 14 17 18 19 20
4134 6 2 11 14 17 18 20
3816 7 2 11 15 17 18 19 20
4466 6 2 11 15 17 18 20
2834 7 2 14 16 17 18 19 20
1758 7 2 14 16 17 18 19 20
4366 7 2 14 16 17 18 19 20
3016 7 2 14 16 17 18 19 20
5014 6 2 14 16 17 18 20
2410 6 2 14 16 17 18 20
2696 5 2 14 16 19 20
4292 5 2 14 16 19 20
2946 4 2 14 16 20
4530 7 2 15 16 17 18 19 20
1928 7 2 15 16 17 18 19 20
4504 7 2 15 16 17 18 19 20
4504 7 2 15 16 17 18 19 20
3142 7 2 15 16 17 18 19 20
3648 6 2 15 16 17 18 20
2578 6 2 15 16 17 18 20
3794 6 2 15 16 17 18 20
3392 5 2 15 16 19 20
3010 5 2 15 16 19 20
4462 5 2 15 16 19 20
3256 4 2 15 16 20
2600 4 2 17 18 19
3252 3 2 17 18
2468 2 2 19
2714 1 2
2408 8 3 4 5 11 12 15 16 17
4724 6 3 4 6 12 15 19
4218 9 3 4 8 11 14 15 16 19 20
4856 8 3 4 8 11 14 15 16 20
5314 6 3 4 8 11 14 19
4472 9 3 4 8 12 13 14 15 16 19
5120 8 3 4 8 12 13 14 15 16
5392 6 3 4 8 14 16 19
4010 7 3 4 9 11 12 15 19
3688 7 3 4 9 12 15 16 19
5026 5 3 4 10 11 12
5092 5 3 4 10 12 16
4294 9 3 4 11 12 14 15 16 19 20
4892 8 3 4 11 12 14 15 16 20
3504 7 3 4 11 12 14 17 18
5388 6 3 4 11 12 14 19
3668 7 3 4 11 12 15 17 18
3570 7 3 4 12 14 16 17 18
5454 6 3 4 12 14 16 19
3734 7 3 4 12 15 16 17 18
1936 6 3 5 6 7 12 19
2222 5 3 5 6 7 12
3748 6 3 5 6 8 17 19
1356 7 3 5 6 9 12 17 19
1650 6 3 5 6 9 12 17
2626 6 3 5 6 12 17 19
3158 6 3 5 6 12 17 19
1060 6 3 5 6 12 17 19
1620 5 3 5 6 12 17
3360 5 3 5 6 12 17
2842 6 3 5 7 11 12 19
662 5 3 5 7 11 12
662 5 3 5 7 11 12
2908 5 3 5 7 12 16
2224 8 3 5 8 12 13 14 16 17
2598 8 3 5 8 12 13 15 16 17
2022 8 3 5 11 12 14 16 17 20
2394 8 3 5 11 12 15 16 17 20
4040 6 3 5 11 12 17 19
1882 5 3 5 11 12 17
1762 5 3 5 11 12 17
4278 5 3 5 11 12 17
3808 6 3 5 12 16 17 19
1630 5 3 5 12 16 17
2666 8 3 6 7 10 12 18 19 20
4910 7 3 6 8 9 10 19 20
4420 6 3 6 8 10 19 20
3592 7 3 6 9 10 12 19 20
3824 8 3 6 10 12 17 18 19 20
3300 6 3 6 10 12 19 20
2650 8 3 6 12 14 17 18 19 20
2934 7 3 6 12 14 17 18 20
4348 6 3 6 12 14 19 20
2982 8 3 6 12 15 17 18 19 20
3268 7 3 6 12 15 17 18 20
4656 6 3 6 12 15 19 20
2578 7 3 7 8 10 12 13 18
2892 8 3 7 8 12 13 14 18 19
3084 7 3 7 8 12 13 14 18
3054 8 3 7 8 12 13 15 18 19
3696 7 3 7 8 12 13 15 18
3416 7 3 7 8 12 13 15 18
1748 6 3 7 9 12 18 19
1902 5 3 7 9 12 18
2352 7 3 7 10 11 12 18 20
2272 7 3 7 10 12 16 18 20
2714 8 3 7 11 12 14 18 19 20
2882 7 3 7 11 12 14 18 20
3312 7 3 7 11 12 14 18 20
2876 8 3 7 11 12 15 18 19 20
3214 7 3 7 11 12 15 18 20
3518 7 3 7 11 12 15 18 20
2634 8 3 7 12 14 16 18 19 20
2416 7 3 7 12 14 16 18 20
2796 8 3 7 12 15 16 18 19 20
2748 7 3 7 12 15 16 18 20
3396 7 3 7 12 15 16 18 20
1658 5 3 7 12 18 19
4282 5 3 7 12 18 19
1978 4 3 7 12 18
1998 4 3 7 12 18
536 4 3 7 12 18
3354 7 3 8 9 10 12 13 19
4044 6 3 8 9 10 12 13
3866 7 3 8 9 12 13 14 19
4316 7 3 8 9 12 13 14 19
5006 6 3 8 9 12 13 14
4200 7 3 8 9 12 13 15 19
5168 6 3 8 9 12 13 15
3532 6 3 8 9 17 18 19
3502 4 3 8 9 19
5324 6 3 8 10 11 19 20
4428 9 3 8 10 12 13 14 16 19 20
5026 8 3 8 10 12 13 14 16 20
4592 9 3 8 10 12 13 15 16 19 20
5240 8 3 8 10 12 13 15 16 20
3688 7 3 8 10 12 13 17 18
3644 5 3 8 10 12 13
5258 6 3 8 10 16 19 20
3862 8 3 8 11 14 17 18 19 20
4500 7 3 8 11 14 17 18 20
3698 6 3 8 11 14 19 20
4336 5 3 8 11 14 20
4026 8 3 8 11 15 17 18 19 20
4664 7 3 8 11 15 17 18 20
3868 6 3 8 11 15 19 20
4506 5 3 8 11 15 20
1982 10 3 8 12 13 14 15 16 17 18 20
3902 8 3 8 12 13 14 17 18 19
1624 7 3 8 12 13 14 17 18
4200 7 3 8 12 13 14 17 18
3952 6 3 8 12 13 14 19
4600 5 3 8 12 13 14
4116 8 3 8 12 13 15 17 18 19
4214 8 3 8 12 13 15 17 18 19
4474 7 3 8 12 13 15 17 18
1956 7 3 8 12 13 15 17 18
4120 6 3 8 12 13 15 19
4768 5 3 8 12 13 15
3782 8 3 8 14 16 17 18 19 20
4420 7 3 8 14 16 17 18 20
3632 6 3 8 14 16 19 20
4256 5 3 8 14 16 20
3946 8 3 8 15 16 17 18 19 20
4584 7 3 8 15 16 17 18 20
3800 6 3 8 15 16 19 20
4426 5 3 8 15 16 20
1088 3 3 8 19
1134 2 3 8
3176 7 3 9 10 11 12 19 20
3866 6 3 9 10 11 12 20
3096 7 3 9 10 12 16 19 20
3786 6 3 9 10 12 16 20
4228 7 3 9 11 12 14 19 20
3664 7 3 9 11 12 14 19 20
4828 6 3 9 11 12 14 20
3998 7 3 9 11 12 15 19 20
4990 6 3 9 11 12 15 20
4058 7 3 9 12 14 16 19 20
3198 7 3 9 12 14 16 19 20
4748 6 3 9 12 14 16 20
3530 7 3 9 12 15 16 19 20
4910 6 3 9 12 15 16 20
2410 6 3 9 12 17 18 19
990 6 3 9 12 17 18 19
2860 6 3 9 12 17 18 19
1282 5 3 9 12 17 18
2960 5 3 9 12 17 18
2376 4 3 9 12 19
642 4 3 9 12 19
936 3 3 9 12
3510 7 3 10 11 12 17 18 20
5296 6 3 10 11 12 19 20
5380 6 3 10 11 12 19 20
3416 5 3 10 11 12 20
3430 7 3 10 12 16 17 18 20
5228 6 3 10 12 16 19 20
3336 5 3 10 12 16 20
3872 8 3 11 12 14 17 18 19 20
3700 8 3 11 12 14 17 18 19 20
1422 7 3 11 12 14 17 18 20
1890 7 3 11 12 14 17 18 20
3774 6 3 11 12 14 19 20
4372 5 3 11 12 14 20
4022 8 3 11 12 15 17 18 19 20
3938 8 3 11 12 15 17 18 19 20
2058 7 3 11 12 15 17 18 20
1754 7 3 11 12 15 17 18 20
4352 7 3 11 12 15 17 18 20
4270 7 3 11 12 15 17 18 20
3942 6 3 11 12 15 19 20
4542 5 3 11 12 15 20
3234 8 3 12 14 16 17 18 19 20
3792 8 3 12 14 16 17 18 19 20
3532 7 3 12 14 16 17 18 20
1810 7 3 12 14 16 17 18 20
1044 7 3 12 14 16 17 18 20
3694 6 3 12 14 16 19 20
4292 5 3 12 14 16 20
3566 8 3 12 15 16 17 18 19 20
3870 8 3 12 15 16 17 18 19 20
3886 7 3 12 15 16 17 18 20
1288 7 3 12 15 16 17 18 20
1978 7 3 12 15 16 17 18 20
3862 6 3 12 15 16 19 20
4462 5 3 12 15 16 20
2816 5 3 12 17 18 19
924 4 3 12 17 18
2290 3 3 12 19
970 2 3 12
4540 6 4 5 6 7 10 11
3310 7 4 5 6 7 11 15 19
3172 6 4 5 6 7 11 15
3992 7 4 5 6 11 15 17 19
3324 7 4 5 6 15 16 17 19
3610 6 4 5 6 15 16 17
3980 6 4 5 7 11 15 16
3618 9 4 5 10 11 12 13 15 16 17
3216 7 4 5 11 14 16 17 19
3854 6 4 5 11 14 16 17
3420 7 4 5 11 15 16 17 19
1918 7 4 5 11 15 16 17 19
4618 6 4 5 11 15 16 17
2042 6 4 5 11 15 16 17
3080 7 4 6 7 9 10 18 19
3810 6 4 6 7 9 10 18
1714 7 4 6 7 9 15 18 19
2444 6 4 6 7 9 15 18
3732 8 4 6 7 10 15 16 18 20
3362 5 4 6 7 10 18
2340 9 4 6 7 14 15 16 18 19 20
2128 8 4 6 7 14 15 16 18 20
4190 6 4 6 7 14 18 19
4338 5 4 6 7 14 18
2126 6 4 6 7 15 18 19
4354 6 4 6 7 15 18 19
4614 5 4 6 7 15 18
1994 5 4 6 7 15 18
5036 10 4 6 8 10 13 14 15 16 19 20
5154 8 4 6 9 10 11 15 19 20
3886 8 4 6 9 10 15 16 19 20
4616 7 4 6 9 10 15 16 20
3516 5 4 6 9 10 19
4246 4 4 6 9 10
2334 8 4 6 9 14 15 16 19 20
2894 8 4 6 9 14 15 16 19 20
4424 8 4 6 9 14 15 16 19 20
2994 7 4 6 9 14 15 16 20
4492 5 4 6 9 14 19
5224 4 4 6 9 14
2148 5 4 6 9 15 19
5314 5 4 6 9 15 19
2780 5 4 6 9 15 19
4726 5 4 6 9 15 19
2880 4 4 6 9 15
4664 7 4 6 10 11 15 19 20
3772 7 4 6 10 14 16 19 20
4140 6 4 6 10 14 16 20
4028 7 4 6 10 15 16 19 20
4312 6 4 6 10 15 16 20
3652 4 4 6 10 19
3942 3 4 6 10
2828 7 4 6 14 15 16 19 20
4060 7 4 6 14 15 16 19 20
2406 7 4 6 14 15 16 19 20
5480 7 4 6 14 15 16 19 20
2690 6 4 6 14 15 16 20
5260 6 4 6 14 15 16 20
5170 6 4 6 14 17 18 19
5004 6 4 6 14 17 18 19
5288 5 4 6 14 17 18
4628 4 4 6 14 19
4920 3 4 6 14
5000 6 4 6 15 17 18 19
5406 6 4 6 15 17 18 19
2284 4 4 6 15 19
2576 3 4 6 15
3208 9 4 7 8 13 14 15 16 18 19
3856 8 4 7 8 13 14 15 16 18
3762 5 4 7 10 11 18
3840 5 4 7 10 16 18
3030 9 4 7 11 14 15 16 18 19 20
3630 8 4 7 11 14 15 16 18 20
4124 6 4 7 11 14 18 19
4724 5 4 7 11 14 18
4288 6 4 7 11 15 18 19
4888 5 4 7 11 15 18
2274 9 4 7 12 13 14 15 16 18 19
2136 8 4 7 12 13 14 15 16 18
4202 6 4 7 14 16 18 19
4802 5 4 7 14 16 18
4366 6 4 7 15 16 18 19
4966 5 4 7 15 16 18
4640 8 4 8 9 13 14 15 16 19
4118 8 4 8 9 13 14 15 16 19
5318 7 4 8 9 13 14 15 16
4614 10 4 8 10 11 13 14 15 16 19 20
4602 10 4 8 10 11 13 14 15 16 19 20
5214 9 4 8 10 11 13 14 15 16 20
3170 7 4 8 10 11 13 15 19
3782 6 4 8 10 11 13 15
3068 6 4 8 10 13 14 16
5258 6 4 8 10 13 14 16
3236 7 4 8 10 13 15 16 19
3120 6 4 8 10 13 15 16
4276 9 4 8 11 13 14 15 17 18 19
4914 8 4 8 11 13 14 15 17 18
4138 7 4 8 11 13 14 15 19
4750 6 4 8 11 13 14 15
4302 9 4 8 13 14 15 16 17 18 19
4466 8 4 8 13 14 15 16 17 18
4426 8 4 8 13 14 15 16 17 18
4204 7 4 8 13 14 15 16 19
4186 7 4 8 13 14 15 16 19
1558 7 4 8 13 14 15 16 19
1562 7 4 8 13 14 15 16 19
1396 6 4 8 13 14 15 16
4032 6 4 8 13 14 15 16
1380 6 4 8 13 14 15 16
5220 8 4 9 10 11 12 13 15 19
4534 5 4 9 10 11 19
5224 4 4 9 10 11
4904 8 4 9 10 12 13 15 16 19
4600 5 4 9 10 16 19
5290 4 4 9 10 16
3916 8 4 9 11 14 15 16 19 20
4414 8 4 9 11 14 15 16 19 20
5092 7 4 9 11 14 15 16 20
3776 7 4 9 11 15 17 18 19
3746 5 4 9 11 15 19
2962 8 4 9 12 13 14 15 16 19
3062 7 4 9 12 13 14 15 16
3454 7 4 9 15 16 17 18 19
3426 5 4 9 15 16 19
4670 10 4 10 11 12 13 14 15 16 19 20
5270 9 4 10 11 12 13 14 15 16 20
3882 8 4 10 11 12 13 14 17 18
4046 8 4 10 11 12 13 15 17 18
3086 9 4 10 11 14 16 17 18 19 20
3712 8 4 10 11 14 16 17 18 20
2948 7 4 10 11 14 16 19 20
4980 6 4 10 11 14 16 20
5024 6 4 10 11 14 16 20
3548 6 4 10 11 14 16 20
2866 6 4 10 11 14 16 20
3250 9 4 10 11 15 16 17 18 19 20
3874 8 4 10 11 15 16 17 18 20
2924 7 4 10 11 15 16 19 20
3618 6 4 10 11 15 16 20
2744 6 4 10 11 15 16 20
5396 6 4 10 11 15 16 20
2918 6 4 10 11 15 16 20
4230 6 4 10 11 17 18 19
4868 5 4 10 11 17 18
4098 4 4 10 11 19
2822 3 4 10 11
4716 3 4 10 11
3946 8 4 10 12 13 14 16 17 18
4206 6 4 10 12 13 14 16
4110 8 4 10 12 13 15 16 17 18
4508 6 4 10 12 13 15 16
4308 6 4 10 16 17 18 19
4934 5 4 10 16 17 18
4176 4 4 10 16 19
4782 3 4 10 16
2886 3 4 10 16
3954 9 4 11 14 15 16 17 18 19 20
4140 9 4 11 14 15 16 17 18 19 20
3994 9 4 11 14 15 16 17 18 19 20
4078 8 4 11 14 15 16 17 18 20
4264 8 4 11 14 15 16 17 18 20
4118 8 4 11 14 15 16 17 18 20
3896 7 4 11 14 15 16 19 20
3822 7 4 11 14 15 16 19 20
1356 7 4 11 14 15 16 19 20
3960 7 4 11 14 15 16 19 20
1384 7 4 11 14 15 16 19 20
3830 6 4 11 14 15 16 20
1178 6 4 11 14 15 16 20
1996 6 4 11 14 15 16 20
3596 6 4 11 14 17 18 19
2610 6 4 11 14 17 18 19
3248 5 4 11 14 17 18
5072 4 4 11 14 19
2478 4 4 11 14 19
3090 3 4 11 14
2780 6 4 11 15 17 18 19
5380 6 4 11 15 17 18 19
5378 6 4 11 15 17 18 19
3418 5 4 11 15 17 18
1378 4 4 11 15 19
3792 4 4 11 15 19
1166 3 4 11 15
3432 9 4 12 13 14 15 16 17 18 19
3296 8 4 12 13 14 15 16 17 18
2906 7 4 12 13 14 15 16 19
2770 6 4 12 13 14 15 16
2688 6 4 14 16 17 18 19
5270 6 4 14 16 17 18 19
3312 5 4 14 16 17 18
2556 4 4 14 16 19
3144 4 4 14 16 19
1260 3 4 14 16
2858 6 4 15 16 17 18 19
3608 6 4 15 16 17 18 19
3482 5 4 15 16 17 18
1430 4 4 15 16 19
1218 3 4 15 16
1294 3 4 15 16
2196 7 5 6 7 9 10 11 20
2162 5 5 6 7 9 19
2094 5 5 6 7 9 19
2072 5 5 6 7 9 19
2530 4 5 6 7 9
2448 4 5 6 7 9
1748 6 5 6 7 10 11 20
4400 6 5 6 7 10 11 20
3148 7 5 6 7 10 12 13 19
3438 6 5 6 7 10 12 13
4098 6 5 6 7 10 16 20
2910 7 5 6 7 11 14 19 20
2796 6 5 6 7 11 14 20
3148 7 5 6 7 11 15 19 20
3106 6 5 6 7 11 15 20
3686 6 5 6 7 14 16 20
3890 6 5 6 7 15 16 20
1004 6 5 6 7 17 18 19
2346 6 5 6 7 17 18 19
2350 6 5 6 7 17 18 19
1198 5 5 6 7 17 18
2496 5 5 6 7 17 18
4812 4 5 6 7 19
2126 4 5 6 7 19
5076 3 5 6 7
2416 3 5 6 7
2498 3 5 6 7
3500 7 5 6 8 10 13 17 19
4230 6 5 6 8 10 13 17
3850 7 5 6 8 13 14 17 19
4554 7 5 6 8 13 14 17 19
5192 6 5 6 8 13 14 17
4182 7 5 6 8 13 15 17 19
4624 7 5 6 8 13 15 17 19
5354 6 5 6 8 13 15 17
1860 8 5 6 9 10 12 13 17 19
2358 7 5 6 9 10 12 13 17
1224 5 5 6 9 17 19
2628 5 5 6 9 17 19
2650 5 5 6 9 17 19
1518 4 5 6 9 17
3272 7 5 6 10 11 17 19 20
4002 6 5 6 10 11 17 20
1770 7 5 6 10 12 13 17 19
3356 7 5 6 10 12 13 17 19
4086 6 5 6 10 12 13 17
2054 6 5 6 10 12 13 17
3192 7 5 6 10 16 17 19 20
3922 6 5 6 10 16 17 20
3646 7 5 6 11 14 17 19 20
4234 7 5 6 11 14 17 19 20
4964 6 5 6 11 14 17 20
3980 7 5 6 11 15 17 19 20
4528 7 5 6 11 15 17 19 20
5128 6 5 6 11 15 17 20
3222 7 5 6 12 13 14 17 19
2818 7 5 6 12 13 14 17 19
3156 6 5 6 12 13 14 17
3554 7 5 6 12 13 15 17 19
3126 7 5 6 12 13 15 17 19
3488 6 5 6 12 13 15 17
4154 7 5 6 14 16 17 19 20
2884 7 5 6 14 16 17 19 20
3052 7 5 6 14 16 17 19 20
3170 6 5 6 14 16 17 20
4884 6 5 6 14 16 17 20
4318 7 5 6 15 16 17 19 20
3514 7 5 6 15 16 17 19 20
3424 7 5 6 15 16 17 19 20
3258 7 5 6 15 16 17 19 20
3542 6 5 6 15 16 17 20
2764 4 5 6 17 19
2786 4 5 6 17 19
928 4 5 6 17 19
3054 3 5 6 17
1488 3 5 6 17
2790 6 5 7 8 10 11 13
3152 7 5 7 8 11 13 14 19
3764 6 5 7 8 11 13 14
3316 7 5 7 8 11 13 15 19
3928 6 5 7 8 11 13 15
3798 6 5 7 8 13 14 16
3986 6 5 7 8 13 14 16
4106 6 5 7 8 13 15 16
4170 6 5 7 8 13 15 16
2264 7 5 7 9 10 11 12 13
716 5 5 7 9 11 19
3040 5 5 7 9 11 19
1134 4 5 7 9 11
3568 4 5 7 9 11
3388 4 5 7 9 11
2868 5 5 7 9 16 19
3136 4 5 7 9 16
2642 6 5 7 10 11 12 13
1774 6 5 7 10 11 12 13
2544 6 5 7 10 11 16 20
4126 6 5 7 10 12 13 16
2936 7 5 7 11 12 13 14 19
2824 6 5 7 11 12 13 14
3168 7 5 7 11 12 13 15 19
3132 6 5 7 11 12 13 15
2906 7 5 7 11 14 16 19 20
3518 6 5 7 11 14 16 20
3676 6 5 7 11 14 16 20
3070 7 5 7 11 15 16 19 20
3880 6 5 7 11 15 16 20
3682 6 5 7 11 15 16 20
3550 5 5 7 11 17 18
3358 3 5 7 11
882 3 5 7 11
3706 6 5 7 12 13 14 16
3910 6 5 7 12 13 15 16
3318 5 5 7 16 17 18
3104 3 5 7 16
3298 7 5 8 10 11 13 17 19
3936 6 5 8 10 11 13 17
3502 7 5 8 10 13 16 17 19
4140 6 5 8 10 13 16 17
4272 7 5 8 11 13 14 17 19
4910 6 5 8 11 13 14 17
4436 7 5 8 11 13 15 17 19
4556 7 5 8 11 13 15 17 19
5074 6 5 8 11 13 15 17
1736 7 5 8 13 14 16 17 19
4246 7 5 8 13 14 16 17 19
4370 6 5 8 13 14 16 17
1860 6 5 8 13 14 16 17
4618 7 5 8 13 15 16 17 19
4684 7 5 8 13 15 16 17 19
2038 7 5 8 13 15 16 17 19
2108 7 5 8 13 15 16 17 19
4640 7 5 8 13 15 16 17 19
4630 7 5 8 13 15 16 17 19
5274 6 5 8 13 15 16 17
4808 6 5 8 13 15 16 17
4830 6 5 8 13 15 16 17
2232 6 5 8 13 15 16 17
3874 5 5 9 11 17 19
3642 5 5 9 16 17 19
2872 9 5 10 11 12 13 14 16 17 20
3076 9 5 10 11 12 13 15 16 17 20
3092 6 5 10 11 12 13 17
2972 6 5 10 11 12 13 17
3052 7 5 10 11 16 17 19 20
3678 6 5 10 11 16 17 20
2742 6 5 10 12 13 16 17
4136 7 5 11 12 13 14 17 19
4022 6 5 11 12 13 14 17
4368 7 5 11 12 13 15 17 19
4468 7 5 11 12 13 15 17 19
4330 6 5 11 12 13 15 17
5100 6 5 11 12 13 15 17
1532 7 5 11 14 16 17 19 20
4040 7 5 11 14 16 17 19 20
1602 7 5 11 14 16 17 19 20
4184 7 5 11 14 16 17 19 20
4110 7 5 11 14 16 17 19 20
4132 7 5 11 14 16 17 19 20
4772 6 5 11 14 16 17 20
4234 6 5 11 14 16 17 20
1656 6 5 11 14 16 17 20
2240 6 5 11 14 16 17 20
1810 7 5 11 15 16 17 19 20
4204 7 5 11 15 16 17 19 20
2030 6 5 11 15 16 17 20
4606 6 5 11 15 16 17 20
1266 4 5 11 17 19
3872 4 5 11 17 19
1510 3 5 11 17
1390 3 5 11 17
3124 7 5 12 13 14 16 17 19
3790 6 5 12 13 14 16 17
2324 6 5 12 13 14 16 17
4970 6 5 12 13 14 16 17
3496 7 5 12 13 15 16 17 19
3620 6 5 12 13 15 16 17
2532 6 5 12 13 15 16 17
1304 4 5 16 17 19
3618 4 5 16 17 19
1498 3 5 16 17
4268 8 6 7 8 10 13 14 18 20
4600 8 6 7 8 10 13 15 18 20
2704 7 6 7 9 10 18 19 20
1082 7 6 7 9 10 18 19 20
2906 7 6 7 9 10 18 19 20
2886 7 6 7 9 10 18 19 20
3086 6 6 7 9 10 18 20
1194 6 6 7 9 10 18 20
2294 7 6 7 9 14 18 19 20
2886 7 6 7 9 14 18 19 20
2842 7 6 7 9 14 18 19 20
2406 6 6 7 9 14 18 20
2514 7 6 7 9 15 18 19 20
2738 6 6 7 9 15 18 20
3780 6 6 7 9 15 18 20
4100 6 6 7 10 18 19 20
938 5 6 7 10 18 20
3168 5 6 7 10 18 20
2560 5 6 7 10 18 20
4782 5 6 7 10 18 20
4304 6 6 7 14 18 19 20
2140 6 6 7 14 18 19 20
2520 6 6 7 14 18 19 20
3118 5 6 7 14 18 20
2150 5 6 7 14 18 20
2198 6 6 7 15 18 19 20
4638 6 6 7 15 18 19 20
4664 6 6 7 15 18 19 20
5308 6 6 7 15 18 19 20
2690 6 6 7 15 18 19 20
4546 5 6 7 15 18 20
2482 5 6 7 15 18 20
5012 8 6 8 9 10 13 14 19 20
5344 8 6 8 9 10 13 15 19 20
4654 9 6 8 10 13 14 17 18 19 20
4522 7 6 8 10 13 14 19 20
4986 9 6 8 10 13 15 17 18 19 20
4854 7 6 8 10 13 15 19 20
3472 7 6 9 10 17 18 19 20
1350 5 6 9 10 19 20
1144 5 6 9 10 19 20
1450 4 6 9 10 20
2416 7 6 9 14 17 18 19 20
4026 7 6 9 14 17 18 19 20
2750 7 6 9 14 17 18 19 20
2874 6 6 9 14 17 18 20
2356 5 6 9 14 19 20
3904 5 6 9 14 19 20
3862 5 6 9 14 19 20
3994 5 6 9 14 19 20
2498 4 6 9 14 20
4594 4 6 9 14 20
4232 7 6 9 15 17 18 19 20
2474 7 6 9 15 17 18 19 20
3206 6 6 9 15 17 18 20
2688 5 6 9 15 19 20
2944 5 6 9 15 19 20
5246 5 6 9 15 19 20
2812 4 6 9 15 20
3860 9 6 10 12 13 14 17 18 19 20
4152 8 6 10 12 13 14 17 18 20
4192 9 6 10 12 13 15 17 18 19 20
4484 8 6 10 12 13 15 17 18 20
5192 6 6 10 17 18 19 20
3574 6 6 10 17 18 19 20
860 4 6 10 19 20
1226 3 6 10 20
2444 6 6 14 17 18 19 20
2278 6 6 14 17 18 19 20
3548 6 6 14 17 18 19 20
3678 6 6 14 17 18 19 20
2570 5 6 14 17 18 20
1910 4 6 14 19 20
3416 4 6 14 19 20
2440 3 6 14 20
3848 6 6 15 17 18 19 20
3718 6 6 15 17 18 19 20
2610 6 6 15 17 18 19 20
2902 5 6 15 17 18 20
2218 4 6 15 19 20
2770 3 6 15 20
2412 7 7 8 9 10 13 18 19
2858 6 7 8 9 10 13 18
3044 7 7 8 9 13 14 18 19
3310 6 7 8 9 13 14 18
3258 7 7 8 9 13 15 18 19
3642 6 7 8 9 13 15 18
3936 6 7 8 9 13 15 18
3164 9 7 8 10 13 14 16 18 19 20
3764 8 7 8 10 13 14 16 18 20
3328 9 7 8 10 13 15 16 18 19 20
3926 8 7 8 10 13 15 16 18 20
4356 6 7 8 10 13 18 19
2578 5 7 8 10 13 18
3636 8 7 8 13 14 15 16 18 20
2688 6 7 8 13 14 18 19
5288 6 7 8 13 14 18 19
3280 5 7 8 13 14 18
5476 6 7 8 13 15 18 19
2858 6 7 8 13 15 18 19
5452 6 7 8 13 15 18 19
3500 5 7 8 13 15 18
3506 5 7 8 13 15 18
2162 7 7 9 10 11 18 19 20
2606 6 7 9 10 11 18 20
3014 7 7 9 10 12 13 18 19
2820 6 7 9 10 12 13 18
3114 6 7 9 10 12 13 18
1196 6 7 9 10 12 13 18
1874 7 7 9 10 16 18 19 20
2510 6 7 9 10 16 18 20
2842 7 7 9 11 14 18 19 20
3108 6 7 9 11 14 18 20
3036 7 7 9 11 15 18 19 20
3116 7 7 9 11 15 18 19 20
3440 6 7 9 11 15 18 20
2400 7 7 9 12 13 14 18 19
2410 6 7 9 12 13 14 18
2580 7 7 9 12 13 15 18 19
2740 6 7 9 12 13 15 18
2374 7 7 9 14 16 18 19 20
3470 6 7 9 14 16 18 20
2642 6 7 9 14 16 18 20
3012 7 7 9 15 16 18 19 20
2708 7 7 9 15 16 18 19 20
2974 6 7 9 15 16 18 20
588 4 7 9 18 19
4596 4 7 9 18 19
1006 3 7 9 18
2224 3 7 9 18
3090 9 7 10 11 12 13 14 18 19 20
3690 8 7 10 11 12 13 14 18 20
3254 9 7 10 11 12 13 15 18 19 20
3852 8 7 10 11 12 13 15 18 20
4424 8 7 10 11 12 13 15 18 20
4130 6 7 10 11 18 19 20
2328 5 7 10 11 18 20
4772 5 7 10 11 18 20
3010 9 7 10 12 13 14 16 18 19 20
3318 8 7 10 12 13 14 16 18 20
3274 8 7 10 12 13 14 16 18 20
3610 8 7 10 12 13 14 16 18 20
3174 9 7 10 12 13 15 16 18 19 20
3780 8 7 10 12 13 15 16 18 20
3646 8 7 10 12 13 15 16 18 20
4160 6 7 10 12 13 18 19
860 5 7 10 12 13 18
2482 5 7 10 12 13 18
4062 6 7 10 16 18 19 20
2086 5 7 10 16 18 20
4704 5 7 10 16 18 20
5090 6 7 11 14 18 19 20
2510 6 7 11 14 18 19 20
3076 5 7 11 14 18 20
5278 6 7 11 15 18 19 20
2678 6 7 11 15 18 19 20
5298 6 7 11 15 18 19 20
3278 5 7 11 15 18 20
2302 9 7 12 13 14 15 16 18 19 20
2312 8 7 12 13 14 15 16 18 20
2062 6 7 12 13 14 18 19
3140 5 7 12 13 14 18
2072 5 7 12 13 14 18
2120 6 7 12 13 15 18 19
2710 6 7 12 13 15 18 19
2404 5 7 12 13 15 18
3308 5 7 12 13 15 18
2442 6 7 14 16 18 19 20
5024 6 7 14 16 18 19 20
3084 5 7 14 16 18 20
2610 5 7 14 16 18 20
3042 5 7 14 16 18 20
2612 6 7 15 16 18 19 20
5188 6 7 15 16 18 19 20
2944 5 7 15 16 18 20
3254 5 7 15 16 18 20
754 2 7 18
4548 8 8 9 10 13 14 16 19 20
4590 8 8 9 10 13 14 16 19 20
4536 8 8 9 10 13 14 16 19 20
5226 7 8 9 10 13 14 16 20
4698 8 8 9 10 13 15 16 19 20
4710 8 8 9 10 13 15 16 19 20
5438 7 8 9 10 13 15 16 20
3284 7 8 9 10 13 17 18 19
3974 6 8 9 10 13 17 18
3152 5 8 9 10 13 19
3842 4 8 9 10 13
3962 8 8 9 13 14 15 16 19 20
3736 7 8 9 13 14 17 18 19
3634 7 8 9 13 14 17 18 19
4912 6 8 9 13 14 17 18
4060 5 8 9 13 14 19
3604 5 8 9 13 14 19
4798 4 8 9 13 14
3966 7 8 9 13 15 17 18 19
4360 7 8 9 13 15 17 18 19
4068 7 8 9 13 15 17 18 19
5076 6 8 9 13 15 17 18
3936 5 8 9 13 15 19
4278 5 8 9 13 15 19
4968 4 8 9 13 15
4238 9 8 10 11 13 14 17 18 19 20
4876 8 8 10 11 13 14 17 18 20
4102 7 8 10 11 13 14 19 20
4714 6 8 10 11 13 14 20
4402 9 8 10 11 13 15 17 18 19 20
5040 8 8 10 11 13 15 17 18 20
4270 7 8 10 11 13 15 19 20
4882 6 8 10 11 13 15 20
4158 9 8 10 13 14 16 17 18 19 20
4250 9 8 10 13 14 16 17 18 19 20
4796 8 8 10 13 14 16 17 18 20
4874 8 8 10 13 14 16 17 18 20
4022 7 8 10 13 14 16 19 20
4148 7 8 10 13 14 16 19 20
4712 6 8 10 13 14 16 20
2518 6 8 10 13 14 16 20
4420 9 8 10 13 15 16 17 18 19 20
4322 9 8 10 13 15 16 17 18 19 20
4960 8 8 10 13 15 16 17 18 20
4190 7 8 10 13 15 16 19 20
4282 7 8 10 13 15 16 19 20
2890 6 8 10 13 15 16 20
2848 6 8 10 13 17 18 19
5442 6 8 10 13 17 18 19
3486 5 8 10 13 17 18
2822 4 8 10 13 19
2346 3 8 10 13
1492 9 8 13 14 15 16 17 18 19 20
1532 9 8 13 14 15 16 17 18 19 20
4108 9 8 13 14 15 16 17 18 19 20
4166 8 8 13 14 15 16 17 18 20
1628 8 8 13 14 15 16 17 18 20
1616 7 8 13 14 15 16 19 20
1598 7 8 13 14 15 16 19 20
1608 6 8 13 14 15 16 20
1900 6 8 13 14 15 16 20
1232 6 8 13 14 17 18 19
3690 6 8 13 14 17 18 19
1234 6 8 13 14 17 18 19
3804 6 8 13 14 17 18 19
1428 5 8 13 14 17 18
4442 5 8 13 14 17 18
1356 4 8 13 14 19
1358 4 8 13 14 19
1368 3 8 13 14
3394 3 8 13 14
3942 6 8 13 15 17 18 19
1342 6 8 13 15 17 18 19
3946 6 8 13 15 17 18 19
3950 6 8 13 15 17 18 19
4102 5 8 13 15 17 18
1586 5 8 13 15 17 18
1980 5 8 13 15 17 18
1408 4 8 13 15 19
3806 4 8 13 15 19
1700 3 8 13 15
3708 3 8 13 15
4514 8 9 10 11 12 13 14 19 20
4606 8 9 10 11 12 13 14 19 20
5204 7 9 10 11 12 13 14 20
4678 8 9 10 11 12 13 15 19 20
5368 7 9 10 11 12 13 15 20
3058 7 9 10 11 17 18 19 20
3748 6 9 10 11 17 18 20
2926 5 9 10 11 19 20
3616 4 9 10 11 20
4100 8 9 10 12 13 14 16 19 20
4144 8 9 10 12 13 14 16 19 20
5186 7 9 10 12 13 14 16 20
4200 7 9 10 12 13 14 16 20
4516 8 9 10 12 13 15 16 19 20
4472 8 9 10 12 13 15 16 19 20
4696 8 9 10 12 13 15 16 19 20
4616 7 9 10 12 13 15 16 20
4572 7 9 10 12 13 15 16 20
4152 7 9 10 12 13 17 18 19
3142 7 9 10 12 13 17 18 19
1554 7 9 10 12 13 17 18 19
3832 6 9 10 12 13 17 18
1654 6 9 10 12 13 17 18
1416 5 9 10 12 13 19
3700 4 9 10 12 13
1516 4 9 10 12 13
2978 7 9 10 16 17 18 19 20
3668 6 9 10 16 17 18 20
2846 5 9 10 16 19 20
3536 4 9 10 16 20
4056 7 9 11 14 17 18 19 20
3430 7 9 11 14 17 18 19 20
4070 7 9 11 14 17 18 19 20
4708 6 9 11 14 17 18 20
3402 5 9 11 14 19 20
3892 5 9 11 14 19 20
4570 4 9 11 14 20
4182 7 9 11 15 17 18 19 20
3764 7 9 11 15 17 18 19 20
4872 6 9 11 15 17 18 20
3734 5 9 11 15 19 20
4140 5 9 11 15 19 20
4740 4 9 11 15 20
2868 8 9 12 13 14 15 16 19 20
2804 8 9 12 13 14 15 16 19 20
2968 7 9 12 13 14 15 16 20
4104 7 9 12 13 14 17 18 19
2816 7 9 12 13 14 17 18 19
2602 7 9 12 13 14 17 18 19
2820 6 9 12 13 14 17 18
4988 5 9 12 13 14 19
4056 5 9 12 13 14 19
2464 5 9 12 13 14 19
2564 4 9 12 13 14
3148 7 9 12 13 15 17 18 19
2912 7 9 12 13 15 17 18 19
3148 7 9 12 13 15 17 18 19
4266 7 9 12 13 15 17 18 19
3152 6 9 12 13 15 17 18
4956 6 9 12 13 15 17 18
2780 5 9 12 13 15 19
4134 5 9 12 13 15 19
4224 5 9 12 13 15 19
2880 4 9 12 13 15
3940 7 9 14 16 17 18 19 20
2964 7 9 14 16 17 18 19 20
4628 6 9 14 16 17 18 20
2936 5 9 14 16 19 20
3826 5 9 14 16 19 20
4490 4 9 14 16 20
3298 7 9 15 16 17 18 19 20
4152 7 9 15 16 17 18 19 20
3400 7 9 15 16 17 18 19 20
4102 7 9 15 16 17 18 19 20
4792 6 9 15 16 17 18 20
3970 5 9 15 16 19 20
3268 5 9 15 16 19 20
4660 4 9 15 16 20
858 4 9 17 18 19
956 4 9 17 18 19
1150 3 9 17 18
650 2 9 19
2292 2 9 19
1068 1 9
4248 9 10 11 12 13 14 17 18 19 20
4912 8 10 11 12 13 14 17 18 20
2632 8 10 11 12 13 14 17 18 20
5214 8 10 11 12 13 14 17 18 20
2266 8 10 11 12 13 14 17 18 20
4150 7 10 11 12 13 14 19 20
4750 6 10 11 12 13 14 20
4412 9 10 11 12 13 15 17 18 19 20
2436 8 10 11 12 13 15 17 18 20
5034 8 10 11 12 13 15 17 18 20
4320 7 10 11 12 13 15 19 20
4918 6 10 11 12 13 15 20
2620 6 10 11 17 18 19 20
5220 6 10 11 17 18 19 20
3258 5 10 11 17 18 20
2570 4 10 11 19 20
2214 3 10 11 20
1540 3 10 11 20
4168 9 10 12 13 14 16 17 18 19 20
4176 9 10 12 13 14 16 17 18 19 20
4476 8 10 12 13 14 16 17 18 20
4432 8 10 12 13 14 16 17 18 20
4840 8 10 12 13 14 16 17 18 20
2186 8 10 12 13 14 16 17 18 20
2166 8 10 12 13 14 16 17 18 20
4070 7 10 12 13 14 16 19 20
3950 6 10 12 13 14 16 20
3906 6 10 12 13 14 16 20
4340 9 10 12 13 15 16 17 18 19 20
4332 9 10 12 13 15 16 17 18 19 20
2498 8 10 12 13 15 16 17 18 20
2356 8 10 12 13 15 16 17 18 20
5104 8 10 12 13 15 16 17 18 20
4806 8 10 12 13 15 16 17 18 20
4240 7 10 12 13 15 16 19 20
4280 6 10 12 13 15 16 20
4324 6 10 12 13 15 16 20
5320 6 10 12 13 17 18 19
1750 5 10 12 13 17 18
1294 3 10 12 13
2554 6 10 16 17 18 19 20
5152 6 10 16 17 18 19 20
3178 5 10 16 17 18 20
2416 4 10 16 19 20
4520 3 10 16 20
240 3 10 16 20
4128 9 11 12 13 14 15 17 18 19 20
3990 8 11 12 13 14 15 17 18 20
1032 6 11 14 17 18 19 20
3508 6 11 14 17 18 19 20
1030 6 11 14 17 18 19 20
3582 6 11 14 17 18 19 20
3600 6 11 14 17 18 19 20
4214 5 11 14 17 18 20
1638 5 11 14 17 18 20
1226 5 11 14 17 18 20
3370 4 11 14 19 20
1154 4 11 14 19 20
1166 3 11 14 20
1480 3 11 14 20
3752 6 11 15 17 18 19 20
1164 6 11 15 17 18 19 20
1802 5 11 15 17 18 20
3966 5 11 15 17 18 20
1382 5 11 15 17 18 20
1214 4 11 15 19 20
1208 4 11 15 19 20
1498 3 11 15 20
1644 3 11 15 20
3662 9 12 13 14 15 16 17 18 19 20
2882 9 12 13 14 15 16 17 18 19 20
3006 8 12 13 14 15 16 17 18 20
3548 8 12 13 14 15 16 17 18 20
2756 7 12 13 14 15 16 19 20
2746 6 12 13 14 15 16 20
2524 6 12 13 14 17 18 19
2912 6 12 13 14 17 18 19
2642 5 12 13 14 17 18
1728 5 12 13 14 17 18
2496 4 12 13 14 19
4968 4 12 13 14 19
2506 3 12 13 14
4206 3 12 13 14
2856 6 12 13 15 17 18 19
3244 6 12 13 15 17 18 19
1886 5 12 13 15 17 18
3112 5 12 13 15 17 18
2974 5 12 13 15 17 18
2718 4 12 13 15 19
2838 3 12 13 15
716 6 14 16 17 18 19 20
934 6 14 16 17 18 19 20
910 5 14 16 17 18 20
1558 5 14 16 17 18 20
866 4 14 16 19 20
842 4 14 16 19 20
850 3 14 16 20
200 3 14 16 20
798 6 15 16 17 18 19 20
3704 6 15 16 17 18 19 20
3678 6 15 16 17 18 19 20
3620 5 15 16 17 18 20
916 5 15 16 17 18 20
900 4 15 16 19 20
3364 4 15 16 19 20
234 3 15 16 20
1182 3 15 16 20
598 3 17 18 19
792 2 17 18
996 1 19
5960
