19 294
3384 1 1
6993 2 2 9
2793 2 2 9
2793 2 2 9
5346 2 2 13
5295 4 3 4 7 15
6378 5 3 6 7 8 12
6258 5 3 6 7 11 12
4293 5 3 6 7 11 15
4248 6 3 7 8 12 14 17
6348 5 3 7 8 12 14
6198 5 3 7 11 12 14
4230 5 3 7 11 14 15
5595 5 3 7 12 16 17
3648 5 3 7 15 16 17
5649 4 3 7 15 16
4215 3 3 7 15
630 1 3
6210 6 4 5 6 7 11 12
5592 6 4 5 6 7 11 15
5370 6 4 5 6 9 11 18
3885 4 4 5 6 11
6204 4 4 5 7 12
5595 4 4 5 7 15
5619 6 4 5 9 12 18 19
5001 6 4 5 9 15 18 19
4758 6 4 5 9 16 17 18
6369 5 4 5 9 17 18
5373 4 4 5 9 18
5400 5 4 5 10 12 19
5463 5 4 5 10 13 18
4782 5 4 5 10 15 19
4542 5 4 5 10 16 17
6150 4 4 5 10 17
5157 3 4 5 10
5286 6 4 5 11 12 14 19
5346 6 4 5 11 13 14 18
4665 6 4 5 11 14 15 19
4371 6 4 5 11 14 16 17
5982 5 4 5 11 14 17
5337 4 4 5 11 14
6099 5 4 5 15 16 19
2112 3 4 5 16
3675 2 4 5
5292 5 4 6 7 11 15
6015 6 4 6 9 11 17 18
3369 3 4 6 11
5211 5 4 7 11 14 15
4629 5 4 7 15 16 17
5208 3 4 7 15
4656 6 4 8 13 14 17 18
4587 5 4 8 14 15 19
4296 4 4 8 14 17
4848 5 4 9 15 18 19
5700 4 4 9 17 18
5838 5 4 10 13 17 18
4638 4 4 10 15 19
5532 3 4 10 17
5994 6 4 11 13 14 17 18
4548 5 4 11 14 15 19
5634 4 4 11 14 17
4848 5 4 13 15 18 19
4260 4 4 13 17 18
5967 4 4 15 16 19
5946 4 4 15 16 19
4542 3 4 15 19
2511 3 4 16 17
4014 2 4 17
204 1 4
6345 6 5 6 7 11 15 16
6120 6 5 6 9 11 16 18
4638 4 5 6 11 16
5595 3 5 6 11
6348 4 5 7 15 16
5007 6 5 8 13 14 16 18
4662 4 5 8 14 16
6372 6 5 9 12 16 18 19
5751 6 5 9 15 16 18 19
6054 4 5 9 16 18
6153 5 5 10 12 16 19
6192 5 5 10 13 16 18
5532 5 5 10 15 16 19
6492 4 5 10 15 19
6249 4 5 10 16 17
5883 3 5 10 16
6036 6 5 11 12 14 16 19
6099 6 5 11 13 14 16 18
5418 6 5 11 14 15 16 19
6375 5 5 11 14 15 19
6081 5 5 11 14 16 17
6012 4 5 11 14 16
4611 4 5 13 16 18
3810 2 5 16
5385 1 5
6327 6 6 7 8 11 12 14
5784 4 6 7 8 12
5166 4 6 7 8 15
5382 7 6 7 9 11 12 17 18
4764 7 6 7 9 11 15 17 18
6486 6 6 7 11 12 16 17
2727 4 6 7 11 12
5865 6 6 7 11 15 16 17
5649 5 6 7 11 15 16
2109 4 6 7 11 15
5187 6 6 8 9 12 18 19
4578 6 6 8 9 15 18 19
4338 6 6 8 9 16 17 18
5937 5 6 8 9 17 18
4944 4 6 8 9 18
6291 5 6 8 12 16 19
5682 5 6 8 15 16 19
3459 2 6 8
4323 6 6 9 10 11 17 18
2151 6 6 9 11 12 18 19
1581 6 6 9 11 15 18 19
5919 6 6 9 11 15 18 19
1500 6 6 9 11 16 17 18
2910 5 6 9 11 17 18
1887 4 6 9 11 18
5427 5 6 10 11 16 17
3552 7 6 11 12 13 16 18 19
3234 5 6 11 12 16 19
2931 7 6 11 13 15 16 18 19
4299 6 6 11 13 16 17 18
3306 5 6 11 13 16 18
2625 5 6 11 15 16 19
3981 4 6 11 16 17
2952 3 6 11 16
1083 2 6 11
4011 7 7 8 12 13 14 17 18
5577 6 7 8 12 14 15 19
5583 6 7 8 12 14 16 17
3654 5 7 8 12 14 17
3402 7 7 8 13 14 15 17 18
3033 5 7 8 14 15 17
5058 5 7 9 12 17 18
4449 5 7 9 15 17 18
5196 6 7 10 12 13 17 18
4887 4 7 10 12 17
4587 6 7 10 13 15 17 18
4278 4 7 10 15 17
5361 7 7 11 12 13 14 17 18
5532 6 7 11 12 14 16 17
4992 5 7 11 12 14 17
4740 7 7 11 13 14 15 17 18
3633 6 7 11 14 15 16 17
5568 5 7 11 14 15 16
4383 5 7 11 14 15 17
4233 4 7 11 14 15
3615 5 7 12 13 17 18
2247 4 7 12 16 17
3510 3 7 12 17
2847 2 7 12
5892 6 7 13 15 16 17 18
3009 5 7 13 15 17 18
1671 4 7 15 16 17
5562 3 7 15 16
2931 3 7 15 17
2268 2 7 15
3057 7 8 9 12 14 17 18 19
5901 6 8 9 12 14 18 19
2448 7 8 9 14 15 17 18 19
2814 5 8 9 14 17 18
2841 6 8 10 12 14 17 19
5688 5 8 10 12 14 19
2913 6 8 10 13 14 17 18
2229 6 8 10 14 15 17 19
2595 4 8 10 14 17
5067 6 8 12 13 14 18 19
2070 6 8 12 13 14 18 19
5916 6 8 12 13 14 18 19
5169 6 8 12 13 14 18 19
4158 6 8 12 14 16 17 19
4899 6 8 12 14 16 17 19
6318 5 8 12 14 17 19
1815 4 8 12 14 19
2703 4 8 12 14 19
4458 6 8 13 14 15 18 19
1500 6 8 13 14 15 18 19
1419 6 8 13 14 16 17 18
4215 6 8 13 14 16 17 18
2829 5 8 13 14 17 18
1605 4 8 13 14 18
3549 6 8 14 15 16 17 19
4923 5 8 14 15 16 19
1245 4 8 14 15 19
3498 4 8 14 15 19
1110 4 8 14 16 17
2520 3 8 14 17
1047 2 8 14
4254 6 9 10 12 17 18 19
3636 6 9 10 15 17 18 19
4011 4 9 10 17 18
4407 7 9 11 12 14 17 18 19
5751 6 9 11 12 14 18 19
3786 7 9 11 14 15 17 18 19
3783 6 9 11 14 15 18 19
4161 5 9 11 14 17 18
5574 6 9 12 16 17 18 19
1803 6 9 12 16 17 18 19
3063 5 9 12 17 18 19
1818 4 9 12 18 19
5067 6 9 15 16 17 18 19
1233 6 9 15 16 17 18 19
5205 5 9 15 16 18 19
2496 5 9 15 17 18 19
1206 4 9 15 18 19
3780 4 9 15 18 19
5292 4 9 16 17 18
1125 4 9 16 17 18
1338 4 9 16 17 18
2565 3 9 17 18
1572 2 9 18
4188 6 10 11 12 14 17 19
5538 5 10 11 12 14 19
4251 6 10 11 13 14 17 18
3570 6 10 11 14 15 17 19
3573 5 10 11 14 15 19
3942 4 10 11 14 17
2163 7 10 12 13 16 17 18 19
2802 6 10 12 13 17 18 19
2025 5 10 12 13 18 19
6249 5 10 12 13 18 19
5463 5 10 12 16 17 19
4935 5 10 12 16 17 19
5517 5 10 12 16 17 19
1905 5 10 12 16 17 19
3165 4 10 12 17 19
5514 3 10 12 19
1767 3 10 12 19
2193 6 10 13 15 17 18 19
5742 5 10 13 15 18 19
1455 5 10 13 15 18 19
5640 5 10 13 15 18 19
1374 5 10 13 16 17 18
1698 5 10 13 16 17 18
5466 5 10 13 16 17 18
2559 4 10 13 17 18
2958 4 10 13 17 18
1710 3 10 13 18
4773 5 10 15 16 17 19
1335 5 10 15 16 17 19
4992 4 10 15 16 19
2598 4 10 15 17 19
6348 4 10 15 17 19
5889 4 10 15 17 19
3567 3 10 15 19
1197 3 10 15 19
5121 3 10 16 17
5145 3 10 16 17
1116 3 10 16 17
2502 2 10 17
1401 1 10
2148 6 11 12 13 14 18 19
5505 6 11 12 14 16 17 19
1893 4 11 12 14 19
5901 6 11 13 14 15 18 19
3765 6 11 13 14 15 18 19
1578 6 11 13 14 15 18 19
1497 6 11 13 14 16 17 18
5553 6 11 13 14 16 17 18
2907 5 11 13 14 17 18
1863 4 11 13 14 18
4887 6 11 14 15 16 17 19
4890 5 11 14 15 16 19
4881 5 11 14 15 16 19
1323 4 11 14 15 19
3459 4 11 14 15 19
1188 4 11 14 16 17
2598 3 11 14 17
171 2 11 14
4122 6 12 13 16 17 18 19
3261 5 12 13 16 18 19
1716 4 12 13 18 19
3873 4 12 16 17 19
2952 3 12 16 19
1878 2 12 19
3513 6 13 15 16 17 18 19
2652 5 13 15 16 18 19
4164 4 13 15 18 19
1146 4 13 15 18 19
1065 4 13 16 17 18
3849 4 13 16 17 18
3024 3 13 16 18
2472 3 13 17 18
1251 2 13 18
3264 4 15 16 17 19
2343 3 15 16 19
3444 2 15 19
1311 2 15 19
1836 2 16 17
1986 2 16 17
156 1 16
3246 1 17
14877
