# n=100 p=0.050 seed=4152
  0  24
  0  31
  0  42
  1  15
  1  29
  1  61
  1  71
  1  79
  2  12
  2  80
  3  23
  3  32
  3  33
  3  40
  3  53
  3  98
  4   5
  4  25
  4  50
  5   9
  5  12
  5  18
  5  34
  5  54
  5  57
  5  58
  5  81
  5  82
  6  22
  6  36
  6  44
  6  51
  6  58
  6  76
  7  31
  7  53
  7  63
  7  78
  8  33
  8  68
  8  70
  9  18
  9  37
  9  38
 10  31
 10  63
 10  69
 10  81
 10  88
 11  32
 11  41
 11  70
 12  25
 12  31
 12  41
 12  66
 14  28
 14  87
 14  97
 15  20
 15  43
 15  56
 15  70
 15  78
 15  95
 15  97
 16  70
 16  80
 17  46
 17  64
 17  72
 17  88
 17  90
 17  94
 18  20
 18  46
 18  66
 18  81
 18  88
 19  31
 19  37
 19  64
 19  76
 20  23
 20  30
 20  48
 20  58
 20  70
 21  29
 21  45
 21  60
 21  62
 21  70
 21  72
 21  98
 22  24
 22  61
 22  73
 22  92
 23  25
 23  48
 23  62
 23  76
 23  86
 23  97
 24  35
 24  41
 24  43
 25  49
 26  28
 26  44
 26  57
 26  61
 26  78
 26  86
 26  97
 28  95
 29  69
 29  88
 30  40
 30  96
 31  64
 33  35
 33  64
 33  65
 33  86
 34  61
 34  72
 35  38
 35  48
 35  56
 35  80
 35  86
 35  90
 35  92
 35  95
 35  96
 36  76
 36  97
 37  45
 37  68
 37  88
 37  98
 38  62
 38  98
 39  62
 40  72
 40  77
 41  47
 41  55
 41  73
 41  89
 42  79
 42  86
 43  83
 43  94
 44  59
 44  72
 45  50
 46  65
 46  74
 46  79
 47  73
 47  94
 47  99
 48  60
 48  71
 48  72
 48  74
 48  79
 49  61
 49  66
 49  79
 50  54
 50  72
 51  52
 51  60
 51  73
 51  88
 51  91
 52  92
 52  96
 53  83
 53  96
 54  77
 55  68
 55  74
 55  76
 55  77
 55  81
 56  76
 57  92
 58  60
 58  92
 60  78
 61  70
 61  96
 62  74
 62  87
 62  90
 62  97
 64  76
 66  75
 67  91
 67  98
 68  79
 69  75
 69  89
 71  96
 72  84
 72  88
 73  77
 73  85
 74  76
 74  78
 74  87
 74  92
 74  94
 75  89
 77  82
 77  97
 78  87
 78  92
 78  99
 79  92
 80  81
 81  88
 84  88
 84  98
 90  95
 96  97
