# n=100 p=0.050 seed=4142
  0  19
  0  32
  0  65
  0  68
  0  86
  0  92
  0  98
  1  44
  1  46
  2  48
  2  61
  2  84
  2  95
  3  50
  3  88
  4  16
  4  22
  4  41
  4  94
  5  44
  5  54
  5  65
  5  67
  5  76
  5  77
  6  35
  6  48
  6  69
  6  74
  6  89
  6  94
  7  48
  7  50
  7  64
  7  70
  7  72
  7  93
  8  43
  8  53
  9  27
  9  37
  9  47
  9  49
  9  73
  9  86
  9  91
 10  31
 10  42
 10  43
 10  51
 10  59
 10  62
 10  65
 10  74
 10  80
 10  81
 10  91
 11  15
 11  49
 12  22
 12  68
 12  78
 13  16
 13  20
 13  22
 13  23
 13  53
 13  61
 13  99
 14  18
 14  31
 14  43
 14  65
 14  82
 15  18
 15  33
 15  34
 15  36
 15  71
 15  86
 16  20
 16  25
 16  40
 16  51
 16  53
 16  74
 16  90
 16  93
 17  42
 17  46
 17  59
 18  33
 18  71
 18  81
 18  84
 18  94
 18  98
 19  29
 19  78
 20  25
 20  51
 20  69
 20  86
 21  57
 21  68
 22  43
 22  49
 22  75
 22  92
 22  93
 22  96
 23  79
 23  80
 23  85
 23  87
 23  89
 24  46
 24  94
 25  36
 25  56
 25  70
 25  71
 25  81
 25  91
 26  33
 26  34
 26  40
 26  42
 26  57
 26  66
 26  72
 27  42
 27  48
 27  63
 27  69
 27  92
 27  93
 28  30
 28  31
 28  46
 28  57
 28  60
 29  42
 29  76
 30  31
 30  41
 30  43
 30  67
 30  68
 31  35
 31  39
 31  46
 31  94
 32  49
 32  82
 32  96
 32  99
 33  51
 33  73
 34  67
 34  71
 34  72
 34  73
 35  42
 35  60
 35  62
 36  43
 36  53
 37  45
 37  98
 38  50
 38  86
 38  97
 39  81
 39  95
 40  83
 41  43
 41  63
 41  72
 41  80
 41  85
 41  98
 42  85
 43  62
 43  70
 44  61
 44  82
 44  89
 45  57
 45  93
 46  89
 47  58
 47  78
 47  91
 47  98
 49  57
 49  60
 49  74
 49  92
 50  89
 51  52
 51  58
 52  69
 53  59
 53  69
 53  92
 54  71
 54  88
 55  83
 56  60
 56  74
 56  96
 57  64
 57  77
 57  89
 57  95
 58  59
 58  89
 59  66
 60  67
 61  68
 61  70
 61  82
 62  75
 63  76
 63  80
 65  74
 65  89
 66  74
 67  73
 67  89
 68  75
 68  77
 69  74
 69  96
 70  81
 70  83
 71  82
 71  87
 71  93
 72  76
 74  87
 74  91
 75  84
 75  95
 75  97
 75  98
 76  94
 78  84
 78  95
 79  84
 80  86
 81  82
 81  88
 83  87
 83  89
 84  85
 84  95
 86  97
 89  99
 92  99
 93  95
