# n=100 p=0.050 seed=4156
  0  39
  0  51
  0  61
  0  69
  0  76
  0  88
  0  99
  1  27
  1  28
  1  34
  1  82
  1  93
  2   8
  2  15
  2  22
  2  34
  2  67
  2  73
  2  94
  3  40
  3  52
  3  69
  3  95
  4  20
  4  39
  4  55
  4  59
  4  68
  4  76
  4  77
  4  94
  5  15
  5  68
  5  71
  5  87
  6  12
  6  40
  6  43
  6  50
  6  84
  6  94
  6  98
  7   8
  7  17
  7  33
  7  43
  7  58
  7  61
  7  64
  8   9
  8  14
  8  15
  8  24
  8  41
  8  60
  9  26
  9  48
  9  70
 10  28
 10  30
 10  35
 10  43
 10  54
 10  70
 10  91
 10  95
 11  27
 11  51
 11  93
 12  38
 12  39
 12  44
 12  71
 12  73
 13  24
 13  62
 13  66
 13  81
 13  92
 14  68
 14  88
 15  65
 15  97
 15  98
 16  17
 16  71
 16  95
 17  31
 17  44
 17  69
 17  72
 17  75
 17  76
 17  91
 18  44
 18  51
 18  68
 19  21
 19  55
 19  86
 19  95
 20  70
 21  25
 21  32
 21  52
 21  78
 22  33
 22  34
 22  37
 22  63
 22  86
 22  87
 23  45
 23  49
 23  62
 23  63
 23  85
 24  40
 24  45
 24  74
 24  78
 24  87
 25  28
 25  31
 25  45
 25  67
 25  94
 26  34
 26  43
 26  53
 26  57
 27  29
 27  31
 27  35
 27  37
 27  54
 27  58
 27  75
 28  63
 28  64
 28  71
 28  72
 28  85
 28  89
 29  79
 29  80
 30  37
 30  57
 30  88
 31  39
 31  54
 31  58
 31  66
 31  73
 31  81
 32  36
 32  40
 32  77
 33  36
 33  45
 33  56
 34  81
 34  83
 34  93
 35  40
 35  74
 35  88
 36  65
 36  71
 36  91
 36  94
 37  59
 37  99
 38  50
 38  61
 38  86
 39  41
 39  53
 39  54
 39  57
 39  63
 40  85
 41  46
 41  98
 42  52
 42  59
 42  70
 43  51
 43  63
 43  96
 44  90
 45  49
 45  64
 45  67
 45  70
 45  75
 45  84
 45  92
 46  67
 46  75
 46  90
 47  85
 47  91
 48  66
 50  60
 51  82
 51  95
 52  53
 52  77
 52  81
 52  84
 52  87
 52  88
 52  97
 53  90
 53  96
 54  71
 56  85
 59  68
 59  81
 60  74
 60  77
 60  79
 60  94
 61  80
 61  92
 61  94
 62  71
 62  74
 62  92
 62  93
 62  94
 62  98
 64  69
 64  73
 64  84
 65  75
 65  76
 65  81
 65  83
 65  89
 65  99
 66  80
 66  82
 66  94
 66  97
 67  96
 69  74
 69  89
 70  97
 71  94
 71  98
 72  74
 72  96
 73  99
 74  96
 76  84
 76  94
 77  78
 77  87
 77  97
 79  86
 79  94
 80  88
 81  88
 81  91
 87  99
 89  99
 90  95
 90  97
 91  92
 94  98
 96  99
