# n=100 p=0.050 seed=4188
  0   8
  0  12
  0  77
  0  88
  1   4
  1   9
  1  76
  1  94
  2   7
  2  10
  2  19
  2  32
  2  36
  2  48
  2  52
  3  17
  3  22
  3  23
  3  35
  3  64
  3  71
  3  77
  3  83
  3  99
  4   7
  4  12
  4  16
  4  19
  4  23
  4  36
  4  44
  4  47
  4  50
  4  51
  4  54
  4  55
  4  62
  4  65
  4  74
  4  97
  6   9
  6  17
  6  71
  7  32
  7  46
  7  51
  7  57
  8  29
  8  40
  8  51
  8  80
  8  96
  9  76
 10  11
 10  25
 10  45
 10  49
 10  72
 11  28
 11  30
 11  54
 12  30
 12  84
 13  21
 13  22
 13  54
 13  74
 14  33
 14  82
 15  22
 15  40
 15  41
 15  64
 15  67
 15  80
 15  82
 15  94
 16  17
 16  61
 17  24
 17  33
 17  37
 17  78
 17  87
 18  26
 18  27
 18  41
 18  85
 19  22
 19  46
 19  52
 19  59
 19  75
 20  35
 20  49
 20  62
 20  84
 20  87
 20  95
 20  97
 21  28
 21  45
 21  48
 21  94
 22  28
 22  41
 22  64
 22  89
 23  48
 23  50
 23  63
 23  96
 23  97
 24  29
 24  42
 24  61
 24  73
 24  96
 24  97
 25  32
 25  46
 25  57
 25  75
 25  98
 26  47
 26  53
 26  56
 26  60
 26  90
 27  29
 27  71
 27  85
 27  94
 28  49
 28  63
 28  67
 28  78
 29  40
 30  38
 30  83
 30  86
 30  91
 31  43
 31  48
 31  72
 31  85
 32  47
 32  68
 32  97
 33  63
 33  65
 33  92
 34  53
 34  78
 34  90
 35  64
 35  72
 36  43
 36  63
 36  83
 37  83
 37  84
 37  93
 37  95
 38  91
 39  49
 39  60
 39  62
 39  82
 39  93
 40  48
 40  60
 40  61
 40  99
 41  73
 41  76
 42  48
 42  58
 42  81
 43  63
 44  92
 45  53
 45  99
 46  68
 46  69
 46  81
 46  94
 48  69
 49  61
 49  85
 49  99
 50  63
 51  55
 52  54
 52  65
 52  66
 52  72
 52  73
 52  77
 53  65
 53  73
 54  61
 54  63
 54  68
 54  88
 55  70
 56  59
 56  62
 56  87
 56  92
 56  97
 57  62
 57  72
 57  87
 58  71
 58  73
 58  75
 58  81
 59  68
 59  87
 59  97
 60  61
 60  77
 60  81
 61  87
 63  73
 64  66
 64  69
 64  74
 64  78
 64  83
 65  82
 65  91
 65  97
 66  86
 66  89
 66  96
 67  94
 68  77
 69  88
 69  93
 72  89
 74  77
 74  92
 74  96
 80  82
 80  90
 82  83
 82  91
 87  94
 89  97
 91  92
