# n=100 p=0.050 seed=4147
  0  19
  0  27
  0  39
  0  53
  0  96
  1  18
  1  21
  1  31
  1  50
  1  89
  2  16
  2  76
  2  90
  2  99
  3  21
  3  36
  4  34
  4  43
  4  44
  4  56
  4  68
  4  83
  4  93
  5  15
  5  24
  5  39
  5  86
  5  93
  6  10
  6  30
  6  69
  6  81
  6  85
  6  93
  7  26
  7  60
  7  62
  7  83
  7  99
  8  10
  8  35
  8  45
  8  81
  8  85
  9  45
  9  88
 10  13
 10  20
 10  48
 10  51
 10  80
 10  87
 10  98
 11  43
 11  71
 11  98
 12  36
 12  37
 12  75
 13  52
 13  61
 13  86
 14  38
 14  67
 14  74
 14  78
 15  52
 15  82
 15  83
 16  42
 16  56
 16  61
 16  63
 17  20
 17  48
 17  51
 17  70
 17  87
 18  19
 18  31
 18  54
 18  57
 18  77
 18  88
 18  95
 19  31
 19  78
 19  80
 20  25
 20  34
 20  35
 20  50
 20  66
 20  74
 20  80
 21  22
 21  33
 21  62
 21  77
 21  87
 22  56
 22  66
 22  67
 22  89
 22  94
 22  96
 22  97
 23  46
 23  48
 23  51
 23  55
 23  74
 23  77
 23  85
 23  89
 23  90
 24  45
 24  52
 24  80
 24  85
 24  97
 25  39
 25  42
 25  65
 25  77
 25  91
 25  92
 25  99
 26  46
 26  48
 26  75
 27  39
 27  45
 27  67
 27  70
 27  92
 27  94
 28  37
 28  61
 28  62
 29  93
 30  65
 30  80
 30  95
 30  96
 30  97
 31  32
 31  47
 31  74
 31  82
 32  34
 32  35
 32  64
 32  92
 32  95
 33  35
 33  42
 33  61
 33  82
 33  89
 34  40
 34  46
 34  79
 35  38
 35  79
 35  89
 36  41
 36  91
 36  99
 37  59
 37  65
 37  67
 37  68
 37  71
 37  80
 37  91
 37  97
 38  40
 38  44
 38  49
 38  75
 38  77
 38  79
 38  80
 38  85
 39  48
 39  58
 39  61
 39  73
 39  79
 39  83
 40  51
 40  63
 41  69
 41  74
 42  58
 43  55
 43  56
 43  67
 43  78
 44  53
 44  65
 44  82
 44  96
 45  84
 46  63
 46  74
 46  99
 48  64
 48  65
 48  71
 49  55
 49  67
 49  82
 49  86
 49  99
 50  75
 50  82
 50  85
 50  98
 52  60
 53  58
 53  94
 53  95
 53  96
 54  69
 54  73
 55  88
 56  82
 56  87
 57  74
 58  83
 58  91
 59  79
 59  93
 60  73
 60  79
 61  71
 61  95
 62  69
 62  84
 62  85
 62  86
 62  89
 62  92
 63  78
 64  96
 65  69
 65  78
 65  90
 66  71
 66  83
 66  84
 68  77
 70  79
 70  84
 70  99
 71  86
 72  74
 74  79
 74  88
 75  82
 76  98
 77  86
 78  85
 79  98
 83  91
 91  94
 94  99
 95  96
