# n=100 p=0.050 seed=4189
  0  43
  0  61
  0  65
  0  70
  0  85
  1  19
  1  38
  1  40
  1  53
  1  60
  1  94
  1  99
  2  20
  2  22
  2  31
  2  40
  2  44
  2  66
  2  72
  2  75
  3  68
  4  14
  4  30
  4  35
  4  39
  4  95
  4  99
  5  29
  5  36
  5  52
  5  62
  6  77
  7   8
  7  35
  7  38
  7  52
  7  86
  8  18
  8  40
  8  44
  8  50
  8  78
  9  23
  9  30
  9  34
  9  74
  9  83
 10  39
 10  83
 10  91
 10  95
 11  25
 11  31
 11  34
 11  58
 11  60
 11  64
 11  74
 12  13
 12  32
 12  36
 12  51
 13  80
 13  96
 14  18
 14  27
 14  35
 14  60
 14  85
 14  94
 15  17
 15  19
 16  28
 16  33
 16  56
 16  60
 16  63
 16  81
 16  86
 17  80
 17  90
 18  55
 19  56
 19  76
 19  91
 20  38
 20  42
 20  76
 20  77
 20  95
 20  96
 21  26
 21  31
 21  35
 21  41
 21  56
 22  33
 22  38
 22  55
 23  26
 23  31
 23  59
 23  84
 24  28
 24  33
 24  74
 24  98
 25  26
 25  51
 25  83
 26  30
 26  67
 26  78
 26  96
 27  40
 27  42
 27  44
 27  78
 27  90
 28  57
 28  89
 29  30
 29  40
 29  49
 29  83
 30  37
 30  42
 30  44
 30  59
 30  86
 30  91
 31  56
 31  79
 32  41
 32  55
 32  88
 33  48
 33  51
 33  94
 34  91
 34  92
 35  57
 35  68
 35  95
 36  80
 36  97
 37  86
 38  50
 38  76
 38  83
 38  97
 39  72
 39  80
 40  74
 40  75
 40  80
 40  82
 40  99
 41  73
 42  60
 42  70
 42  86
 43  75
 43  77
 43  95
 44  48
 44  51
 44  59
 44  76
 45  69
 45  86
 45  98
 47  51
 47  62
 49  79
 49  93
 49  96
 50  96
 52  54
 52  60
 53  68
 53  69
 53  72
 53  82
 53  96
 54  88
 56  63
 56  73
 56  77
 57  95
 58  67
 58  68
 59  69
 59  73
 59  89
 61  66
 62  93
 64  66
 64  82
 64  85
 65  73
 65  93
 67  85
 68  77
 69  73
 69  91
 69  95
 70  75
 70  92
 71  79
 73  89
 74  77
 74  84
 75  80
 75  82
 75  97
 78  84
 78  85
 81  86
 81  94
 82  84
 83  90
 86  91
 87  95
 88  90
 89  95
 95  98
