# n=100 p=0.050 seed=4161
  0  65
  0  69
  0  81
  0  82
  1   9
  1  36
  1  41
  1  80
  2   7
  2  46
  2  53
  3  63
  3  68
  4  43
  4  50
  4  59
  4  71
  4  87
  4  90
  4  99
  5   8
  5  26
  5  64
  6  66
  6  72
  6  82
  6  88
  7  25
  7  45
  7  60
  7  70
  7  82
  7  93
  8  36
  8  67
  8  93
  9  48
  9  58
  9  65
  9  67
  9  72
 10  69
 11  53
 11  76
 12  21
 12  84
 13  77
 13  81
 13  92
 14  15
 14  17
 14  42
 14  87
 15  26
 15  69
 15  73
 15  76
 16  39
 16  53
 16  59
 16  61
 16  79
 17  32
 17  51
 17  58
 17  76
 17  77
 17  90
 18  19
 18  22
 18  24
 18  27
 18  42
 19  38
 19  72
 19  77
 19  85
 20  31
 20  50
 20  52
 20  60
 20  88
 20  89
 21  54
 21  97
 22  23
 22  42
 22  52
 22  69
 22  80
 22  83
 23  30
 23  77
 24  26
 24  55
 24  68
 24  76
 25  37
 25  44
 25  69
 26  38
 26  42
 26  46
 26  62
 26  66
 26  69
 26  88
 26  92
 27  31
 27  41
 27  58
 27  98
 28  44
 28  48
 28  60
 28  73
 28  86
 28  92
 28  93
 29  39
 29  61
 29  97
 30  54
 30  66
 31  60
 31  64
 31  74
 31  78
 31  92
 31  95
 32  47
 32  58
 32  60
 32  69
 32  77
 33  34
 33  43
 33  66
 34  40
 35  51
 35  55
 35  60
 35  62
 35  98
 36  41
 36  43
 36  55
 36  63
 36  66
 37  38
 37  56
 37  64
 37  65
 38  48
 38  81
 38  86
 39  54
 39  62
 39  94
 41  58
 41  96
 42  57
 42  91
 43  75
 43  84
 43  85
 44  52
 45  59
 45  65
 46  53
 46  64
 46  66
 46  73
 47  61
 47  65
 47  85
 47  86
 47  94
 49  86
 50  69
 51  57
 51  82
 52  54
 52  62
 52  74
 52  80
 53  96
 54  81
 54  91
 55  61
 55  70
 56  94
 56  97
 57  60
 57  81
 57  83
 57  86
 58  88
 58  90
 59  96
 61  82
 61  93
 64  88
 64  91
 64  92
 67  77
 69  81
 70  85
 71  74
 71  87
 73  79
 73  81
 75  93
 75  97
 76  95
 77  91
 77  92
 77  94
 77  98
 79  91
 79  95
 79  97
 80  85
 80  98
 81  89
 83  86
 83  96
 84  88
 85  97
 88  90
 89  93
 89  99
 91  99
 94  97
