# n=100 p=0.050 seed=4239
  0  42
  0  51
  0  61
  0  64
  0  90
  0  91
  1  38
  1  94
  2  11
  2  12
  2  90
  3  51
  3  53
  3  62
  3  85
  3  87
  4  19
  4  34
  4  70
  4  72
  4  74
  5  30
  5  39
  5  51
  5  56
  5  65
  5  80
  5  81
  5  85
  5  89
  6  34
  6  53
  6  62
  6  77
  6  94
  7  69
  8  20
  8  35
  8  79
  9  34
  9  59
  9  61
 10  63
 10  74
 11  25
 11  83
 12  53
 12  70
 12  85
 12  99
 13  24
 13  50
 13  55
 13  59
 13  60
 13  75
 13  94
 14  16
 14  26
 14  38
 14  40
 14  49
 14  54
 14  59
 14  65
 14  68
 14  71
 14  88
 14  94
 15  23
 15  33
 15  38
 15  41
 15  65
 15  75
 15  81
 15  82
 16  18
 16  32
 16  41
 16  48
 16  60
 16  63
 17  46
 17  49
 17  61
 17  62
 17  69
 18  19
 18  24
 18  34
 18  44
 18  54
 18  59
 18  84
 18  93
 19  24
 19  38
 19  73
 19  74
 19  92
 19  97
 20  45
 20  70
 20  86
 20  87
 21  26
 21  59
 21  67
 22  28
 22  48
 22  85
 23  44
 23  55
 23  98
 24  25
 24  35
 24  37
 24  39
 24  44
 24  52
 24  53
 24  95
 24  96
 25  39
 25  57
 25  58
 25  72
 26  63
 27  63
 27  71
 28  33
 28  94
 29  37
 29  45
 29  52
 29  55
 29  95
 30  32
 30  36
 30  40
 30  44
 31  35
 31  45
 31  46
 31  89
 32  39
 32  42
 32  51
 32  66
 32  75
 32  92
 33  84
 33  95
 34  65
 34  73
 34  81
 34  90
 35  59
 36  45
 36  55
 36  84
 37  47
 37  77
 38  46
 38  69
 38  85
 39  41
 39  78
 39  84
 40  65
 41  43
 41  53
 42  50
 42  60
 42  63
 42  64
 43  57
 43  89
 44  60
 45  85
 46  88
 46  95
 47  59
 47  68
 47  74
 47  78
 47  89
 48  68
 48  90
 49  54
 49  86
 49  96
 50  57
 50  75
 50  92
 51  60
 51  88
 51  89
 51  91
 51  92
 51  97
 51  99
 52  57
 53  54
 53  73
 53  79
 54  64
 54  69
 54  86
 55  65
 55  79
 56  82
 57  62
 57  63
 57  68
 57  71
 57  72
 57  93
 59  64
 59  66
 59  77
 59  94
 59  97
 59  98
 60  91
 61  65
 61  93
 63  68
 65  86
 65  91
 67  81
 69  76
 69  95
 70  79
 71  99
 72  82
 74  78
 75  80
 75  81
 76  96
 78  94
 79  84
 80  97
 81  93
 84  90
 84  94
 86  95
 86  98
 87  92
 88  94
 93  94
