# n=100 p=0.050 seed=4187
  0   1
  0  18
  0  60
  0  62
  0  69
  0  88
  0  90
  0  91
  0  93
  1  27
  1  44
  1  48
  1  72
  1  87
  2  28
  2  66
  2  72
  2  85
  2  87
  3  10
  3  27
  3  30
  3  35
  3  43
  3  54
  3  92
  4  73
  4  74
  4  83
  4  92
  4  96
  5  16
  5  29
  5  58
  6   8
  6  17
  6  38
  6  52
  6  77
  6  80
  6  83
  6  89
  7  22
  7  90
  8  26
  8  64
  8  94
  8  96
  9  14
  9  62
  9  84
  9  96
 10  18
 10  24
 10  31
 10  33
 10  35
 10  52
 10  55
 10  56
 10  65
 10  71
 10  84
 10  85
 10  87
 10  98
 11  14
 11  31
 11  54
 11  65
 12  25
 12  27
 12  33
 13  14
 13  20
 13  29
 14  20
 14  28
 14  41
 14  68
 15  24
 15  25
 15  26
 15  37
 15  39
 15  64
 15  85
 16  20
 16  61
 16  69
 16  70
 16  79
 17  56
 17  67
 17  72
 18  23
 18  72
 18  73
 18  87
 18  90
 19  20
 19  23
 19  26
 19  49
 19  72
 20  21
 20  34
 20  64
 21  23
 21  26
 21  45
 21  60
 21  82
 22  34
 22  66
 23  51
 23  63
 23  77
 23  82
 23  99
 24  51
 24  58
 25  27
 25  64
 25  66
 26  27
 26  79
 26  82
 27  36
 27  42
 27  72
 27  77
 27  86
 27  96
 29  30
 29  35
 29  59
 29  88
 30  60
 30  66
 30  83
 31  38
 31  60
 31  74
 31  88
 31  94
 32  55
 32  77
 32  89
 32  97
 32  98
 33  41
 34  37
 34  51
 34  68
 34  79
 34  82
 35  51
 36  41
 36  63
 36  73
 36  81
 36  85
 36  86
 36  88
 37  75
 38  54
 38  90
 39  43
 40  51
 40  80
 41  45
 42  47
 42  56
 42  69
 42  77
 43  57
 43  64
 44  86
 44  90
 44  91
 45  56
 46  64
 46  66
 46  72
 46  85
 46  87
 47  48
 47  76
 48  52
 48  53
 48  74
 49  61
 49  68
 49  96
 49  99
 50  75
 50  98
 51  55
 51  89
 51  98
 53  64
 54  81
 56  69
 56  94
 57  59
 57  70
 58  62
 59  60
 59  73
 59  75
 59  77
 59  85
 60  83
 61  73
 61  93
 63  84
 63  99
 64  79
 65  71
 65  98
 66  80
 66  86
 67  72
 67  80
 68  86
 68  93
 69  80
 69  95
 71  75
 73  84
 74  81
 75  94
 77  91
 80  86
 81  86
 81  98
 83  97
 88  89
 88  97
 96  99
