# n=100 p=0.050 seed=4176
  0  52
  0  75
  0  80
  0  83
  0  84
  0  89
  0  97
  1  20
  1  27
  1  43
  2   7
  2  32
  2  47
  2  52
  3  17
  3  31
  3  52
  4  61
  4  85
  4  91
  4  96
  5  16
  5  17
  5  97
  6  12
  6  15
  6  17
  6  29
  6  40
  6  51
  6  63
  7   9
  7  40
  7  57
  7  83
  7  94
  8  21
  8  47
  8  50
  8  74
  8  80
  9  25
  9  32
  9  44
  9  61
  9  64
  9  84
 10  21
 10  22
 10  32
 10  39
 10  58
 10  82
 11  19
 11  37
 11  41
 11  65
 11  68
 11  82
 11  86
 12  30
 12  36
 12  55
 12  58
 12  61
 13  15
 13  53
 13  59
 13  64
 13  68
 13  76
 13  81
 14  18
 14  45
 14  81
 14  84
 14  98
 15  48
 15  54
 15  73
 15  74
 15  86
 16  20
 16  37
 16  41
 16  50
 16  86
 16  98
 17  54
 17  62
 18  36
 18  48
 18  60
 18  61
 18  65
 18  88
 19  25
 19  29
 19  85
 19  88
 19  91
 19  96
 20  28
 20  49
 20  83
 21  28
 21  53
 21  75
 22  33
 22  37
 22  39
 22  62
 23  44
 23  73
 24  34
 24  40
 24  44
 24  93
 25  53
 25  60
 25  64
 25  71
 26  42
 26  44
 26  49
 26  75
 26  99
 27  60
 27  94
 28  73
 28  96
 29  32
 29  42
 29  43
 29  47
 30  50
 30  69
 30  90
 31  97
 31  98
 32  88
 33  34
 33  67
 33  99
 34  40
 34  78
 34  86
 34  97
 35  38
 35  70
 35  82
 36  51
 36  53
 36  61
 37  40
 37  73
 38  40
 38  42
 38  87
 40  64
 40  76
 40  98
 41  48
 41  61
 41  96
 42  56
 42  76
 42  77
 43  46
 43  53
 43  61
 43  62
 43  68
 43  95
 43  96
 43  97
 44  46
 44  74
 44  77
 45  53
 46  86
 47  48
 47  83
 47  96
 48  60
 48  84
 48  98
 49  71
 49  73
 49  90
 49  97
 50  65
 50  91
 50  97
 51  96
 52  75
 52  84
 53  56
 53  75
 54  84
 54  86
 55  97
 57  75
 57  84
 57  86
 59  79
 60  65
 60  83
 60  94
 60  99
 61  62
 61  75
 61  99
 63  90
 63  96
 65  71
 66  67
 66  79
 66  92
 67  77
 69  81
 69  83
 70  81
 71  88
 71  94
 72  87
 74  85
 77  93
 78  85
 78  91
 80  91
 80  95
 82  90
 83  88
 84  88
 85  99
 88  98
 89  96
 95  97
