# n=100 p=0.050 seed=4167
  0  20
  0  57
  0  69
  0  89
  1  14
  1  29
  1  69
  1  72
  2   7
  2   9
  2  19
  2  28
  2  80
  3  63
  3  80
  3  83
  3  93
  4   7
  4  12
  4  26
  4  27
  4  42
  4  48
  4  84
  5  41
  5  48
  5  66
  5  73
  5  80
  5  86
  5  94
  5  97
  6  34
  6  51
  6  62
  6  64
  6  65
  6  78
  7  23
  7  67
  8  49
  8  67
  8  89
  9  13
  9  41
  9  54
 10  14
 10  22
 10  89
 10  97
 11  14
 11  40
 11  51
 11  70
 11  93
 12  16
 12  50
 12  65
 12  80
 12  84
 12  91
 13  23
 13  92
 14  50
 14  66
 14  82
 14  90
 15  50
 15  58
 15  73
 16  18
 16  21
 16  37
 16  79
 17  22
 17  64
 17  70
 17  89
 17  96
 18  29
 18  42
 18  44
 19  37
 19  54
 19  71
 19  84
 20  68
 20  79
 20  99
 21  31
 21  78
 22  43
 22  54
 22  58
 23  66
 23  90
 24  32
 24  42
 24  53
 24  74
 24  80
 25  28
 25  31
 25  68
 25  70
 25  90
 25  95
 25  97
 26  86
 26  94
 26  97
 27  32
 27  33
 27  77
 27  87
 28  33
 28  66
 28  82
 29  54
 29  68
 29  96
 29  99
 30  51
 30  52
 30  62
 30  67
 30  88
 30  92
 30  97
 31  57
 31  61
 32  90
 33  44
 33  66
 33  84
 34  37
 34  81
 35  53
 35  60
 35  86
 36  38
 36  79
 37  56
 38  40
 38  41
 38  63
 38  69
 38  86
 38  93
 38  96
 39  86
 39  92
 40  45
 40  55
 40  73
 40  76
 40  80
 41  54
 41  61
 41  62
 41  82
 42  46
 42  54
 42  70
 42  72
 42  75
 42  83
 42  85
 43  69
 43  73
 43  78
 44  55
 44  80
 45  55
 45  78
 46  69
 46  95
 46  96
 47  81
 48  65
 48  87
 48  90
 49  56
 49  65
 49  70
 49  85
 50  52
 50  62
 50  63
 50  66
 50  91
 50  94
 51  52
 52  68
 53  54
 53  66
 53  80
 54  84
 54  86
 54  90
 54  98
 55  72
 55  83
 56  68
 56  71
 56  81
 56  91
 56  92
 56  95
 57  67
 57  70
 57  71
 57  73
 57  79
 60  87
 60  92
 61  63
 62  67
 62  72
 63  66
 63  95
 64  70
 64  75
 65  74
 65  96
 66  98
 67  73
 67  84
 69  83
 69  94
 69  98
 70  92
 71  89
 71  95
 72  95
 73  77
 73  96
 80  90
 81  86
 82  99
 83  87
 83  92
 83  95
 84  94
 85  90
 87  92
 88  90
 90  98
 94  99
