# n=100 p=0.020 seed=3369
  0  16
  0  31
  1  29
  2  36
  2  53
  2  96
  3  38
  4  21
  4  88
  7  90
  7  94
  8  14
  8  92
  9  40
  9  79
 10  35
 10  63
 10  64
 11  29
 11  69
 12  32
 12  94
 13  84
 14  53
 14  59
 15  46
 15  59
 16  35
 16  59
 17  35
 18  31
 18  83
 19  43
 20  55
 20  77
 21  32
 21  53
 24  35
 24  58
 24  91
 25  33
 25  57
 25  84
 26  36
 27  63
 27  80
 28  33
 28  37
 28  40
 29  45
 30  82
 30  95
 31  35
 31  48
 32  86
 33  82
 35  43
 35  55
 35  65
 35  91
 37  54
 37  58
 37  96
 39  51
 40  58
 40  91
 41  57
 42  61
 43  69
 44  47
 44  53
 45  68
 46  89
 47  66
 47  83
 48  98
 49  78
 50  72
 54  75
 64  87
 64  97
 66  81
 67  73
 69  70
 72  87
 75  83
 76  93
 77  83
 78  91
 85  95
 90  94
