# n=100 p=0.020 seed=3286
  1  74
  1  91
  1  97
  2  28
  2  70
  3  36
  4  37
  4  53
  4  98
  5  32
  5  35
  5  83
  6  81
  7  39
  7  95
  8  12
  8  17
  8  25
  8  60
  8  80
  9  55
  9  85
 10  38
 10  67
 10  82
 11  12
 11  53
 11  86
 12  98
 14  28
 14  52
 14  97
 16  66
 19  86
 21  83
 22  48
 22  90
 25  79
 27  62
 28  65
 28  77
 29  68
 30  90
 31  93
 32  61
 33  52
 33  62
 33  99
 34  52
 35  44
 35  51
 37  52
 38  49
 39  57
 39  59
 39  72
 41  52
 41  99
 43  54
 44  46
 44  54
 44  60
 48  49
 48  65
 48  67
 49  62
 51  67
 53  87
 54  86
 55  86
 56  88
 56  96
 59  87
 59  98
 60  94
 63  80
 63  94
 65  72
 66  76
 68  86
 74  87
 77  81
 82  97
 86  98
