# n=100 p=0.020 seed=3304
  0   5
  0  29
  1   6
  1  21
  1  87
  2  29
  2  46
  3  72
  4  43
  5  27
  5  43
  6  25
  6  32
  7  40
  9  10
 10  17
 10  47
 10  52
 11  50
 11  79
 11  89
 12  22
 12  52
 12  90
 14  21
 14  63
 14  70
 18  21
 18  35
 20  45
 20  47
 20  85
 21  28
 23  35
 24  96
 25  86
 27  36
 27  58
 27  94
 28  48
 28  62
 29  70
 30  38
 30  90
 32  72
 32  90
 33  47
 33  60
 33  95
 34  62
 35  42
 35  92
 36  55
 37  61
 38  39
 39  76
 42  71
 42  84
 45  63
 45  91
 45  94
 46  97
 47  82
 47  95
 50  85
 51  84
 52  62
 52  68
 54  64
 55  76
 55  85
 57  58
 58  75
 59  99
 60  90
 62  93
 67  78
 67  87
 72  95
 72  99
 77  91
 78  82
 78  87
 80  81
 81  98
 84  96
 85  96
 90  94
 91  92
