# n=100 p=0.020 seed=3336
  0   2
  0  32
  0  66
  1   6
  1  47
  1  61
  2  18
  3   6
  3  32
  3  43
  3  59
  4  30
  5  71
  7  16
  7  40
  7  79
  9  46
 10  31
 10  45
 10  54
 10  58
 10  79
 11  28
 11  98
 12  28
 12  41
 13  18
 13  54
 13  55
 13  69
 13  87
 14  18
 14  51
 14  97
 15  44
 17  20
 17  25
 17  29
 17  81
 17  91
 18  84
 18  97
 21  36
 21  76
 22  39
 22  76
 23  24
 23  32
 24  31
 24  54
 24  61
 24  67
 25  70
 25  78
 26  63
 27  35
 27  66
 28  95
 28  99
 30  55
 30  73
 31  47
 31  57
 32  47
 32  94
 33  41
 33  71
 33  73
 35  67
 36  64
 36  65
 36  88
 37  84
 37  90
 40  62
 40  72
 41  51
 41  79
 41  82
 41  92
 42  47
 42  77
 42  94
 44  48
 48  87
 49  56
 50  60
 51  82
 51  97
 53  54
 57  77
 58  91
 59  82
 59  97
 65  83
 65  92
 69  84
 70  87
 81  96
 92  98
