# n=100 p=0.020 seed=3316
  0  45
  0  81
  1   9
  2  16
  2  93
  3  40
  4  82
  5  40
  8  12
  8  35
  9  40
  9  61
 10  71
 10  80
 11  28
 11  52
 12  86
 13  43
 13  51
 14  76
 17  23
 17  49
 17  62
 17  92
 18  38
 18  87
 19  58
 19  85
 20  43
 20  52
 21  70
 22  26
 23  26
 23  43
 24  25
 24  96
 25  39
 25  47
 25  68
 25  88
 26  59
 26  81
 29  45
 29  73
 30  40
 30  59
 31  53
 31  57
 32  39
 32  71
 33  90
 35  89
 35  99
 38  43
 38  96
 39  95
 40  50
 42  88
 42  95
 43  81
 44  70
 44  81
 47  90
 47  97
 48  76
 49  81
 50  89
 53  71
 53  97
 59  70
 62  90
 62  92
 64  69
 64  83
 66  81
 66  91
 67  98
 69  96
 70  82
 72  98
 73  74
 75  84
 76  77
 78  95
 90  92
