# n=100 p=0.020 seed=3279
  0  11
  0  49
  0  84
  0  97
  1  18
  1  60
  3  56
  3  65
  4  16
  4  40
  5  98
  6  75
  7  12
  8  28
  8  36
  8  60
  8  83
  8  85
  8  95
 10  95
 12  23
 13  47
 13  51
 13  65
 14  15
 14  22
 14  96
 15  20
 15  56
 15  80
 16  50
 16  59
 17  43
 17  73
 19  49
 21  25
 22  29
 22  45
 22  65
 23  80
 23  90
 24  59
 25  57
 25  58
 25  96
 27  38
 27  63
 28  34
 28  76
 28  93
 29  34
 29  37
 30  35
 30  54
 30  61
 30  65
 30  88
 30  92
 32  60
 33  56
 34  82
 35  51
 36  92
 38  49
 38  51
 39  69
 39  71
 40  60
 40  88
 40  91
 41  42
 41  82
 41  85
 43  79
 43  98
 44  72
 44  80
 44  93
 45  69
 46  85
 47  63
 47  92
 48  52
 48  97
 49  63
 49  70
 50  79
 50  88
 52  91
 53  70
 54  65
 54  93
 55  68
 56  62
 56  95
 56  96
 57  65
 58  83
 59  95
 60  64
 61  99
 66  84
 66  88
 68  92
 70  85
 72  77
 74  93
 75  86
 78  90
 81  93
 82  96
 83  95
 86  92
 87  88
 87  90
 89  98
 90  96
 95  96
 97  99
