# n=100 p=0.020 seed=3340
  0  46
  0  55
  2  38
  2  44
  2  85
  3  37
  3  99
  4  36
  5  62
  6  97
  7  65
  8   9
  8  48
  9  33
  9  52
 10  26
 10  73
 10  94
 11  34
 11  35
 11  37
 11  81
 11  95
 13  24
 13  48
 14  34
 14  46
 15  80
 16  48
 17  35
 17  93
 18  19
 19  27
 20  37
 20  64
 20  87
 21  35
 21  71
 22  26
 22  90
 23  30
 23  52
 23  66
 24  70
 25  80
 27  34
 27  73
 29  37
 30  60
 30  68
 30  76
 30  84
 30  94
 31  36
 32  85
 34  75
 34  87
 34  95
 35  95
 36  48
 36  58
 37  61
 43  82
 44  89
 45  52
 46  53
 46  66
 46  93
 50  86
 51  53
 51  72
 52  54
 53  88
 54  87
 54  99
 59  67
 61  80
 61  95
 61  99
 65  82
 66  75
 67  80
 70  90
 71  84
 74  94
 75  97
 75  98
 76  99
 78  84
 78  87
 79  89
 79  90
 84  88
 88  89
