# n=100 p=0.020 seed=3292
  1  32
  2  33
  3  41
  3  95
  4  43
  4  75
  5   7
  5  79
  5  92
  6  10
  6  97
  7  81
  8  34
  8  67
  9  53
  9  55
  9  79
 10  33
 10  41
 14  30
 14  63
 15  18
 16  37
 16  43
 16  88
 17  38
 17  57
 19  49
 19  61
 21  49
 21  53
 21  71
 21  99
 22  58
 23  48
 24  80
 26  86
 27  40
 27  78
 29  37
 29  95
 31  52
 31  60
 34  37
 34  93
 35  42
 35  50
 36  68
 36  72
 37  91
 37  95
 39  53
 40  70
 40  99
 42  43
 42  67
 43  51
 43  66
 44  74
 44  75
 44  84
 44  92
 45  96
 47  63
 51  81
 54  83
 55  82
 57  80
 60  92
 61  79
 62  80
 62  84
 62  98
 64  89
 65  72
 66  92
 67  90
 67  95
 68  69
 68  84
 69  89
 70  77
 72  80
 75  98
 78  82
 80  98
 81  92
 86  94
 93  97
