# n=100 p=0.020 seed=3268
  0  62
  0  87
  1  25
  1  49
  1  71
  1  75
  2  39
  2  69
  3   5
  3  27
  3  28
  4  88
  5  31
  5  32
  6  34
  6  81
  6  85
  6  97
  7  83
  8  13
  8  85
 10  26
 10  63
 10  67
 11  73
 12  40
 12  61
 13  21
 13  80
 14  49
 14  90
 16  30
 16  85
 16  91
 16  96
 17  46
 17  51
 19  83
 21  40
 21  60
 23  54
 25  46
 25  47
 25  61
 25  94
 25  95
 26  45
 26  48
 26  63
 26  71
 27  55
 28  63
 28  79
 29  62
 30  67
 30  91
 31  65
 32  61
 32  92
 33  46
 33  51
 33  74
 34  46
 34  76
 35  70
 35  94
 36  53
 37  60
 38  67
 40  97
 41  52
 41  84
 42  68
 43  46
 43  70
 44  57
 44  61
 45  78
 46  67
 46  82
 47  97
 48  61
 49  93
 52  84
 54  63
 54  76
 56  94
 58  91
 58  98
 60  66
 64  72
 67  71
 67  76
 68  96
 71  74
 71  94
 73  88
 73  97
 74  95
 77  85
 77  98
 78  88
 81  98
 86  98
