# n=100 p=0.020 seed=3345
  0  26
  1  87
  2  75
  4   8
  5  67
  7  51
  8  97
  9  57
 10  16
 10  21
 10  57
 10  94
 11  48
 11  69
 11  76
 11  79
 12  54
 12  81
 12  94
 13  28
 14  37
 14  70
 14  88
 17  97
 19  53
 19  72
 21  83
 21  91
 22  25
 22  40
 23  35
 23  49
 23  84
 24  33
 26  27
 26  68
 26  91
 27  30
 27  40
 27  57
 27  89
 28  61
 29  73
 30  33
 31  48
 31  81
 32  46
 32  69
 33  84
 34  99
 35  85
 35  89
 37  53
 37  91
 38  54
 38  72
 41  56
 42  98
 43  88
 44  76
 46  57
 46  75
 46  92
 47  75
 47  92
 48  50
 48  96
 49  63
 50  61
 50  75
 50  98
 52  83
 53  58
 53  71
 56  68
 59  91
 61  69
 61  79
 72  90
 72  94
 73  75
 73  80
 73  86
 75  84
 78  85
 79  88
 80  87
 80  96
 86  88
 93  98
 95  99
