# n=50 p=0.200 seed=2931
  0   5
  0   7
  0   8
  0  10
  0  16
  0  18
  0  21
  0  26
  0  34
  0  42
  0  44
  0  46
  0  48
  1   2
  1   3
  1   5
  1  14
  1  16
  1  17
  1  21
  1  24
  1  27
  1  28
  1  35
  1  37
  1  45
  1  48
  2   5
  2   8
  2   9
  2  11
  2  18
  2  21
  2  23
  2  26
  2  29
  2  34
  2  47
  2  48
  3  12
  3  13
  3  17
  3  20
  3  22
  3  31
  3  39
  3  46
  3  48
  4   7
  4   8
  4  26
  4  37
  4  46
  4  48
  5   6
  5  10
  5  20
  5  21
  5  22
  5  30
  5  42
  5  43
  5  49
  6   9
  6  10
  6  11
  6  13
  6  17
  6  19
  6  29
  6  43
  7  11
  7  16
  7  17
  7  22
  7  43
  8  17
  8  18
  8  19
  8  38
  8  48
  9  21
  9  22
  9  27
  9  31
  9  42
  9  44
 10  17
 10  26
 10  29
 10  37
 10  42
 11  14
 11  15
 11  22
 11  23
 11  42
 11  48
 12  15
 12  19
 12  20
 12  22
 12  23
 12  30
 12  37
 12  49
 13  15
 13  18
 13  21
 13  33
 13  38
 13  39
 14  19
 14  21
 14  23
 14  32
 14  34
 14  35
 14  42
 14  43
 14  49
 15  16
 15  17
 15  24
 15  30
 15  33
 15  35
 15  37
 15  43
 16  18
 16  21
 16  23
 16  30
 16  32
 16  34
 16  48
 17  23
 17  24
 17  28
 17  31
 18  29
 18  30
 18  35
 18  44
 18  45
 19  21
 19  23
 19  27
 19  30
 19  40
 20  30
 20  31
 20  45
 21  27
 21  28
 21  29
 21  35
 21  37
 21  41
 21  45
 21  49
 22  34
 22  35
 22  36
 22  39
 22  43
 22  47
 22  48
 22  49
 23  35
 23  36
 23  39
 23  40
 23  45
 24  41
 24  42
 25  38
 25  43
 25  46
 26  35
 26  37
 26  41
 26  42
 27  35
 27  39
 27  40
 27  44
 28  31
 28  36
 29  32
 29  39
 29  47
 29  49
 30  31
 30  32
 30  42
 30  47
 31  46
 32  34
 32  35
 32  38
 32  42
 32  49
 33  35
 33  41
 33  47
 34  35
 34  40
 34  41
 34  47
 35  38
 35  41
 35  47
 36  41
 36  44
 36  45
 37  42
 38  39
 38  42
 38  43
 38  44
 38  45
 39  49
 40  48
 41  43
 41  46
 42  46
 42  47
 42  49
 43  45
 43  48
 45  48
 46  47
 48  49
