# n=50 p=0.200 seed=2893
  0   5
  0  18
  0  19
  0  24
  0  25
  0  28
  0  31
  0  32
  0  38
  0  44
  0  48
  1  14
  1  15
  1  21
  1  22
  1  23
  1  28
  1  29
  1  36
  2  11
  2  15
  2  16
  2  22
  2  23
  2  32
  2  33
  2  37
  2  47
  2  49
  3   7
  3   8
  3  19
  3  22
  3  45
  3  49
  4  15
  4  23
  4  24
  4  30
  4  36
  4  38
  4  47
  5  11
  5  21
  5  38
  5  39
  5  40
  5  41
  5  43
  6  14
  6  15
  6  19
  6  21
  6  26
  6  29
  6  33
  6  38
  6  39
  6  40
  6  41
  7  12
  7  15
  7  19
  7  21
  7  22
  7  23
  7  32
  7  38
  7  39
  7  45
  7  46
  8  12
  8  14
  8  18
  8  34
  8  39
  8  43
  9  13
  9  14
  9  16
  9  19
  9  32
  9  33
  9  42
  9  48
 10  11
 10  19
 10  29
 10  34
 10  43
 11  13
 11  15
 11  16
 11  17
 11  22
 11  30
 11  35
 11  37
 11  39
 11  42
 11  43
 11  46
 12  17
 12  19
 12  27
 12  28
 12  32
 12  39
 12  40
 12  45
 12  48
 13  19
 13  22
 13  24
 13  26
 13  27
 13  33
 13  41
 13  46
 13  47
 14  15
 14  21
 14  27
 14  28
 14  36
 14  46
 15  16
 15  17
 15  22
 15  23
 15  28
 15  32
 15  42
 15  45
 15  48
 15  49
 16  17
 16  20
 16  30
 16  31
 16  33
 16  37
 16  39
 16  40
 16  43
 16  44
 17  26
 17  29
 17  37
 17  41
 17  46
 17  48
 18  23
 18  26
 18  28
 18  30
 18  34
 18  35
 18  36
 18  40
 18  43
 18  46
 18  48
 19  27
 19  29
 19  35
 20  22
 20  30
 20  39
 20  44
 21  27
 21  30
 21  33
 21  34
 21  35
 21  48
 22  26
 22  30
 22  32
 22  36
 22  37
 22  41
 22  45
 23  28
 23  34
 23  37
 23  47
 24  25
 24  27
 24  31
 24  33
 24  34
 24  36
 24  41
 24  48
 24  49
 25  42
 25  49
 26  36
 26  40
 26  41
 26  42
 27  29
 27  30
 27  36
 27  43
 27  48
 28  36
 28  38
 28  39
 28  44
 29  39
 29  46
 29  49
 31  38
 32  37
 32  38
 32  42
 32  46
 33  39
 34  37
 34  43
 34  46
 35  39
 35  41
 35  44
 36  37
 36  46
 36  48
 37  46
 38  41
 38  46
 38  47
 39  40
 39  41
 39  42
 39  47
 40  46
 40  47
 41  44
 42  44
 42  47
 43  46
 43  49
 44  46
 45  48
 46  49
 47  49
 48  49
