# n=50 p=0.200 seed=2988
  0  14
  0  23
  0  32
  0  34
  0  35
  0  40
  0  41
  0  47
  1   3
  1   4
  1   7
  1  19
  1  20
  1  22
  1  23
  1  31
  1  39
  1  40
  1  44
  1  48
  2   3
  2   4
  2   8
  2   9
  2  16
  2  20
  2  29
  2  34
  2  42
  2  43
  3  15
  3  18
  3  20
  3  31
  3  36
  3  40
  3  46
  3  49
  4   9
  4  13
  4  14
  4  17
  4  36
  5  10
  5  18
  5  19
  5  25
  5  26
  5  37
  5  38
  5  40
  5  43
  6  16
  6  21
  6  25
  6  28
  6  31
  6  35
  6  36
  7  12
  7  46
  7  48
  8  16
  8  18
  8  22
  8  26
  8  30
  8  38
  8  42
  8  49
  9  13
  9  16
  9  22
  9  23
  9  27
  9  36
  9  37
  9  41
  9  44
  9  49
 10  26
 10  34
 10  45
 10  46
 10  47
 11  18
 11  19
 11  25
 11  29
 11  30
 11  31
 11  32
 11  41
 11  44
 11  48
 12  18
 12  23
 12  26
 12  40
 12  47
 13  19
 13  20
 13  30
 13  44
 14  16
 14  18
 14  22
 14  28
 14  33
 14  35
 14  39
 14  41
 14  42
 14  44
 14  47
 15  19
 15  25
 15  35
 15  37
 15  40
 15  42
 15  46
 16  22
 16  24
 16  26
 16  28
 16  35
 16  37
 16  38
 16  40
 16  47
 16  48
 17  39
 17  40
 17  49
 18  22
 18  28
 18  34
 18  42
 18  47
 19  23
 19  30
 19  32
 19  35
 19  39
 19  40
 19  46
 20  29
 20  31
 20  32
 20  34
 20  45
 20  48
 21  24
 21  25
 21  28
 21  29
 21  30
 21  32
 21  35
 21  44
 21  45
 21  48
 22  25
 22  28
 22  38
 22  42
 23  26
 23  31
 23  41
 23  42
 24  27
 24  33
 24  34
 24  40
 24  44
 24  47
 25  28
 25  42
 25  45
 25  46
 26  42
 27  29
 27  33
 27  34
 27  36
 27  38
 27  42
 27  49
 28  31
 28  38
 28  42
 28  48
 28  49
 29  30
 29  32
 29  33
 29  38
 29  39
 29  42
 29  43
 30  33
 30  36
 31  41
 31  45
 32  44
 32  45
 32  46
 33  35
 33  36
 33  38
 33  42
 34  39
 34  45
 34  46
 35  36
 35  38
 35  43
 35  46
 36  40
 36  41
 36  43
 37  46
 37  47
 37  49
 38  40
 38  45
 38  48
 39  42
 39  49
 40  44
 40  47
 43  44
 43  45
 43  46
 45  46
