# n=50 p=0.200 seed=2980
  0  25
  0  26
  0  28
  0  37
  0  38
  0  40
  1  13
  1  20
  1  23
  1  26
  1  29
  1  30
  1  33
  1  34
  1  43
  1  44
  1  45
  1  48
  2  11
  2  14
  2  15
  2  20
  2  23
  2  29
  2  31
  2  32
  2  39
  2  40
  2  42
  2  45
  2  46
  3   6
  3  10
  3  18
  3  20
  3  26
  3  29
  3  35
  3  47
  4   9
  4  11
  4  12
  4  22
  4  24
  4  26
  4  31
  4  35
  4  46
  5   7
  5   9
  5  30
  5  31
  5  35
  5  36
  5  38
  6   7
  6   9
  6  10
  6  14
  6  18
  6  28
  6  35
  7  16
  7  21
  7  24
  7  28
  7  29
  7  35
  7  43
  7  48
  8  20
  8  24
  8  32
  8  44
  9  11
  9  18
  9  19
  9  23
  9  28
  9  35
  9  37
 10  13
 10  19
 10  31
 10  32
 10  41
 10  47
 11  13
 11  15
 11  17
 11  19
 11  20
 11  26
 11  28
 11  39
 11  40
 11  49
 12  13
 12  18
 12  30
 12  33
 12  45
 12  46
 12  47
 12  49
 13  17
 13  20
 13  26
 13  31
 13  33
 13  34
 13  45
 13  48
 14  15
 14  31
 14  33
 14  34
 14  42
 15  20
 15  22
 15  24
 15  32
 15  38
 15  46
 16  17
 16  20
 16  24
 16  28
 16  32
 16  33
 16  36
 16  38
 17  32
 17  36
 17  38
 17  40
 17  45
 17  49
 18  24
 18  35
 18  38
 18  47
 18  48
 19  23
 19  29
 19  33
 19  36
 19  38
 19  45
 19  47
 19  48
 20  23
 20  30
 20  34
 20  38
 20  42
 20  47
 21  25
 21  30
 21  34
 21  35
 21  37
 21  46
 22  24
 22  36
 22  37
 22  39
 22  43
 22  48
 22  49
 23  31
 23  33
 23  37
 24  26
 24  29
 24  31
 24  41
 24  45
 24  49
 25  27
 25  32
 25  40
 25  44
 25  45
 25  49
 26  29
 26  31
 26  35
 26  45
 26  47
 26  48
 27  48
 28  31
 28  32
 28  34
 28  49
 29  32
 29  33
 29  40
 29  44
 30  47
 30  49
 31  34
 31  39
 31  40
 32  33
 32  40
 32  43
 32  44
 32  47
 32  48
 33  42
 34  40
 34  46
 35  43
 35  45
 36  37
 36  45
 37  39
 37  40
 37  42
 37  47
 38  49
 39  48
 40  46
 40  47
 41  45
 41  46
 41  49
 42  44
 43  47
 43  48
 45  46
 46  47
 48  49
