# n=50 p=0.200 seed=2955
  0   5
  0   6
  0  17
  0  19
  0  29
  0  46
  0  49
  1  16
  1  17
  1  26
  1  33
  1  34
  1  42
  1  46
  2   3
  2   9
  2  14
  2  16
  2  17
  2  28
  2  29
  2  36
  2  37
  2  39
  2  43
  3   8
  3  10
  3  13
  3  25
  3  26
  3  30
  3  32
  3  33
  3  48
  4   7
  4   8
  4  15
  4  25
  4  26
  4  29
  4  31
  4  36
  4  37
  4  43
  4  45
  4  46
  5   7
  5   8
  5  15
  5  20
  5  22
  5  23
  5  45
  5  47
  6  21
  6  23
  6  34
  6  35
  6  37
  6  49
  7   9
  7  10
  7  13
  7  18
  7  24
  7  29
  7  35
  7  42
  7  47
  8  16
  8  18
  8  20
  8  22
  8  23
  8  31
  8  38
  8  40
  8  41
  9  10
  9  11
  9  14
  9  24
  9  29
  9  40
  9  46
  9  48
 10  13
 10  14
 10  20
 10  21
 10  38
 10  39
 10  40
 10  45
 11  12
 11  13
 11  32
 11  35
 11  36
 11  38
 11  40
 11  41
 11  48
 11  49
 12  20
 12  22
 12  26
 12  27
 12  29
 12  30
 12  37
 12  39
 12  42
 12  43
 12  47
 12  49
 13  16
 13  26
 13  27
 13  29
 13  32
 13  33
 13  35
 13  38
 13  44
 13  47
 13  48
 13  49
 14  21
 14  26
 14  28
 14  30
 14  31
 14  34
 14  37
 14  40
 14  41
 14  46
 15  21
 15  26
 15  27
 15  36
 15  45
 15  48
 15  49
 16  20
 16  22
 16  25
 16  32
 16  35
 16  40
 16  49
 17  19
 17  23
 17  32
 17  41
 18  23
 18  25
 18  38
 18  39
 18  41
 18  42
 18  46
 19  26
 19  33
 19  34
 19  42
 20  32
 20  38
 20  39
 20  40
 20  41
 20  44
 21  24
 21  28
 21  39
 21  42
 21  43
 21  44
 21  47
 22  25
 22  33
 22  35
 22  38
 22  40
 22  43
 23  24
 23  27
 23  29
 23  30
 23  31
 23  49
 24  28
 24  36
 24  40
 25  27
 25  39
 25  40
 25  41
 26  28
 26  38
 26  43
 26  45
 26  48
 27  28
 27  33
 27  34
 27  40
 27  41
 28  29
 28  35
 28  38
 28  39
 28  47
 29  30
 29  34
 29  42
 29  47
 30  36
 30  38
 30  40
 30  41
 31  32
 31  33
 31  35
 31  39
 31  42
 32  33
 32  36
 32  40
 32  48
 33  36
 33  41
 33  42
 33  43
 34  47
 34  49
 35  38
 35  40
 35  42
 35  43
 35  45
 35  49
 36  37
 36  40
 36  42
 36  44
 36  48
 37  39
 37  43
 37  46
 39  43
 39  46
 40  42
 40  46
 41  49
 42  43
 42  44
 42  45
 43  49
 44  47
 44  48
 45  46
 45  48
 46  48
 48  49
