# n=50 p=0.200 seed=2906
  0   6
  0   7
  0  10
  0  19
  0  23
  0  25
  0  27
  0  29
  0  39
  0  40
  0  42
  0  46
  1   3
  1   6
  1   7
  1  10
  1  18
  1  21
  1  29
  1  31
  1  34
  1  46
  1  49
  2   4
  2   5
  2   8
  2   9
  2  14
  2  38
  2  39
  2  48
  3  10
  3  12
  3  14
  3  20
  3  23
  3  27
  3  37
  3  38
  3  44
  4  11
  4  12
  4  14
  4  18
  4  27
  4  29
  4  30
  4  36
  4  41
  5   6
  5   8
  5  12
  5  13
  5  30
  5  32
  5  35
  5  37
  6  17
  6  18
  6  19
  6  22
  6  25
  6  26
  6  27
  6  32
  6  35
  6  41
  7   9
  7  10
  7  18
  7  21
  7  29
  7  38
  8  10
  8  27
  8  31
  8  32
  8  36
  8  46
  8  48
  9  13
  9  20
  9  22
  9  23
  9  29
  9  39
  9  43
 10  11
 10  15
 10  16
 10  17
 10  30
 10  34
 10  39
 11  12
 11  13
 11  31
 11  32
 11  45
 11  48
 12  13
 12  16
 12  19
 12  24
 12  25
 12  36
 12  38
 12  40
 12  47
 13  14
 13  17
 13  20
 13  21
 13  23
 13  25
 13  34
 13  35
 13  44
 14  18
 14  24
 14  30
 15  17
 15  19
 15  22
 15  34
 15  37
 15  41
 15  43
 16  22
 16  24
 16  28
 16  45
 17  18
 17  20
 17  21
 17  22
 17  23
 17  24
 17  30
 17  31
 17  32
 17  36
 17  48
 18  19
 18  20
 18  22
 18  27
 18  41
 18  45
 18  46
 19  26
 19  31
 19  33
 19  39
 19  43
 19  45
 19  46
 20  27
 20  43
 21  26
 22  24
 22  28
 22  29
 22  31
 22  34
 22  36
 22  42
 23  24
 23  25
 23  32
 23  46
 24  32
 24  33
 24  37
 24  38
 24  43
 24  45
 24  49
 25  30
 25  31
 25  35
 25  47
 26  27
 26  29
 26  33
 26  35
 26  38
 27  28
 27  30
 27  32
 27  33
 27  38
 27  39
 28  39
 28  45
 29  30
 29  42
 29  46
 30  37
 30  38
 30  39
 30  41
 31  35
 31  37
 31  39
 31  40
 31  41
 31  45
 32  38
 32  49
 33  34
 33  45
 34  36
 34  42
 35  38
 35  44
 35  47
 35  49
 36  37
 36  40
 37  38
 37  44
 37  45
 37  49
 38  40
 38  48
 39  40
 39  46
 39  48
 39  49
 40  45
 40  47
 40  49
 41  42
 41  44
 42  44
 42  47
 46  49
 47  48
