# n=50 p=0.200 seed=2952
  0  13
  0  17
  0  18
  0  19
  0  21
  0  24
  0  25
  0  28
  0  30
  0  40
  0  43
  1   3
  1   4
  1   6
  1   7
  1  14
  1  18
  1  28
  1  29
  1  32
  1  35
  1  44
  1  48
  2   5
  2  10
  2  18
  2  36
  2  37
  2  39
  2  41
  3  12
  3  13
  3  19
  3  25
  3  27
  3  28
  3  29
  3  40
  3  41
  3  43
  3  47
  4  16
  4  17
  4  21
  4  23
  4  26
  4  29
  4  35
  4  40
  4  46
  5  11
  5  24
  5  29
  5  38
  5  49
  6   8
  6  13
  6  37
  6  43
  7  10
  7  13
  7  15
  7  22
  7  23
  7  26
  7  33
  7  48
  8   9
  8  14
  8  17
  8  26
  8  34
  8  43
  8  47
  9  27
  9  31
  9  34
  9  37
  9  38
 10  12
 10  17
 10  21
 10  31
 10  33
 10  34
 10  38
 10  42
 10  46
 11  13
 11  17
 11  18
 11  33
 11  44
 12  15
 12  19
 12  26
 12  32
 12  33
 12  38
 12  39
 12  46
 13  19
 13  36
 13  40
 13  41
 13  45
 14  16
 14  24
 14  26
 14  46
 15  18
 15  22
 15  26
 15  27
 15  40
 15  43
 15  45
 16  21
 16  22
 16  24
 16  28
 16  36
 16  40
 16  42
 16  43
 16  46
 16  48
 17  22
 17  26
 17  40
 17  42
 17  45
 17  46
 18  19
 18  20
 18  24
 18  36
 18  40
 18  42
 18  45
 19  27
 19  42
 19  43
 19  46
 19  48
 20  29
 20  31
 20  37
 20  44
 21  22
 21  26
 21  29
 21  32
 21  33
 21  43
 21  49
 22  24
 22  28
 22  34
 22  36
 22  40
 22  41
 23  25
 23  26
 23  32
 23  36
 24  25
 24  29
 24  36
 24  42
 24  43
 25  35
 26  27
 26  28
 26  33
 26  46
 27  30
 27  46
 27  47
 28  33
 28  38
 29  32
 29  39
 29  45
 29  46
 29  48
 30  31
 30  32
 30  34
 30  43
 30  47
 30  49
 31  32
 31  46
 32  42
 33  35
 33  36
 33  43
 33  48
 33  49
 34  40
 35  40
 36  40
 37  41
 37  46
 37  47
 39  40
 39  41
 39  42
 39  45
 39  48
 40  41
 40  42
 40  44
 40  46
 40  47
 42  43
 42  44
 42  45
 42  48
 42  49
 43  45
 43  46
 44  49
 48  49
