# n=50 p=0.200 seed=2977
  0  10
  0  11
  0  13
  0  27
  0  33
  0  35
  0  40
  0  42
  0  46
  1   5
  1   9
  1  22
  1  25
  1  31
  1  38
  1  48
  2   8
  2   9
  2  15
  2  21
  2  31
  2  32
  2  41
  2  47
  3  12
  3  14
  3  20
  3  29
  3  42
  3  49
  4   5
  4  11
  4  16
  4  19
  4  31
  4  32
  4  35
  4  37
  4  40
  4  46
  5   7
  5  11
  5  17
  5  19
  5  22
  5  30
  5  34
  5  38
  5  49
  6  11
  6  12
  6  17
  6  19
  6  21
  6  22
  6  27
  6  35
  6  46
  6  49
  7  12
  7  15
  7  21
  7  22
  7  24
  7  26
  7  39
  7  43
  7  45
  7  46
  8  14
  8  17
  8  21
  8  25
  8  31
  8  34
  8  38
  8  43
  8  49
  9  10
  9  11
  9  12
  9  15
  9  17
  9  21
  9  30
  9  38
  9  39
 10  20
 10  27
 10  28
 10  31
 10  32
 10  35
 10  37
 10  38
 10  40
 10  43
 10  48
 11  13
 11  18
 11  19
 11  21
 11  26
 11  34
 11  35
 11  36
 11  41
 11  42
 11  44
 11  48
 12  20
 12  26
 12  36
 12  37
 12  42
 12  43
 13  16
 13  23
 13  24
 13  25
 13  28
 13  33
 13  36
 13  41
 13  42
 13  43
 13  45
 13  47
 13  48
 14  28
 14  30
 14  35
 14  36
 15  17
 15  20
 15  21
 15  24
 15  26
 15  28
 16  21
 16  23
 16  24
 16  25
 16  26
 16  35
 16  41
 16  48
 17  18
 17  24
 17  33
 17  36
 17  46
 17  49
 18  21
 18  23
 18  24
 18  34
 19  20
 19  21
 19  23
 19  25
 19  27
 19  33
 19  36
 19  42
 20  23
 20  42
 20  46
 21  23
 21  25
 21  26
 21  33
 21  39
 21  41
 22  26
 22  34
 22  38
 22  40
 22  42
 22  43
 23  26
 23  30
 23  34
 23  36
 23  38
 23  44
 23  49
 24  36
 24  37
 24  40
 24  42
 24  48
 25  26
 25  34
 25  42
 25  45
 26  30
 26  31
 26  32
 26  40
 27  36
 27  42
 27  43
 28  29
 28  32
 28  37
 28  46
 28  48
 29  33
 29  35
 29  40
 29  43
 30  31
 30  36
 30  44
 30  47
 31  32
 31  33
 31  38
 31  39
 31  42
 32  33
 32  34
 32  38
 32  43
 32  45
 32  46
 33  34
 33  37
 33  40
 33  47
 34  49
 35  41
 35  42
 35  43
 35  47
 35  48
 36  45
 36  48
 37  40
 38  40
 38  46
 38  47
 38  48
 39  46
 39  47
 40  48
 40  49
 41  42
 42  46
 42  48
 42  49
 43  48
 44  47
 46  48
 46  49
