# n=50 p=0.200 seed=2882
  0   4
  0  13
  0  14
  0  22
  0  23
  0  24
  0  25
  0  30
  0  43
  1   4
  1   7
  1   8
  1   9
  1  12
  1  19
  1  25
  1  27
  1  30
  1  33
  1  36
  1  39
  2   5
  2   7
  2  11
  2  12
  2  19
  2  21
  2  22
  2  27
  2  29
  2  33
  2  36
  2  39
  2  40
  2  44
  3   5
  3   9
  3  12
  3  15
  3  18
  3  20
  3  22
  3  30
  3  32
  3  34
  3  44
  3  49
  4  12
  4  17
  4  20
  4  24
  4  33
  4  41
  4  46
  4  47
  5   7
  5   9
  5  12
  5  16
  5  17
  5  21
  5  37
  5  41
  5  45
  6  10
  6  23
  6  30
  6  31
  6  32
  6  34
  6  46
  7   9
  7  13
  7  18
  7  21
  7  23
  7  24
  7  28
  7  30
  7  31
  7  32
  7  35
  7  37
  7  46
  7  47
  7  49
  8   9
  8  29
  8  42
  8  48
  9  10
  9  11
  9  18
  9  23
  9  24
  9  35
 10  12
 10  13
 10  15
 10  19
 10  20
 10  24
 10  26
 10  30
 10  32
 10  38
 10  49
 11  16
 11  18
 11  19
 11  25
 11  31
 11  32
 11  33
 11  37
 11  39
 11  42
 11  44
 11  46
 11  47
 11  48
 11  49
 12  13
 12  14
 12  15
 12  24
 12  27
 12  37
 12  40
 12  41
 12  44
 12  47
 13  16
 13  19
 13  21
 13  23
 13  33
 13  34
 13  38
 13  44
 13  48
 14  23
 14  24
 14  25
 14  45
 15  22
 15  25
 15  30
 15  36
 15  38
 15  41
 15  48
 16  24
 16  27
 16  28
 16  30
 16  37
 16  41
 16  43
 16  48
 17  20
 17  30
 17  35
 17  37
 17  40
 17  43
 17  48
 17  49
 18  19
 18  20
 18  24
 18  25
 18  39
 18  41
 18  47
 19  20
 19  22
 19  33
 19  48
 19  49
 20  21
 20  28
 20  41
 20  42
 20  46
 20  48
 21  23
 21  27
 21  37
 21  41
 21  44
 22  24
 22  29
 22  30
 22  37
 22  38
 22  49
 23  24
 23  25
 23  26
 23  28
 23  29
 23  37
 23  38
 24  26
 24  29
 24  33
 24  41
 24  48
 25  26
 25  30
 25  33
 25  35
 25  49
 26  28
 26  30
 26  40
 26  43
 26  48
 26  49
 27  31
 27  33
 27  38
 27  42
 27  44
 27  46
 27  48
 28  29
 28  32
 28  34
 28  39
 28  40
 28  41
 29  33
 29  35
 29  37
 29  38
 29  45
 30  44
 30  46
 30  47
 31  35
 31  44
 31  45
 32  33
 32  34
 32  35
 32  39
 32  46
 32  48
 33  34
 33  36
 33  40
 33  41
 33  43
 33  47
 34  35
 34  40
 34  41
 34  49
 35  43
 35  44
 35  45
 36  40
 36  41
 36  44
 36  47
 37  38
 37  39
 37  47
 38  39
 38  41
 39  40
 39  42
 39  44
 39  45
 39  46
 39  48
 40  41
 40  47
 43  47
 43  48
 44  46
 45  46
 47  48
 47  49
