# n=50 p=0.200 seed=2998
  0   6
  0  23
  0  24
  0  26
  0  28
  0  32
  0  40
  0  44
  0  48
  1   4
  1   6
  1  15
  1  19
  1  20
  1  29
  1  34
  1  38
  1  45
  2  12
  2  16
  2  17
  2  22
  2  23
  2  30
  2  32
  2  36
  2  42
  3   6
  3  11
  3  12
  3  15
  3  17
  3  22
  3  23
  3  33
  3  34
  3  35
  3  39
  3  42
  3  45
  3  48
  4   7
  4  15
  4  16
  4  28
  4  29
  4  30
  4  31
  4  36
  4  48
  5   6
  5   9
  5  11
  5  18
  5  27
  5  32
  5  44
  6   8
  6  10
  6  14
  6  19
  6  20
  6  34
  6  40
  6  41
  6  42
  6  48
  7   9
  7  13
  7  34
  7  37
  7  46
  8  10
  8  11
  8  23
  8  29
  8  30
  8  38
  8  43
  8  46
  8  47
  9  13
  9  29
  9  33
  9  35
  9  38
  9  39
  9  49
 10  11
 10  13
 10  15
 10  19
 10  23
 10  29
 10  37
 10  43
 10  45
 10  46
 10  47
 10  48
 10  49
 11  12
 11  14
 11  26
 11  28
 11  35
 11  37
 11  44
 11  47
 12  14
 12  23
 12  25
 12  32
 12  42
 12  45
 13  15
 13  21
 13  22
 13  25
 13  26
 14  25
 14  27
 14  28
 14  32
 14  33
 14  37
 14  43
 14  45
 14  47
 14  49
 15  20
 15  21
 15  24
 15  31
 15  38
 15  49
 16  19
 16  25
 16  30
 16  31
 16  32
 16  41
 16  42
 17  21
 17  24
 17  37
 17  40
 17  41
 17  49
 18  19
 18  29
 18  49
 19  21
 19  32
 19  34
 19  37
 19  43
 20  24
 20  25
 20  27
 20  29
 20  32
 20  35
 20  39
 20  40
 21  24
 21  37
 21  45
 21  46
 21  47
 22  23
 22  26
 22  30
 22  37
 22  39
 22  41
 23  27
 23  28
 23  31
 23  32
 23  40
 23  43
 23  46
 24  27
 25  26
 25  38
 25  39
 25  40
 25  46
 26  27
 26  28
 26  41
 27  31
 27  33
 27  34
 27  36
 27  37
 27  38
 27  41
 29  32
 29  33
 29  36
 29  37
 30  32
 30  37
 30  38
 30  39
 31  39
 31  40
 31  44
 31  48
 32  48
 33  34
 33  36
 33  44
 33  49
 34  36
 34  37
 34  39
 34  43
 34  45
 34  48
 34  49
 35  45
 36  46
 37  39
 37  41
 38  40
 38  41
 38  48
 39  44
 40  43
 41  47
 42  46
 43  47
 44  46
 47  48
