# n=50 p=0.200 seed=2993
  0  12
  0  17
  0  21
  0  23
  0  25
  0  34
  0  47
  1   6
  1   7
  1  10
  1  21
  1  32
  1  42
  1  46
  1  47
  2   5
  2  11
  2  13
  2  15
  2  20
  2  25
  2  29
  2  30
  2  32
  2  42
  2  47
  3  12
  3  13
  3  15
  3  16
  3  18
  3  21
  3  22
  3  29
  3  32
  3  36
  3  37
  4  14
  4  15
  4  21
  4  32
  4  35
  4  45
  4  47
  5   7
  5  21
  5  26
  5  29
  5  35
  5  37
  5  38
  6  10
  6  12
  6  13
  6  14
  6  17
  6  19
  6  24
  6  35
  7  10
  7  18
  7  23
  7  26
  7  27
  7  28
  7  32
  7  35
  7  44
  7  46
  8  11
  8  12
  8  17
  8  21
  8  22
  8  23
  8  25
  8  32
  8  33
  8  36
  8  43
  8  47
  9  10
  9  12
  9  18
  9  19
  9  26
  9  28
  9  30
  9  31
  9  41
  9  45
 10  12
 10  14
 10  16
 10  21
 10  23
 10  25
 10  28
 10  29
 10  34
 10  35
 10  37
 10  49
 11  13
 11  16
 11  17
 11  18
 11  21
 11  23
 11  25
 11  37
 11  41
 11  45
 12  17
 12  29
 12  32
 12  34
 12  35
 12  37
 12  49
 13  14
 13  17
 13  19
 13  28
 13  41
 13  43
 13  44
 13  49
 14  21
 14  23
 14  28
 14  34
 14  39
 14  41
 14  47
 15  18
 15  19
 15  20
 15  28
 15  32
 15  33
 15  36
 15  37
 15  45
 15  48
 16  18
 16  22
 16  23
 16  24
 16  30
 16  32
 16  34
 16  35
 16  37
 16  43
 16  45
 17  28
 17  35
 17  37
 17  41
 18  19
 18  21
 18  25
 18  26
 18  38
 18  42
 18  48
 18  49
 19  22
 19  26
 19  28
 19  30
 19  34
 19  42
 19  47
 20  21
 20  23
 20  38
 20  42
 20  44
 20  46
 20  49
 21  23
 21  24
 21  26
 21  30
 21  32
 21  38
 21  41
 21  44
 21  46
 21  47
 21  49
 22  25
 22  35
 23  26
 23  32
 23  42
 23  48
 24  30
 24  38
 24  43
 24  49
 25  29
 25  34
 25  35
 25  39
 25  42
 25  45
 25  48
 26  36
 26  44
 26  45
 26  48
 27  41
 27  44
 28  32
 28  41
 29  36
 29  37
 29  40
 29  43
 29  44
 29  47
 30  36
 30  40
 30  44
 30  45
 30  46
 31  32
 31  39
 31  40
 32  34
 32  39
 32  42
 32  43
 32  46
 33  39
 33  46
 33  48
 34  37
 35  36
 35  47
 36  37
 36  45
 37  40
 37  41
 37  43
 37  45
 38  39
 38  40
 38  42
 40  43
 40  46
 42  46
 42  48
 43  45
 43  46
 43  47
 44  46
 45  46
 46  49
