# n=50 p=0.200 seed=2911
  0  11
  0  13
  0  14
  0  15
  0  17
  0  19
  0  21
  0  23
  0  30
  0  33
  0  35
  0  38
  0  44
  0  47
  1   4
  1   5
  1  10
  1  14
  1  22
  1  30
  1  37
  1  41
  2   4
  2  16
  2  18
  2  28
  2  29
  2  36
  2  45
  3   5
  3  10
  3  21
  3  22
  3  23
  3  29
  3  33
  3  41
  3  46
  3  49
  4   7
  4  12
  4  15
  4  16
  4  21
  4  27
  4  29
  4  31
  4  40
  4  43
  5   6
  5   8
  5  19
  5  20
  5  21
  5  30
  5  38
  5  47
  5  49
  6   7
  6  11
  6  12
  6  15
  6  16
  6  20
  6  22
  6  28
  6  34
  6  37
  7  14
  7  17
  7  23
  7  25
  7  32
  7  41
  7  42
  7  45
  8  17
  8  18
  8  21
  8  38
  9  13
  9  17
  9  24
  9  25
  9  27
  9  29
  9  35
  9  39
  9  42
  9  44
  9  46
  9  49
 10  14
 10  16
 10  17
 10  19
 10  29
 10  30
 10  32
 10  33
 10  41
 10  43
 10  44
 10  47
 10  49
 11  15
 11  39
 11  44
 11  46
 12  16
 12  17
 12  18
 12  25
 12  31
 12  33
 12  39
 12  46
 13  17
 13  18
 13  20
 13  25
 13  35
 13  39
 13  46
 14  17
 14  22
 14  24
 14  28
 14  31
 14  33
 14  44
 14  45
 14  48
 15  16
 15  17
 15  18
 15  21
 15  22
 15  23
 15  25
 15  29
 15  30
 15  33
 15  49
 16  19
 16  26
 16  33
 16  37
 16  39
 16  49
 17  33
 17  36
 17  40
 17  48
 17  49
 18  20
 18  29
 18  32
 18  37
 18  40
 18  46
 19  20
 19  25
 19  40
 19  42
 19  43
 20  22
 20  25
 20  31
 20  37
 20  41
 20  44
 21  26
 21  34
 21  46
 21  48
 21  49
 22  23
 22  34
 22  37
 22  42
 23  32
 24  28
 24  34
 24  35
 24  41
 24  42
 24  49
 25  27
 25  32
 25  35
 25  44
 25  46
 25  47
 25  48
 26  29
 26  30
 26  33
 26  34
 26  38
 26  39
 26  45
 26  47
 27  37
 27  39
 27  41
 27  42
 27  45
 27  46
 28  32
 28  35
 28  40
 28  44
 28  47
 29  38
 30  43
 30  47
 30  48
 31  32
 31  36
 31  44
 31  48
 32  38
 32  48
 33  39
 33  45
 34  39
 34  46
 35  38
 35  42
 35  46
 35  48
 36  39
 36  46
 39  41
 39  44
 39  45
 39  46
 39  47
 40  47
 40  49
 41  48
 42  43
 42  45
 42  46
 42  47
 42  48
 44  45
 45  48
 47  48
