# n=50 p=0.200 seed=2913
  0  11
  0  12
  0  13
  0  15
  0  17
  0  20
  0  31
  0  33
  0  35
  1   4
  1   6
  1   8
  1  13
  1  16
  1  23
  1  32
  1  35
  1  41
  1  44
  1  47
  2   3
  2   5
  2   7
  2   8
  2   9
  2  10
  2  12
  2  19
  2  20
  2  21
  2  23
  2  26
  2  28
  2  37
  2  42
  2  46
  2  48
  3   6
  3  15
  3  19
  3  20
  3  22
  3  27
  3  29
  3  33
  3  38
  4  18
  4  20
  4  30
  4  31
  4  36
  4  38
  4  43
  5  12
  5  13
  5  16
  5  17
  5  22
  5  24
  5  25
  5  32
  6  13
  6  16
  6  17
  6  23
  6  27
  6  30
  6  37
  6  45
  6  48
  7  13
  7  14
  7  18
  7  22
  7  27
  7  40
  7  46
  7  49
  8  22
  8  24
  8  30
  8  31
  8  34
  8  35
  9  14
  9  17
  9  18
  9  21
  9  29
  9  35
  9  38
  9  40
  9  48
 10  11
 10  19
 10  24
 10  26
 10  28
 10  34
 10  35
 10  37
 10  39
 10  40
 10  42
 10  44
 11  15
 11  16
 11  29
 11  30
 11  32
 11  33
 11  36
 11  45
 12  13
 12  17
 12  18
 12  21
 12  22
 12  24
 12  29
 12  31
 12  35
 12  42
 12  43
 13  14
 13  22
 13  23
 13  26
 13  33
 13  34
 13  35
 13  37
 13  39
 14  17
 14  21
 14  27
 14  30
 14  34
 14  38
 14  39
 14  40
 15  21
 15  24
 15  25
 15  26
 15  32
 15  35
 15  43
 15  45
 15  49
 16  19
 16  22
 16  29
 16  35
 16  37
 16  43
 16  45
 16  46
 17  19
 17  24
 17  25
 17  34
 17  41
 17  48
 18  26
 18  29
 18  36
 18  37
 18  38
 18  42
 18  47
 19  24
 19  29
 19  31
 19  35
 19  37
 19  38
 19  45
 19  47
 19  48
 20  21
 20  32
 20  38
 20  40
 20  44
 20  47
 20  49
 21  24
 21  25
 21  28
 21  32
 21  33
 21  35
 21  38
 21  39
 22  25
 22  26
 22  28
 22  29
 22  31
 22  32
 22  33
 22  38
 22  47
 23  24
 23  25
 23  27
 23  30
 23  33
 23  34
 23  36
 23  46
 24  36
 24  39
 24  43
 24  45
 25  33
 25  41
 25  42
 26  29
 26  30
 26  34
 26  41
 27  31
 27  35
 27  41
 28  32
 28  37
 28  38
 28  40
 28  42
 28  45
 29  33
 29  39
 29  41
 30  35
 30  40
 31  33
 31  41
 31  45
 31  48
 32  34
 32  39
 32  40
 32  41
 32  44
 32  45
 32  47
 33  45
 34  41
 34  44
 34  45
 34  47
 35  36
 35  46
 35  48
 37  38
 37  39
 37  41
 37  42
 37  47
 38  44
 38  45
 38  47
 38  48
 39  45
 39  47
 41  49
 44  49
 45  49
 46  48
