# n=50 p=0.200 seed=2970
  0  11
  0  15
  0  16
  0  28
  0  30
  0  31
  0  44
  1   3
  1   7
  1  11
  1  14
  1  18
  1  26
  1  33
  1  44
  1  47
  2   6
  2   7
  2   8
  2  10
  2  11
  2  16
  2  20
  2  22
  2  27
  2  36
  2  37
  2  40
  2  49
  3   4
  3   6
  3   8
  3  13
  3  14
  3  28
  3  29
  3  30
  3  38
  3  46
  4   5
  4  10
  4  27
  4  28
  4  30
  4  42
  4  43
  4  44
  4  48
  5   8
  5  12
  5  15
  5  19
  5  23
  5  27
  5  30
  5  45
  5  47
  6   7
  6   9
  6  13
  6  14
  6  17
  6  19
  6  26
  6  27
  6  29
  6  34
  6  45
  7   9
  7  10
  7  26
  7  27
  7  32
  7  35
  7  49
  8  10
  8  12
  8  15
  8  21
  8  22
  8  25
  8  32
  8  34
  8  38
  8  42
  8  44
  8  49
  9  15
  9  16
  9  17
  9  30
  9  33
  9  43
 10  12
 10  14
 10  15
 10  23
 10  35
 10  39
 10  40
 11  18
 11  19
 11  22
 11  23
 11  35
 11  44
 11  47
 12  13
 12  16
 12  18
 12  19
 12  22
 12  24
 12  28
 12  30
 12  32
 12  33
 12  39
 12  43
 12  48
 13  14
 13  17
 13  21
 13  26
 13  30
 13  32
 13  39
 13  42
 13  45
 13  47
 13  48
 14  18
 14  19
 14  23
 14  25
 14  28
 14  29
 15  17
 15  18
 15  27
 15  39
 15  40
 15  47
 16  22
 16  28
 16  36
 16  46
 17  27
 17  32
 17  35
 17  37
 17  43
 17  47
 18  22
 18  25
 18  26
 18  30
 18  38
 18  45
 19  21
 19  25
 19  31
 19  37
 19  43
 19  44
 19  46
 19  48
 20  23
 20  24
 20  27
 20  31
 20  33
 20  38
 21  22
 21  32
 21  35
 21  45
 22  24
 22  29
 22  31
 22  36
 22  39
 22  47
 22  49
 23  24
 23  28
 23  40
 23  41
 23  47
 23  48
 24  25
 24  26
 24  29
 24  37
 24  46
 24  48
 25  26
 25  30
 25  33
 25  34
 25  43
 25  48
 26  37
 26  44
 26  47
 27  30
 27  34
 27  36
 27  38
 28  34
 28  38
 28  41
 28  44
 28  45
 29  31
 29  33
 29  35
 29  37
 30  34
 30  37
 30  42
 30  46
 30  47
 30  49
 31  41
 31  46
 32  35
 32  38
 32  40
 32  46
 32  47
 33  45
 33  47
 34  35
 34  37
 34  44
 34  48
 35  36
 35  42
 36  37
 36  42
 36  46
 36  48
 37  44
 38  39
 38  44
 39  41
 39  44
 39  48
 40  45
 40  48
 41  43
 41  44
 41  49
 42  46
 43  46
 43  48
 43  49
 44  47
 45  46
 45  47
 45  49
