# n=50 p=0.200 seed=2940
  0   1
  0   4
  0  24
  0  33
  0  44
  0  49
  1   2
  1   9
  1  11
  1  16
  1  17
  1  24
  1  34
  1  35
  1  38
  1  40
  2   4
  2   6
  2   7
  2   8
  2  12
  2  23
  2  25
  2  27
  2  32
  2  33
  2  35
  2  36
  2  38
  2  39
  3   6
  3  11
  3  20
  3  25
  3  26
  3  35
  3  44
  3  48
  4  10
  4  22
  4  24
  4  29
  4  31
  4  32
  4  33
  4  39
  4  40
  4  41
  4  45
  4  49
  5  14
  5  15
  5  20
  5  36
  5  42
  5  43
  6   7
  6  22
  6  25
  6  30
  6  34
  6  41
  7  13
  7  15
  7  16
  7  18
  7  19
  7  26
  7  27
  7  30
  7  32
  7  35
  7  39
  7  43
  8  12
  8  15
  8  20
  8  32
  8  34
  9  15
  9  22
  9  25
  9  27
  9  31
  9  35
  9  42
  9  48
 10  12
 10  13
 10  15
 10  17
 10  31
 10  47
 11  13
 11  25
 11  26
 11  32
 11  36
 11  41
 11  42
 11  44
 11  47
 11  48
 12  17
 12  20
 12  30
 12  32
 12  36
 12  42
 13  14
 13  16
 13  26
 13  30
 13  38
 13  49
 14  20
 14  27
 14  31
 14  32
 14  37
 14  46
 15  16
 15  18
 15  25
 15  30
 15  38
 15  39
 16  19
 16  25
 16  29
 16  33
 16  36
 16  37
 16  42
 16  44
 17  18
 17  24
 17  26
 17  31
 17  34
 17  42
 17  44
 17  48
 18  19
 18  22
 18  27
 18  31
 18  34
 18  35
 18  39
 18  45
 18  47
 18  49
 19  24
 19  31
 19  35
 20  25
 20  29
 20  35
 20  38
 20  46
 20  47
 21  27
 21  30
 21  31
 21  35
 21  36
 21  37
 21  39
 21  44
 22  33
 22  44
 22  46
 23  26
 23  27
 23  33
 23  36
 23  46
 23  49
 24  31
 24  32
 24  37
 24  49
 25  28
 25  31
 25  34
 25  49
 26  27
 26  29
 26  39
 26  40
 26  41
 26  42
 26  48
 27  31
 27  35
 27  36
 27  38
 27  44
 28  32
 28  36
 29  32
 29  38
 30  34
 30  38
 30  43
 31  34
 31  38
 32  34
 32  36
 32  39
 32  43
 32  47
 33  38
 33  45
 34  37
 34  49
 35  36
 35  43
 35  48
 36  44
 37  45
 37  46
 37  47
 39  41
 40  48
 41  42
 42  43
 44  46
 46  47
 46  48
