# n=50 p=0.200 seed=2959
  0  10
  0  14
  0  16
  0  29
  0  30
  0  39
  0  40
  1   4
  1  13
  1  16
  1  17
  1  18
  1  22
  1  23
  1  27
  1  29
  1  36
  1  40
  2   8
  2  15
  2  17
  2  20
  2  22
  2  23
  2  27
  2  30
  2  31
  2  33
  2  44
  3   4
  3  30
  3  35
  3  36
  3  48
  4   6
  4   8
  4   9
  4  13
  4  14
  4  16
  4  17
  4  21
  4  23
  4  26
  4  31
  4  44
  5   6
  5  18
  5  31
  5  33
  5  40
  5  42
  6  17
  6  26
  6  32
  6  34
  6  41
  6  49
  7  12
  7  15
  7  17
  7  23
  7  24
  7  25
  7  31
  7  41
  7  44
  7  45
  7  47
  8   9
  8  16
  8  22
  8  23
  8  31
  8  35
  8  48
  9  15
  9  24
  9  28
  9  33
  9  37
  9  44
 10  12
 10  17
 10  19
 10  20
 10  31
 10  33
 10  36
 10  38
 10  44
 10  48
 11  22
 11  28
 11  29
 11  33
 11  34
 11  36
 11  37
 11  43
 11  48
 12  13
 12  16
 12  24
 12  25
 12  28
 12  35
 12  39
 12  42
 12  45
 13  14
 13  20
 13  21
 13  23
 13  32
 13  35
 13  41
 13  44
 13  46
 14  17
 14  25
 14  26
 14  33
 14  36
 14  40
 15  16
 15  18
 15  20
 15  22
 15  35
 15  38
 15  42
 15  44
 15  47
 16  17
 16  21
 16  22
 16  27
 16  37
 16  38
 16  40
 16  43
 16  47
 17  32
 17  39
 17  43
 17  45
 17  46
 18  20
 18  24
 18  25
 18  30
 18  33
 18  36
 18  37
 19  22
 19  23
 19  29
 19  31
 19  34
 19  36
 19  37
 19  39
 20  22
 20  23
 20  25
 20  26
 20  32
 20  40
 20  49
 21  33
 21  37
 21  43
 22  29
 22  30
 22  32
 22  33
 22  37
 22  38
 22  39
 22  48
 23  28
 23  29
 23  40
 23  41
 23  45
 24  27
 24  31
 24  33
 24  43
 24  46
 24  48
 25  28
 25  29
 25  42
 26  27
 26  30
 26  31
 26  44
 26  45
 27  34
 27  40
 27  45
 28  34
 28  38
 28  40
 29  32
 29  35
 29  43
 30  36
 30  40
 30  47
 31  41
 31  42
 31  45
 32  34
 32  36
 32  43
 33  34
 33  35
 33  36
 33  39
 33  42
 34  49
 35  38
 35  42
 35  46
 35  49
 36  39
 36  45
 36  47
 37  39
 37  42
 38  41
 38  49
 39  44
 40  44
 42  49
 44  45
 44  49
 46  49
