# n=100 p=0.200 seed=3715
  0   2
  0   4
  0   7
  0  11
  0  17
  0  22
  0  23
  0  29
  0  44
  0  46
  0  54
  0  59
  0  60
  0  66
  0  72
  0  78
  0  80
  0  89
  0  92
  0  94
  1   2
  1  15
  1  16
  1  17
  1  22
  1  25
  1  35
  1  36
  1  40
  1  55
  1  59
  1  60
  1  64
  1  65
  1  70
  1  76
  1  78
  1  80
  1  82
  1  84
  1  86
  1  88
  1  91
  1  98
  2  15
  2  26
  2  32
  2  34
  2  36
  2  46
  2  48
  2  58
  2  64
  2  69
  2  70
  2  71
  2  74
  2  76
  2  79
  2  83
  2  92
  2  95
  3  10
  3  17
  3  19
  3  24
  3  27
  3  31
  3  36
  3  45
  3  47
  3  51
  3  56
  3  57
  3  60
  3  74
  3  79
  3  80
  3  87
  3  89
  3  95
  4   7
  4   8
  4   9
  4  15
  4  19
  4  25
  4  29
  4  45
  4  51
  4  57
  4  61
  4  63
  4  65
  4  67
  4  73
  4  76
  4  81
  4  89
  4  90
  4  91
  4  92
  4  94
  5   8
  5   9
  5  18
  5  22
  5  29
  5  30
  5  31
  5  34
  5  38
  5  44
  5  51
  5  60
  5  61
  5  64
  5  65
  5  70
  5  72
  5  73
  5  75
  5  77
  5  88
  5  91
  5  98
  6  14
  6  21
  6  26
  6  30
  6  39
  6  56
  6  58
  6  71
  6  81
  6  88
  6  92
  6  95
  7   8
  7  12
  7  25
  7  31
  7  36
  7  41
  7  47
  7  55
  7  61
  7  68
  7  85
  7  87
  8  17
  8  23
  8  24
  8  26
  8  27
  8  32
  8  44
  8  54
  8  57
  8  58
  8  59
  8  71
  8  81
  9  10
  9  15
  9  26
  9  37
  9  39
  9  45
  9  63
  9  64
  9  69
  9  74
  9  75
  9  77
  9  81
  9  86
  9  96
  9  97
  9  98
 10  13
 10  15
 10  17
 10  21
 10  24
 10  37
 10  39
 10  40
 10  46
 10  47
 10  53
 10  55
 10  60
 10  61
 10  62
 10  71
 10  73
 10  77
 10  81
 10  84
 10  85
 10  99
 11  14
 11  15
 11  16
 11  17
 11  20
 11  25
 11  30
 11  37
 11  38
 11  39
 11  43
 11  49
 11  60
 11  66
 11  69
 11  75
 11  77
 11  80
 11  85
 11  92
 11  94
 11  97
 12  18
 12  19
 12  21
 12  25
 12  26
 12  28
 12  29
 12  30
 12  35
 12  38
 12  41
 12  46
 12  48
 12  49
 12  59
 12  63
 12  64
 12  66
 12  68
 12  69
 12  73
 12  84
 12  87
 12  88
 12  90
 13  17
 13  24
 13  28
 13  34
 13  35
 13  36
 13  41
 13  46
 13  70
 13  71
 13  78
 13  79
 13  82
 13  83
 13  84
 14  16
 14  23
 14  38
 14  45
 14  48
 14  49
 14  53
 14  57
 14  63
 14  64
 14  66
 14  68
 14  69
 14  70
 14  77
 14  78
 14  80
 14  82
 14  90
 14  93
 15  28
 15  41
 15  46
 15  51
 15  60
 15  62
 15  72
 15  73
 15  84
 15  91
 15  94
 15  98
 16  22
 16  27
 16  34
 16  35
 16  36
 16  80
 16  84
 16  90
 16  99
 17  23
 17  36
 17  49
 17  56
 17  63
 17  66
 17  72
 17  74
 17  76
 17  82
 17  83
 17  86
 17  91
 17  93
 17  98
 18  21
 18  24
 18  33
 18  34
 18  36
 18  40
 18  42
 18  54
 18  56
 18  58
 18  61
 18  64
 18  67
 18  69
 18  71
 18  72
 18  73
 18  78
 18  89
 18  92
 18  95
 19  25
 19  26
 19  29
 19  39
 19  45
 19  52
 19  56
 19  75
 19  80
 19  83
 19  85
 19  89
 19  91
 20  32
 20  33
 20  49
 20  56
 20  57
 20  58
 20  60
 20  63
 20  64
 20  70
 20  72
 20  74
 20  76
 20  81
 20  85
 20  86
 20  92
 20  93
 20  95
 21  22
 21  26
 21  29
 21  31
 21  38
 21  46
 21  49
 21  51
 21  53
 21  59
 21  75
 21  78
 21  84
 21  92
 21  95
 21  96
 21  99
 22  25
 22  27
 22  33
 22  37
 22  42
 22  43
 22  50
 22  53
 22  59
 22  66
 22  76
 22  77
 22  85
 22  87
 22  90
 22  94
 22  96
 23  26
 23  34
 23  35
 23  37
 23  40
 23  47
 23  69
 23  81
 23  82
 23  97
 24  25
 24  29
 24  39
 24  40
 24  41
 24  48
 24  51
 24  55
 24  56
 24  63
 24  75
 24  76
 24  79
 24  82
 24  85
 24  95
 25  26
 25  30
 25  32
 25  38
 25  45
 25  47
 25  61
 25  66
 25  69
 25  70
 25  77
 25  85
 25  86
 25  89
 26  29
 26  30
 26  34
 26  39
 26  44
 26  47
 26  48
 26  56
 26  61
 26  67
 26  80
 26  81
 26  84
 26  85
 26  87
 26  89
 26  94
 26  99
 27  29
 27  34
 27  35
 27  38
 27  46
 27  51
 27  52
 27  67
 27  68
 27  71
 27  72
 27  73
 27  74
 27  75
 27  77
 27  81
 27  82
 27  83
 27  93
 28  44
 28  46
 28  48
 28  49
 28  52
 28  57
 28  62
 28  64
 28  75
 28  77
 28  79
 28  80
 28  83
 28  89
 28  96
 29  41
 29  49
 29  50
 29  59
 29  60
 29  63
 29  66
 29  67
 29  72
 29  74
 29  78
 29  79
 29  85
 30  40
 30  41
 30  45
 30  62
 30  64
 30  67
 30  71
 30  83
 30  85
 30  92
 30  95
 30  98
 31  43
 31  50
 31  52
 31  55
 31  58
 31  59
 31  61
 31  63
 31  68
 31  70
 31  73
 31  75
 31  77
 31  79
 31  81
 31  88
 31  93
 32  46
 32  47
 32  53
 32  54
 32  58
 32  70
 32  75
 32  78
 32  95
 32  99
 33  41
 33  49
 33  50
 33  51
 33  54
 33  55
 33  63
 33  65
 33  78
 33  81
 33  82
 33  85
 33  86
 33  89
 33  95
 34  37
 34  38
 34  56
 34  63
 34  67
 34  70
 34  71
 34  74
 34  76
 34  82
 34  86
 35  36
 35  38
 35  41
 35  46
 35  54
 35  66
 35  69
 35  70
 35  72
 35  73
 35  77
 35  82
 36  40
 36  48
 36  49
 36  61
 36  63
 36  68
 36  70
 36  74
 36  85
 36  89
 36  91
 36  95
 36  99
 37  45
 37  46
 37  47
 37  50
 37  54
 37  55
 37  56
 37  62
 37  63
 37  65
 37  67
 37  72
 37  79
 37  82
 37  85
 37  86
 37  90
 38  49
 38  51
 38  52
 38  58
 38  59
 38  65
 38  69
 38  87
 38  90
 39  53
 39  60
 39  66
 39  68
 39  73
 39  78
 39  82
 39  83
 39  88
 39  91
 40  41
 40  49
 40  55
 40  57
 40  59
 40  66
 40  67
 40  71
 40  73
 40  75
 40  88
 40  93
 41  45
 41  47
 41  48
 41  49
 41  62
 41  64
 41  68
 41  72
 41  73
 41  76
 41  77
 41  85
 41  87
 41  88
 41  89
 41  97
 42  51
 42  59
 42  62
 42  66
 42  75
 42  76
 42  79
 42  81
 42  82
 42  84
 42  86
 42  87
 42  90
 42  93
 42  94
 42  98
 43  47
 43  49
 43  50
 43  65
 43  67
 43  68
 43  72
 43  76
 43  82
 43  84
 43  97
 43  99
 44  50
 44  51
 44  55
 44  57
 44  58
 44  60
 44  63
 44  67
 44  80
 44  85
 44  88
 44  89
 44  95
 44  99
 45  49
 45  53
 45  54
 45  57
 45  64
 45  66
 45  72
 45  74
 45  79
 45  87
 46  53
 46  55
 46  59
 46  60
 46  73
 46  78
 46  79
 46  87
 46  88
 46  90
 46  98
 47  54
 47  55
 47  57
 47  58
 47  60
 47  66
 47  69
 47  71
 47  72
 47  81
 47  85
 47  88
 47  94
 47  95
 47  97
 47  99
 48  54
 48  57
 48  63
 48  67
 48  75
 48  88
 48  97
 49  59
 49  61
 49  63
 49  66
 49  68
 49  69
 49  70
 49  71
 49  76
 49  77
 49  81
 49  86
 50  66
 50  73
 50  74
 50  80
 50  93
 51  54
 51  64
 51  67
 51  69
 51  74
 51  80
 51  87
 52  55
 52  65
 52  66
 52  72
 52  73
 52  74
 52  89
 52  90
 53  54
 53  59
 53  78
 53  79
 53  81
 53  88
 53  89
 53  95
 53  96
 54  57
 54  66
 54  72
 54  75
 54  76
 54  85
 54  91
 55  63
 55  76
 55  83
 55  86
 55  93
 55  99
 56  63
 56  67
 56  76
 56  77
 56  82
 56  84
 56  96
 57  61
 57  62
 57  63
 57  76
 57  80
 57  82
 57  85
 57  90
 57  98
 58  61
 58  64
 58  68
 58  80
 58  84
 58  89
 58  91
 58  93
 59  65
 59  68
 59  71
 59  72
 59  75
 59  78
 59  86
 60  73
 60  77
 60  83
 60  89
 60  90
 60  91
 60  95
 60  97
 61  64
 61  68
 61  73
 61  79
 61  81
 61  82
 61  84
 61  98
 61  99
 62  66
 62  78
 62  80
 62  81
 62  84
 62  85
 62  86
 62  99
 63  72
 63  73
 63  75
 63  76
 63  77
 63  78
 63  81
 63  87
 63  92
 63  95
 64  75
 64  76
 64  77
 64  78
 64  82
 64  89
 64  95
 64  99
 65  68
 65  72
 65  74
 65  75
 65  86
 65  88
 66  71
 66  86
 66  90
 66  94
 66  95
 67  68
 67  69
 67  73
 67  80
 67  81
 67  86
 67  87
 67  88
 67  97
 68  72
 68  73
 68  77
 68  81
 68  83
 68  95
 68  97
 69  75
 69  87
 69  93
 69  96
 70  72
 70  73
 70  79
 70  85
 70  87
 70  96
 70  99
 71  81
 71  82
 71  87
 71  88
 71  92
 71  93
 71  94
 72  78
 72  82
 72  85
 72  86
 72  89
 72  92
 72  93
 73  75
 73  77
 73  81
 73  88
 74  75
 74  81
 74  82
 74  92
 74  93
 74  96
 75  80
 75  83
 75  91
 75  97
 76  77
 76  78
 76  79
 76  80
 76  81
 76  97
 77  79
 77  82
 77  88
 77  91
 77  97
 78  81
 78  83
 78  89
 78  92
 78  93
 78  95
 78  98
 79  81
 79  86
 79  88
 79  91
 79  94
 79  97
 80  81
 80  82
 80  89
 80  91
 81  82
 81  85
 81  95
 82  83
 82  89
 83  91
 83  97
 84  95
 85  86
 86  97
 87  88
 87  90
 88  95
 88  96
 89  90
 89  93
 90  96
 90  98
 95  97
 96  98
