# n=100 p=0.200 seed=3693
  0   4
  0  10
  0  13
  0  17
  0  24
  0  29
  0  30
  0  31
  0  32
  0  33
  0  35
  0  53
  0  54
  0  59
  0  65
  0  74
  0  75
  0  76
  0  78
  0  89
  1   8
  1  11
  1  20
  1  21
  1  62
  1  67
  1  71
  1  76
  1  81
  1  91
  1  95
  1  97
  2  12
  2  15
  2  17
  2  18
  2  25
  2  31
  2  34
  2  36
  2  42
  2  47
  2  54
  2  55
  2  88
  2  95
  2  99
  3   7
  3  15
  3  18
  3  27
  3  31
  3  33
  3  37
  3  41
  3  48
  3  50
  3  65
  3  70
  3  77
  3  84
  3  91
  3  95
  3  96
  4  15
  4  17
  4  18
  4  24
  4  28
  4  33
  4  42
  4  48
  4  53
  4  57
  4  58
  4  59
  4  72
  4  74
  4  81
  4  91
  4  92
  5  14
  5  19
  5  21
  5  25
  5  31
  5  35
  5  38
  5  39
  5  40
  5  46
  5  49
  5  52
  5  54
  5  91
  5  93
  5  97
  6  10
  6  12
  6  20
  6  25
  6  29
  6  42
  6  44
  6  50
  6  54
  6  57
  6  58
  6  60
  6  64
  6  65
  6  72
  6  75
  6  76
  6  84
  7  10
  7  15
  7  23
  7  25
  7  29
  7  30
  7  32
  7  46
  7  47
  7  48
  7  49
  7  50
  7  51
  7  55
  7  60
  7  63
  7  66
  7  67
  7  83
  7  91
  7  93
  7  94
  8  13
  8  14
  8  26
  8  28
  8  31
  8  36
  8  46
  8  49
  8  56
  8  58
  8  63
  8  68
  8  72
  8  73
  8  95
  8  96
  9  10
  9  11
  9  14
  9  19
  9  22
  9  31
  9  32
  9  33
  9  36
  9  40
  9  45
  9  48
  9  49
  9  61
  9  69
  9  82
  9  83
  9  90
  9  91
 10  13
 10  16
 10  21
 10  26
 10  27
 10  39
 10  43
 10  51
 10  58
 10  62
 10  64
 10  71
 10  74
 10  86
 10  87
 10  88
 10  89
 10  99
 11  12
 11  14
 11  16
 11  17
 11  18
 11  31
 11  32
 11  39
 11  41
 11  46
 11  50
 11  51
 11  53
 11  55
 11  61
 11  66
 11  71
 11  85
 11  93
 11  94
 11  97
 12  14
 12  21
 12  23
 12  31
 12  32
 12  39
 12  43
 12  50
 12  58
 12  60
 12  63
 12  64
 12  65
 12  77
 12  86
 12  88
 12  89
 12  91
 12  99
 13  18
 13  22
 13  28
 13  31
 13  35
 13  36
 13  37
 13  40
 13  53
 13  57
 13  68
 13  71
 13  74
 13  81
 13  82
 13  86
 13  88
 13  89
 13  90
 13  97
 14  16
 14  18
 14  26
 14  35
 14  38
 14  42
 14  53
 14  55
 14  59
 14  67
 14  71
 14  75
 14  76
 14  77
 14  83
 14  88
 14  89
 14  90
 14  94
 15  19
 15  22
 15  32
 15  40
 15  41
 15  45
 15  46
 15  51
 15  52
 15  60
 15  65
 15  67
 15  79
 15  80
 15  82
 15  92
 15  94
 15  96
 15  98
 16  22
 16  24
 16  26
 16  29
 16  31
 16  34
 16  52
 16  55
 16  68
 16  72
 16  75
 16  76
 16  80
 16  83
 16  95
 16  97
 17  25
 17  28
 17  32
 17  37
 17  38
 17  50
 17  52
 17  56
 17  57
 17  59
 17  60
 17  74
 17  86
 17  94
 17  99
 18  22
 18  26
 18  29
 18  30
 18  40
 18  42
 18  59
 18  63
 18  65
 18  66
 18  70
 18  73
 18  75
 18  76
 18  81
 18  90
 18  91
 19  20
 19  28
 19  31
 19  33
 19  40
 19  45
 19  54
 19  56
 19  60
 19  78
 19  86
 19  87
 19  88
 19  89
 19  91
 19  96
 19  97
 20  29
 20  40
 20  48
 20  53
 20  55
 20  79
 20  84
 20  85
 21  24
 21  25
 21  34
 21  37
 21  39
 21  41
 21  53
 21  56
 21  57
 21  61
 21  62
 21  65
 21  73
 21  86
 21  87
 21  96
 22  24
 22  28
 22  36
 22  56
 22  60
 22  64
 22  67
 22  72
 22  88
 22  90
 22  91
 22  92
 22  95
 23  27
 23  33
 23  41
 23  51
 23  52
 23  53
 23  54
 23  66
 23  70
 23  75
 23  82
 23  85
 23  93
 24  25
 24  27
 24  51
 24  53
 24  56
 24  61
 24  62
 24  67
 24  68
 24  70
 24  72
 24  77
 24  85
 24  90
 25  29
 25  30
 25  36
 25  41
 25  65
 25  68
 25  73
 25  83
 25  86
 25  88
 25  94
 25  99
 26  27
 26  38
 26  43
 26  47
 26  52
 26  53
 26  68
 26  76
 26  77
 26  80
 26  83
 26  85
 26  89
 26  90
 26  91
 26  94
 26  96
 26  98
 26  99
 27  28
 27  45
 27  51
 27  56
 27  59
 27  62
 27  68
 27  74
 27  86
 27  92
 27  97
 27  99
 28  43
 28  49
 28  50
 28  52
 28  55
 28  62
 28  67
 28  78
 28  79
 28  81
 28  87
 28  88
 28  91
 28  95
 28  98
 28  99
 29  33
 29  41
 29  49
 29  50
 29  51
 29  52
 29  55
 29  61
 29  64
 29  65
 29  69
 29  70
 29  72
 29  75
 29  81
 29  89
 29  92
 29  93
 29  94
 30  32
 30  34
 30  36
 30  37
 30  48
 30  49
 30  53
 30  59
 30  62
 30  64
 30  65
 30  67
 30  68
 30  71
 30  74
 30  94
 30  96
 30  98
 31  41
 31  45
 31  47
 31  49
 31  62
 31  63
 31  66
 31  68
 31  76
 31  83
 31  89
 31  91
 32  47
 32  58
 32  70
 32  71
 32  72
 32  74
 32  75
 32  80
 32  81
 32  84
 32  94
 32  97
 33  37
 33  40
 33  41
 33  50
 33  55
 33  63
 33  69
 33  72
 33  77
 33  79
 33  83
 33  86
 33  94
 33  97
 34  42
 34  47
 34  50
 34  51
 34  61
 34  65
 34  71
 34  75
 34  78
 34  81
 34  84
 34  86
 34  91
 35  37
 35  39
 35  41
 35  46
 35  52
 35  53
 35  57
 35  64
 35  70
 35  71
 35  85
 35  89
 35  93
 36  37
 36  41
 36  45
 36  47
 36  50
 36  51
 36  58
 36  60
 36  61
 36  67
 36  73
 36  76
 36  85
 36  95
 36  98
 36  99
 37  38
 37  40
 37  49
 37  51
 37  56
 37  60
 37  66
 37  76
 37  86
 37  89
 37  93
 37  94
 37  97
 37  98
 38  42
 38  50
 38  52
 38  55
 38  69
 38  74
 38  85
 38  93
 38  95
 38  96
 39  43
 39  52
 39  54
 39  61
 39  68
 39  69
 39  75
 39  76
 39  77
 39  92
 40  55
 40  63
 40  67
 40  68
 40  69
 40  70
 40  79
 40  80
 40  81
 40  88
 41  46
 41  47
 41  60
 41  68
 41  69
 41  79
 41  83
 41  84
 41  86
 41  90
 41  98
 42  46
 42  51
 42  55
 42  58
 42  60
 42  68
 42  73
 42  80
 42  87
 42  94
 43  48
 43  53
 43  57
 43  61
 43  74
 43  81
 43  85
 43  86
 43  87
 43  94
 43  98
 44  47
 44  49
 44  56
 44  58
 44  60
 44  67
 44  70
 44  71
 44  72
 44  73
 44  74
 44  76
 44  81
 44  95
 44  98
 45  52
 45  58
 45  66
 45  71
 46  47
 46  48
 46  51
 46  65
 46  67
 46  83
 46  90
 47  51
 47  53
 47  56
 47  63
 47  72
 47  90
 47  94
 47  99
 48  49
 48  52
 48  53
 48  65
 48  78
 48  82
 48  93
 48  96
 48  97
 48  99
 49  50
 49  54
 49  58
 49  59
 49  71
 49  75
 49  76
 49  84
 49  87
 49  89
 49  90
 49  95
 50  52
 50  54
 50  56
 50  57
 50  64
 50  71
 50  77
 50  84
 50  87
 50  94
 50  96
 50  99
 51  57
 51  62
 51  63
 51  70
 51  82
 51  83
 51  89
 51  90
 51  99
 52  53
 52  55
 52  64
 52  65
 52  67
 52  69
 52  71
 52  78
 52  83
 52  91
 52  93
 53  61
 53  70
 53  72
 53  77
 53  81
 53  82
 53  85
 54  64
 54  66
 54  78
 54  89
 54  90
 54  94
 54  97
 55  62
 55  65
 55  72
 55  82
 55  89
 55  90
 55  99
 56  58
 56  63
 56  67
 56  70
 56  85
 56  87
 56  95
 56  96
 57  61
 57  71
 57  74
 57  75
 57  81
 57  91
 57  93
 57  97
 58  70
 58  72
 58  76
 58  85
 58  92
 59  61
 59  62
 59  65
 59  72
 59  74
 59  80
 59  81
 59  83
 59  88
 60  61
 60  62
 60  83
 60  90
 60  94
 61  63
 61  70
 61  71
 61  82
 61  92
 62  77
 62  80
 63  69
 63  73
 63  83
 63  91
 63  95
 64  72
 64  75
 64  77
 64  83
 64  95
 65  67
 65  68
 65  75
 65  92
 65  93
 65  94
 66  67
 66  69
 66  75
 66  80
 66  93
 66  99
 67  86
 67  87
 67  96
 68  69
 68  73
 68  90
 68  91
 68  95
 68  99
 69  72
 69  80
 69  87
 69  89
 69  92
 69  93
 69  96
 69  97
 70  87
 70  88
 70  96
 70  97
 70  98
 70  99
 71  76
 71  82
 71  94
 72  75
 72  77
 72  80
 72  87
 73  75
 73  81
 73  83
 73  85
 73  94
 74  75
 74  76
 74  77
 74  81
 74  82
 74  83
 74  91
 74  92
 74  97
 74  98
 75  80
 75  82
 75  86
 75  90
 75  95
 75  98
 76  81
 76  85
 76  87
 76  93
 76  96
 76  99
 77  78
 77  88
 77  94
 77  99
 78  85
 78  94
 78  96
 79  87
 79  92
 79  93
 79  94
 79  98
 80  83
 80  85
 80  88
 80  94
 80  97
 80  98
 81  85
 81  86
 81  88
 81  95
 81  98
 82  84
 82  87
 82  89
 82  90
 82  93
 83  91
 83  98
 84  92
 84  99
 85  89
 85  91
 85  94
 86  90
 86  94
 86  97
 87  98
 88  93
 88  94
 88  96
 89  94
 89  98
 90  95
 91  92
 91  95
 91  98
 92  94
 93  94
 94  95
 95  96
 95  97
 98  99
