# n=100 p=0.200 seed=3671
  0   1
  0   6
  0  27
  0  30
  0  31
  0  34
  0  35
  0  40
  0  45
  0  46
  0  51
  0  58
  0  69
  0  71
  0  78
  0  85
  0  87
  0  93
  0  94
  0  95
  1   2
  1   5
  1   6
  1   7
  1  12
  1  19
  1  22
  1  24
  1  27
  1  30
  1  31
  1  32
  1  47
  1  49
  1  59
  1  63
  1  64
  1  71
  1  77
  1  81
  1  89
  1  98
  2   4
  2   6
  2  18
  2  24
  2  36
  2  40
  2  52
  2  53
  2  55
  2  57
  2  58
  2  63
  2  70
  2  72
  2  74
  2  81
  2  82
  2  84
  2  86
  2  87
  2  89
  2  97
  2  99
  3  10
  3  11
  3  25
  3  28
  3  30
  3  33
  3  35
  3  36
  3  44
  3  48
  3  50
  3  55
  3  58
  3  61
  3  70
  3  73
  3  75
  3  77
  3  82
  3  88
  4  10
  4  11
  4  13
  4  19
  4  22
  4  26
  4  31
  4  37
  4  38
  4  41
  4  45
  4  55
  4  71
  4  72
  4  73
  4  74
  4  78
  4  81
  4  83
  4  84
  4  88
  4  89
  4  98
  5  11
  5  13
  5  25
  5  33
  5  35
  5  43
  5  58
  5  63
  5  65
  5  68
  5  75
  5  84
  5  98
  6  23
  6  29
  6  36
  6  37
  6  43
  6  49
  6  52
  6  53
  6  55
  6  57
  6  58
  6  60
  6  73
  6  83
  6  96
  7   9
  7  18
  7  28
  7  31
  7  33
  7  37
  7  39
  7  41
  7  47
  7  53
  7  59
  7  60
  7  62
  7  67
  7  71
  7  81
  7  82
  7  86
  7  96
  7  99
  8  11
  8  18
  8  20
  8  27
  8  39
  8  40
  8  42
  8  49
  8  53
  8  55
  8  58
  8  72
  8  74
  8  87
  8  95
  8  99
  9  23
  9  31
  9  32
  9  35
  9  50
  9  52
  9  54
  9  55
  9  56
  9  65
  9  69
  9  73
  9  78
  9  81
  9  82
  9  83
  9  85
  9  86
  9  87
 10  16
 10  23
 10  26
 10  31
 10  32
 10  37
 10  42
 10  44
 10  51
 10  67
 10  68
 10  83
 10  85
 10  90
 11  13
 11  15
 11  16
 11  20
 11  22
 11  28
 11  32
 11  36
 11  37
 11  41
 11  42
 11  46
 11  49
 11  64
 11  67
 11  68
 11  69
 11  82
 11  90
 11  92
 12  14
 12  24
 12  30
 12  32
 12  65
 12  66
 12  67
 12  89
 12  91
 12  95
 12  98
 13  15
 13  17
 13  19
 13  21
 13  24
 13  30
 13  32
 13  37
 13  38
 13  39
 13  40
 13  43
 13  46
 13  51
 13  57
 13  63
 13  64
 13  85
 13  87
 13  91
 13  98
 14  16
 14  27
 14  29
 14  38
 14  40
 14  46
 14  49
 14  53
 14  59
 14  65
 14  68
 14  69
 14  71
 14  77
 14  80
 14  81
 14  82
 14  83
 14  87
 14  89
 14  90
 15  20
 15  25
 15  27
 15  30
 15  32
 15  38
 15  42
 15  45
 15  46
 15  49
 15  50
 15  56
 15  66
 15  68
 15  69
 15  73
 15  75
 15  76
 15  78
 15  81
 15  84
 15  87
 15  89
 15  91
 15  92
 16  19
 16  24
 16  28
 16  34
 16  35
 16  45
 16  47
 16  51
 16  64
 16  69
 16  72
 16  87
 16  88
 16  94
 17  19
 17  27
 17  46
 17  51
 17  55
 17  61
 17  62
 17  63
 17  65
 17  70
 17  77
 17  80
 17  84
 17  86
 18  26
 18  32
 18  34
 18  37
 18  41
 18  42
 18  48
 18  51
 18  53
 18  58
 18  59
 18  62
 18  71
 18  75
 18  78
 18  86
 18  87
 18  88
 18  89
 18  91
 18  94
 18  97
 18  99
 19  22
 19  28
 19  32
 19  40
 19  45
 19  47
 19  48
 19  49
 19  50
 19  53
 19  56
 19  59
 19  66
 19  70
 19  73
 19  76
 19  79
 19  80
 19  84
 19  85
 19  87
 19  88
 19  93
 20  35
 20  44
 20  47
 20  51
 20  56
 20  62
 20  64
 20  69
 20  73
 20  75
 20  80
 20  83
 20  90
 20  97
 20  99
 21  24
 21  25
 21  29
 21  30
 21  33
 21  34
 21  43
 21  53
 21  54
 21  62
 21  65
 21  70
 21  77
 22  29
 22  43
 22  45
 22  47
 22  49
 22  59
 22  61
 22  67
 22  68
 22  75
 22  78
 22  80
 22  85
 22  86
 22  87
 22  89
 22  90
 22  92
 22  98
 22  99
 23  29
 23  32
 23  35
 23  41
 23  42
 23  44
 23  45
 23  50
 23  65
 23  79
 23  86
 23  87
 23  90
 23  91
 23  97
 24  27
 24  29
 24  34
 24  37
 24  41
 24  47
 24  51
 24  56
 24  63
 24  64
 24  69
 24  70
 24  75
 24  81
 24  93
 24  95
 25  34
 25  36
 25  42
 25  45
 25  51
 25  53
 25  56
 25  59
 25  64
 25  73
 25  76
 25  80
 25  81
 25  85
 25  89
 25  95
 26  35
 26  37
 26  41
 26  42
 26  43
 26  53
 26  55
 26  62
 26  80
 26  82
 26  99
 27  28
 27  31
 27  41
 27  46
 27  48
 27  51
 27  54
 27  56
 27  59
 27  65
 27  71
 27  80
 27  89
 27  99
 28  32
 28  43
 28  45
 28  53
 28  57
 28  59
 28  65
 28  72
 28  77
 28  82
 28  84
 28  88
 28  94
 29  30
 29  34
 29  41
 29  51
 29  63
 29  68
 29  70
 29  75
 29  82
 29  84
 29  88
 29  93
 29  97
 30  33
 30  34
 30  40
 30  48
 30  52
 30  54
 30  58
 30  59
 30  63
 30  70
 30  71
 30  72
 30  73
 30  91
 30  94
 30  99
 31  38
 31  43
 31  44
 31  49
 31  51
 31  54
 31  57
 31  60
 31  61
 31  66
 31  69
 31  80
 31  86
 31  88
 31  91
 32  34
 32  35
 32  41
 32  42
 32  44
 32  47
 32  53
 32  55
 32  56
 32  69
 32  77
 32  79
 32  80
 32  83
 32  86
 32  92
 32  93
 32  94
 33  35
 33  37
 33  41
 33  42
 33  43
 33  45
 33  54
 33  55
 33  57
 33  58
 33  60
 33  61
 33  62
 33  65
 33  76
 33  81
 33  83
 33  86
 33  87
 34  41
 34  51
 34  62
 34  71
 34  73
 34  78
 34  85
 34  87
 34  98
 34  99
 35  38
 35  45
 35  46
 35  47
 35  54
 35  55
 35  59
 35  63
 35  64
 35  75
 35  81
 35  87
 35  89
 35  93
 35  97
 35  98
 36  39
 36  47
 36  59
 36  65
 36  72
 36  79
 36  81
 36  84
 36  85
 37  41
 37  43
 37  59
 37  63
 37  64
 37  67
 37  78
 37  79
 37  84
 37  89
 37  94
 38  42
 38  65
 38  79
 38  83
 38  85
 38  91
 39  41
 39  43
 39  45
 39  46
 39  47
 39  50
 39  52
 39  59
 39  65
 39  74
 39  77
 39  85
 39  95
 40  42
 40  47
 40  57
 40  58
 40  61
 40  68
 40  70
 40  86
 40  90
 40  95
 41  43
 41  48
 41  49
 41  50
 41  54
 41  57
 41  70
 41  72
 41  80
 41  87
 41  95
 42  49
 42  53
 42  57
 42  64
 42  73
 42  78
 42  87
 42  88
 42  97
 42  98
 42  99
 43  44
 43  50
 43  64
 43  73
 43  77
 43  83
 43  88
 43  93
 43  98
 44  46
 44  47
 44  48
 44  52
 44  54
 44  61
 44  63
 44  64
 44  66
 44  70
 44  72
 44  82
 44  85
 44  95
 44  96
 45  48
 45  51
 45  53
 45  54
 45  55
 45  63
 45  70
 45  71
 45  88
 45  90
 45  98
 46  63
 46  64
 46  66
 46  75
 47  51
 47  53
 47  56
 47  57
 47  67
 47  68
 47  69
 47  79
 47  82
 47  97
 48  49
 48  51
 48  52
 48  59
 48  60
 48  66
 48  68
 48  70
 48  79
 48  82
 48  85
 48  90
 48  98
 49  50
 49  58
 49  73
 49  81
 49  82
 49  95
 49  99
 50  60
 50  63
 50  65
 50  66
 50  73
 50  74
 50  75
 50  82
 50  84
 50  85
 50  92
 50  96
 50  98
 51  59
 51  61
 51  62
 51  65
 51  66
 51  73
 51  74
 51  76
 51  89
 51  92
 51  93
 52  57
 52  60
 52  61
 52  65
 52  67
 52  71
 52  74
 52  83
 52  87
 52  94
 53  54
 53  59
 53  60
 53  61
 53  67
 53  73
 53  74
 53  77
 53  95
 53  97
 54  57
 54  61
 54  70
 54  71
 54  76
 54  79
 54  81
 54  87
 54  91
 54  95
 54  96
 55  56
 55  58
 55  59
 55  65
 55  68
 55  69
 55  85
 55  91
 55  93
 55  96
 56  66
 56  70
 56  73
 56  76
 56  79
 56  80
 56  86
 56  91
 56  98
 57  63
 57  70
 57  71
 57  79
 57  80
 57  82
 57  87
 57  88
 57  92
 57  94
 57  96
 58  64
 58  71
 58  79
 58  82
 58  86
 58  91
 58  92
 58  94
 58  98
 58  99
 59  62
 59  65
 59  68
 59  69
 59  76
 59  78
 59  82
 59  85
 59  86
 59  91
 59  93
 59  96
 59  97
 59  99
 60  67
 60  73
 60  80
 60  81
 60  87
 60  90
 60  97
 61  64
 61  78
 61  89
 61  97
 61  99
 62  63
 62  69
 62  70
 62  75
 62  79
 62  85
 62  89
 63  76
 63  77
 63  81
 63  83
 63  86
 63  89
 63  96
 64  66
 64  67
 64  76
 64  92
 64  93
 64  97
 64  99
 65  67
 65  71
 65  76
 65  86
 65  88
 65  89
 65  93
 65  95
 65  98
 66  74
 66  84
 66  96
 66  98
 66  99
 67  71
 67  91
 68  77
 68  88
 68  89
 68  91
 69  74
 69  75
 69  76
 69  91
 70  73
 70  75
 70  76
 70  78
 70  79
 70  80
 70  81
 70  87
 70  88
 71  75
 71  77
 71  78
 71  87
 71  91
 72  73
 72  78
 72  80
 72  84
 72  85
 72  89
 72  92
 72  95
 72  98
 73  74
 73  76
 73  78
 73  79
 73  89
 73  91
 73  93
 73  94
 74  76
 74  80
 74  83
 74  89
 74  92
 74  95
 74  98
 75  78
 75  80
 75  83
 75  96
 76  77
 76  78
 76  85
 76  87
 76  88
 76  89
 76  97
 77  84
 77  87
 77  90
 78  79
 78  82
 78  83
 78  85
 78  87
 78  88
 78  97
 79  80
 79  88
 79  92
 80  91
 81  92
 81  94
 81  96
 81  98
 82  83
 82  86
 82  92
 82  95
 83  86
 83  88
 83  92
 83  98
 83  99
 85  89
 85  90
 85  92
 85  96
 85  98
 86  88
 86  89
 86  91
 86  95
 87  91
 87  98
 88  89
 89  96
 89  98
 90  91
 90  93
 90  99
 91  98
 92  93
 93  98
 94  97
 94  99
 95  99
