# n=100 p=0.200 seed=3658
  0   3
  0   5
  0  23
  0  24
  0  31
  0  33
  0  34
  0  35
  0  43
  0  49
  0  58
  0  63
  0  67
  0  69
  0  70
  0  72
  0  75
  0  83
  0  91
  0  93
  0  95
  0  96
  0  98
  1   3
  1  12
  1  14
  1  24
  1  28
  1  29
  1  30
  1  37
  1  41
  1  49
  1  54
  1  55
  1  57
  1  60
  1  68
  1  70
  1  74
  1  79
  1  84
  1  89
  2   6
  2   8
  2  12
  2  13
  2  15
  2  18
  2  19
  2  26
  2  32
  2  33
  2  39
  2  52
  2  65
  2  71
  2  73
  2  76
  2  77
  2  86
  2  89
  2  91
  2  94
  2  95
  3   7
  3   9
  3  12
  3  14
  3  19
  3  35
  3  38
  3  44
  3  47
  3  65
  3  71
  3  80
  3  89
  3  94
  3  96
  4   8
  4  22
  4  38
  4  46
  4  52
  4  54
  4  59
  4  60
  4  73
  4  75
  4  79
  4  84
  4  95
  4  99
  5  14
  5  18
  5  19
  5  21
  5  26
  5  33
  5  36
  5  38
  5  39
  5  47
  5  51
  5  53
  5  60
  5  65
  5  67
  5  78
  5  86
  5  89
  5  90
  5  98
  6  26
  6  27
  6  30
  6  31
  6  36
  6  37
  6  43
  6  51
  6  52
  6  55
  6  56
  6  58
  6  61
  6  64
  6  67
  6  81
  6  83
  7   8
  7   9
  7  13
  7  15
  7  28
  7  29
  7  30
  7  32
  7  39
  7  43
  7  45
  7  47
  7  55
  7  62
  7  65
  7  66
  7  69
  7  70
  7  71
  7  75
  7  82
  7  94
  8  11
  8  16
  8  18
  8  20
  8  27
  8  29
  8  50
  8  57
  8  60
  8  61
  8  62
  8  66
  8  72
  8  84
  8  87
  8  95
  9  12
  9  19
  9  23
  9  27
  9  33
  9  36
  9  39
  9  46
  9  53
  9  54
  9  58
  9  68
  9  79
  9  80
  9  82
  9  85
  9  88
  9  93
  9  98
  9  99
 10  12
 10  16
 10  28
 10  48
 10  59
 10  60
 10  67
 10  70
 10  72
 10  74
 10  86
 10  89
 10  95
 10  99
 11  12
 11  16
 11  22
 11  24
 11  44
 11  47
 11  51
 11  52
 11  58
 11  63
 11  64
 11  69
 11  82
 11  90
 12  16
 12  20
 12  24
 12  26
 12  35
 12  41
 12  42
 12  43
 12  48
 12  51
 12  52
 12  54
 12  55
 12  56
 12  57
 12  60
 12  61
 12  67
 12  75
 12  95
 12  98
 12  99
 13  15
 13  17
 13  23
 13  24
 13  25
 13  29
 13  43
 13  45
 13  46
 13  49
 13  57
 13  59
 13  60
 13  67
 13  71
 13  72
 13  74
 13  79
 13  81
 13  92
 13  96
 14  15
 14  18
 14  22
 14  26
 14  28
 14  29
 14  34
 14  41
 14  42
 14  56
 14  61
 14  67
 14  70
 14  72
 14  73
 14  82
 14  83
 14  95
 14  98
 15  17
 15  18
 15  22
 15  25
 15  36
 15  41
 15  51
 15  54
 15  60
 15  63
 15  64
 15  68
 15  69
 15  71
 15  72
 15  78
 15  80
 15  85
 15  90
 16  18
 16  27
 16  28
 16  30
 16  33
 16  42
 16  51
 16  60
 16  65
 16  71
 16  81
 16  82
 16  87
 16  89
 16  99
 17  20
 17  25
 17  28
 17  31
 17  50
 17  51
 17  55
 17  61
 17  78
 17  81
 17  96
 18  25
 18  27
 18  28
 18  32
 18  42
 18  48
 18  51
 18  61
 18  65
 18  68
 18  69
 18  72
 18  81
 18  85
 18  89
 19  22
 19  40
 19  44
 19  46
 19  60
 19  62
 19  66
 19  67
 19  73
 19  77
 19  92
 19  97
 19  98
 20  24
 20  30
 20  45
 20  46
 20  53
 20  54
 20  55
 20  59
 20  61
 20  66
 20  68
 20  85
 21  25
 21  30
 21  32
 21  38
 21  40
 21  42
 21  47
 21  57
 21  59
 21  64
 21  75
 21  77
 21  79
 21  81
 21  87
 21  91
 22  27
 22  28
 22  31
 22  44
 22  49
 22  51
 22  53
 22  55
 22  58
 22  74
 22  85
 22  95
 22  96
 22  97
 22  98
 23  26
 23  35
 23  37
 23  39
 23  40
 23  50
 23  53
 23  55
 23  58
 23  66
 23  89
 23  93
 23  95
 24  32
 24  33
 24  39
 24  40
 24  42
 24  45
 24  56
 24  58
 24  59
 24  68
 24  70
 24  71
 24  72
 24  73
 24  77
 24  78
 24  79
 24  83
 24  92
 24  96
 24  99
 25  33
 25  36
 25  48
 25  49
 25  53
 25  58
 25  63
 25  64
 25  67
 25  69
 25  70
 25  76
 25  78
 25  79
 25  81
 25  84
 25  86
 25  89
 25  92
 25  95
 26  33
 26  43
 26  49
 26  55
 26  61
 26  65
 26  68
 26  72
 26  87
 26  95
 26  99
 27  33
 27  34
 27  35
 27  37
 27  41
 27  52
 27  56
 27  57
 27  67
 27  70
 27  96
 27  97
 27  98
 28  46
 28  48
 28  50
 28  54
 28  57
 28  70
 28  71
 28  72
 28  89
 29  30
 29  34
 29  44
 29  45
 29  50
 29  51
 29  58
 29  62
 29  63
 29  65
 29  68
 29  69
 29  79
 29  80
 29  81
 29  82
 29  84
 29  96
 30  50
 30  51
 30  61
 30  67
 30  75
 30  76
 30  78
 30  81
 30  85
 30  86
 30  91
 30  92
 30  94
 30  96
 31  32
 31  43
 31  44
 31  67
 31  71
 31  74
 31  79
 31  81
 31  92
 31  97
 31  98
 32  37
 32  41
 32  43
 32  44
 32  46
 32  50
 32  78
 32  81
 32  86
 32  89
 32  92
 33  38
 33  39
 33  46
 33  49
 33  55
 33  61
 33  63
 33  65
 33  67
 33  73
 33  76
 33  85
 33  91
 33  99
 34  36
 34  43
 34  44
 34  49
 34  59
 34  61
 34  66
 34  67
 34  68
 34  88
 35  37
 35  38
 35  41
 35  42
 35  45
 35  51
 35  65
 35  66
 35  71
 35  75
 35  86
 35  90
 35  94
 35  95
 36  41
 36  44
 36  45
 36  49
 36  51
 36  55
 36  58
 36  60
 36  64
 36  65
 36  73
 36  74
 36  78
 36  82
 36  83
 36  91
 36  95
 36  99
 37  46
 37  48
 37  51
 37  52
 37  66
 37  71
 37  86
 37  90
 37  93
 37  94
 37  95
 38  39
 38  44
 38  47
 38  51
 38  67
 38  69
 38  70
 38  76
 38  80
 38  87
 38  97
 39  53
 39  55
 39  58
 39  60
 39  68
 39  72
 39  79
 39  91
 39  93
 39  99
 40  41
 40  48
 40  53
 40  59
 40  66
 40  72
 40  74
 40  76
 40  78
 40  80
 40  89
 40  93
 41  48
 41  51
 41  55
 41  60
 41  70
 41  72
 41  80
 41  84
 41  87
 41  89
 41  94
 41  95
 42  43
 42  51
 42  52
 42  56
 42  61
 42  67
 42  71
 42  73
 42  86
 42  89
 42  91
 42  92
 42  99
 43  53
 43  59
 43  62
 43  63
 43  65
 43  67
 43  75
 43  82
 43  89
 44  53
 44  55
 44  58
 44  62
 44  65
 44  68
 44  75
 44  79
 44  80
 44  88
 45  50
 45  60
 45  65
 45  66
 45  72
 45  73
 45  77
 45  94
 45  95
 46  48
 46  53
 46  55
 46  58
 46  62
 46  68
 46  70
 46  73
 46  74
 46  79
 46  81
 46  83
 46  87
 46  91
 46  92
 46  95
 46  96
 46  99
 47  63
 47  66
 47  77
 47  83
 47  87
 47  96
 48  54
 48  61
 48  69
 48  88
 48  93
 48  95
 48  97
 48  99
 49  64
 49  67
 49  68
 49  82
 49  83
 49  85
 49  92
 49  93
 49  94
 50  58
 50  60
 50  67
 50  69
 50  74
 50  78
 50  83
 50  84
 50  85
 50  87
 50  95
 50  98
 51  56
 51  66
 51  72
 51  73
 51  74
 51  88
 51  89
 51  90
 52  58
 52  69
 52  76
 52  80
 52  81
 52  82
 52  99
 53  56
 53  57
 53  68
 53  74
 53  78
 53  79
 53  84
 53  87
 53  90
 53  91
 53  95
 53  98
 54  56
 54  62
 54  63
 54  65
 54  71
 54  75
 54  91
 55  60
 55  64
 55  70
 55  74
 55  76
 55  78
 55  86
 55  94
 56  58
 56  69
 56  70
 56  71
 56  74
 56  75
 56  78
 56  79
 56  90
 56  97
 56  98
 57  59
 57  62
 57  71
 57  73
 57  75
 57  77
 57  80
 57  84
 57  87
 57  94
 57  96
 58  67
 58  70
 58  76
 58  78
 58  79
 58  80
 58  91
 58  97
 59  70
 59  74
 59  75
 59  84
 59  91
 59  99
 60  64
 60  67
 60  86
 60  93
 60  97
 61  65
 61  69
 61  74
 61  77
 61  78
 61  83
 61  85
 61  95
 62  69
 62  74
 62  75
 62  77
 62  87
 62  88
 62  91
 62  96
 63  67
 63  70
 63  75
 63  76
 63  81
 63  87
 63  90
 63  95
 63  96
 63  97
 63  98
 63  99
 64  66
 64  86
 64  90
 64  93
 65  71
 65  72
 65  78
 65  85
 65  89
 65  90
 65  92
 65  99
 66  68
 66  69
 66  70
 66  72
 66  78
 66  79
 66  82
 66  83
 66  86
 66  88
 66  95
 66  98
 67  68
 67  69
 67  70
 67  71
 67  76
 67  79
 67  80
 67  82
 67  85
 67  88
 67  93
 68  71
 68  76
 68  79
 68  82
 68  84
 68  86
 68  91
 69  81
 69  96
 69  99
 70  72
 70  82
 70  89
 70  97
 71  82
 71  85
 71  94
 71  96
 72  80
 72  81
 72  88
 72  90
 72  99
 73  82
 73  85
 73  93
 73  99
 74  77
 74  80
 74  93
 74  95
 74  99
 75  82
 75  95
 76  78
 76  92
 76  93
 77  79
 77  80
 77  85
 77  88
 77  89
 77  93
 78  80
 78  81
 78  83
 78  88
 78  92
 78  93
 78  95
 78  98
 78  99
 79  87
 79  88
 80  86
 80  92
 81  86
 81  95
 81  97
 82  87
 82  94
 83  86
 83  94
 84  86
 84  88
 84  94
 84  96
 85  87
 85  91
 86  89
 86  95
 86  96
 86  98
 87  89
 87  94
 87  97
 87  98
 87  99
 88  93
 89  93
 89  95
 89  96
 90  92
 90  95
 91  95
 91  96
 91  99
 93  99
 94  97
 95  97
 97  98
