# n=100 p=0.200 seed=3664
  0   1
  0   6
  0  11
  0  20
  0  21
  0  22
  0  38
  0  39
  0  40
  0  45
  0  60
  0  61
  0  65
  0  77
  0  83
  0  87
  0  94
  0  95
  0  96
  1  13
  1  16
  1  18
  1  19
  1  24
  1  25
  1  27
  1  30
  1  37
  1  51
  1  62
  1  71
  1  73
  1  77
  1  78
  1  80
  1  84
  1  86
  1  90
  1  91
  1  97
  2   4
  2   6
  2   8
  2  10
  2  34
  2  36
  2  39
  2  56
  2  60
  2  61
  2  68
  2  72
  2  74
  2  82
  2  85
  2  87
  2  96
  2  99
  3  14
  3  16
  3  17
  3  27
  3  28
  3  30
  3  32
  3  44
  3  47
  3  61
  3  62
  3  68
  3  74
  3  76
  3  84
  4   5
  4   6
  4  12
  4  27
  4  35
  4  39
  4  48
  4  56
  4  59
  4  63
  4  64
  4  69
  4  70
  4  75
  4  77
  4  88
  5  16
  5  25
  5  26
  5  32
  5  36
  5  52
  5  54
  5  57
  5  58
  5  61
  5  62
  5  66
  5  68
  5  80
  5  82
  5  93
  6  12
  6  18
  6  22
  6  23
  6  24
  6  27
  6  30
  6  44
  6  48
  6  52
  6  59
  6  63
  6  72
  6  78
  6  79
  6  80
  6  83
  6  88
  6  92
  7   9
  7  14
  7  16
  7  19
  7  23
  7  26
  7  34
  7  39
  7  48
  7  49
  7  55
  7  67
  7  70
  7  71
  7  74
  7  81
  7  90
  7  91
  7  97
  7  99
  8  18
  8  21
  8  25
  8  33
  8  38
  8  52
  8  55
  8  57
  8  70
  8  72
  8  78
  8  86
  8  87
  9  10
  9  15
  9  23
  9  25
  9  28
  9  30
  9  31
  9  32
  9  37
  9  42
  9  44
  9  46
  9  49
  9  65
  9  67
  9  68
  9  81
  9  85
  9  90
 10  15
 10  16
 10  20
 10  23
 10  25
 10  29
 10  31
 10  35
 10  39
 10  48
 10  52
 10  53
 10  56
 10  58
 10  60
 10  64
 10  65
 10  69
 10  75
 10  77
 10  81
 10  82
 10  84
 10  87
 10  97
 10  99
 11  15
 11  17
 11  20
 11  31
 11  35
 11  44
 11  45
 11  47
 11  58
 11  61
 11  68
 11  70
 11  75
 11  78
 11  80
 11  82
 11  84
 11  87
 11  89
 11  92
 12  21
 12  31
 12  36
 12  42
 12  44
 12  49
 12  51
 12  57
 12  65
 12  70
 12  72
 12  78
 12  84
 12  88
 12  93
 12  94
 12  96
 12  97
 12  98
 13  17
 13  19
 13  27
 13  29
 13  30
 13  31
 13  33
 13  43
 13  44
 13  52
 13  53
 13  58
 13  61
 13  63
 13  64
 13  72
 13  77
 13  83
 13  85
 13  89
 13  90
 14  17
 14  20
 14  23
 14  26
 14  27
 14  29
 14  32
 14  33
 14  35
 14  36
 14  54
 14  55
 14  57
 14  60
 14  63
 14  65
 14  67
 14  68
 14  70
 14  76
 14  79
 14  80
 14  84
 14  88
 15  17
 15  21
 15  38
 15  43
 15  45
 15  60
 15  68
 15  72
 15  73
 15  78
 15  93
 15  95
 16  28
 16  34
 16  54
 16  56
 16  57
 16  58
 16  59
 16  75
 16  77
 16  84
 16  86
 16  87
 16  89
 16  97
 17  34
 17  37
 17  38
 17  39
 17  41
 17  45
 17  52
 17  54
 17  58
 17  59
 17  66
 17  78
 17  84
 17  86
 17  92
 17  98
 18  22
 18  23
 18  24
 18  28
 18  35
 18  43
 18  50
 18  53
 18  56
 18  59
 18  64
 18  69
 18  76
 18  78
 18  81
 18  82
 18  83
 19  20
 19  21
 19  25
 19  35
 19  36
 19  37
 19  40
 19  46
 19  48
 19  51
 19  55
 19  62
 19  64
 19  82
 19  83
 19  85
 19  91
 19  99
 20  22
 20  26
 20  30
 20  32
 20  35
 20  36
 20  42
 20  48
 20  54
 20  58
 20  59
 20  61
 20  68
 20  70
 20  74
 20  79
 20  80
 20  86
 20  89
 20  92
 20  96
 20  97
 21  24
 21  26
 21  27
 21  29
 21  30
 21  32
 21  34
 21  42
 21  46
 21  48
 21  49
 21  57
 21  64
 21  73
 21  90
 21  94
 22  32
 22  33
 22  38
 22  43
 22  47
 22  49
 22  50
 22  53
 22  57
 22  59
 22  61
 22  69
 22  71
 22  80
 22  89
 22  92
 22  94
 23  24
 23  29
 23  32
 23  35
 23  40
 23  43
 23  53
 23  67
 23  68
 23  75
 23  77
 23  82
 23  90
 23  91
 23  92
 24  27
 24  29
 24  34
 24  40
 24  42
 24  54
 24  55
 24  58
 24  59
 24  66
 24  73
 24  74
 24  78
 24  82
 24  84
 24  90
 25  36
 25  49
 25  60
 25  65
 25  81
 25  86
 25  99
 26  27
 26  28
 26  29
 26  35
 26  39
 26  40
 26  73
 26  75
 26  79
 26  80
 26  84
 26  85
 26  95
 27  40
 27  41
 27  43
 27  47
 27  51
 27  52
 27  53
 27  59
 27  62
 27  65
 27  66
 27  72
 27  73
 27  81
 27  84
 27  89
 27  91
 28  34
 28  35
 28  39
 28  46
 28  49
 28  50
 28  60
 28  61
 28  86
 28  87
 28  90
 28  91
 28  96
 28  99
 29  30
 29  31
 29  36
 29  38
 29  50
 29  57
 29  60
 29  63
 29  64
 29  67
 29  74
 29  79
 29  80
 29  89
 29  93
 29  97
 30  33
 30  40
 30  47
 30  62
 30  76
 30  77
 30  84
 30  92
 30  93
 30  94
 31  43
 31  44
 31  49
 31  54
 31  60
 31  64
 31  66
 31  68
 31  70
 31  73
 31  75
 31  83
 31  85
 31  92
 31  94
 32  34
 32  35
 32  37
 32  40
 32  52
 32  59
 32  61
 32  62
 32  65
 32  76
 32  77
 32  84
 32  85
 32  90
 32  91
 32  93
 33  37
 33  45
 33  53
 33  56
 33  57
 33  65
 33  68
 33  69
 33  70
 33  74
 33  75
 33  84
 33  87
 34  36
 34  48
 34  49
 34  55
 34  62
 34  68
 34  70
 34  74
 34  83
 34  86
 35  38
 35  41
 35  43
 35  46
 35  57
 35  62
 35  63
 35  73
 35  74
 35  77
 35  81
 35  86
 35  93
 36  46
 36  55
 36  58
 36  59
 36  61
 36  63
 36  64
 36  65
 36  68
 36  69
 36  70
 36  74
 36  75
 36  76
 36  82
 37  47
 37  49
 37  55
 37  56
 37  63
 37  64
 37  65
 37  71
 37  72
 37  82
 37  83
 37  84
 37  99
 38  40
 38  42
 38  48
 38  63
 38  65
 38  77
 38  78
 38  83
 38  87
 38  93
 38  96
 39  44
 39  45
 39  46
 39  52
 39  58
 39  74
 39  75
 39  79
 39  82
 39  85
 39  96
 39  97
 40  43
 40  63
 40  76
 40  81
 40  90
 40  92
 40  97
 41  47
 41  53
 41  55
 41  68
 41  71
 41  89
 41  91
 41  93
 41  99
 42  44
 42  49
 42  50
 42  59
 42  72
 42  77
 42  80
 42  84
 42  85
 42  88
 43  46
 43  51
 43  57
 43  60
 43  61
 43  62
 43  69
 43  75
 43  79
 43  82
 43  83
 43  84
 43  89
 43  92
 43  94
 43  95
 43  97
 44  48
 44  61
 44  74
 44  76
 44  77
 44  79
 44  81
 44  83
 44  93
 44  99
 45  47
 45  50
 45  53
 45  71
 45  77
 45  79
 45  84
 45  90
 45  93
 45  95
 45  99
 46  47
 46  55
 46  72
 46  80
 46  83
 46  86
 46  87
 46  88
 46  99
 47  56
 47  64
 47  68
 47  74
 47  79
 47  87
 48  56
 48  75
 48  76
 48  77
 48  83
 48  89
 48  90
 48  95
 49  53
 49  55
 49  56
 49  68
 49  69
 49  79
 49  83
 49  87
 50  51
 50  76
 50  83
 50  86
 50  87
 50  88
 50  96
 50  97
 51  57
 51  62
 51  63
 51  65
 51  66
 51  70
 51  78
 51  84
 51  97
 52  54
 52  56
 52  63
 52  65
 52  67
 52  74
 52  78
 52  91
 52  96
 53  57
 53  59
 53  76
 53  80
 53  84
 53  86
 54  57
 54  60
 54  68
 54  80
 55  57
 55  74
 55  76
 55  78
 55  88
 55  94
 55  97
 56  57
 56  63
 56  77
 56  79
 56  81
 56  82
 56  91
 56  96
 56  99
 57  59
 57  76
 57  98
 58  62
 58  64
 58  65
 58  69
 58  80
 58  81
 58  83
 58  85
 58  89
 58  91
 58  93
 58  96
 59  60
 59  64
 59  65
 59  66
 59  68
 59  71
 59  73
 59  74
 59  76
 59  86
 60  83
 60  87
 60  93
 60  95
 61  73
 61  74
 61  78
 61  85
 61  89
 61  91
 61  92
 61  95
 61  96
 62  66
 62  68
 62  75
 62  77
 62  79
 62  88
 63  65
 63  66
 63  67
 63  70
 63  75
 63  86
 63  94
 64  67
 64  79
 64  93
 64  98
 65  69
 65  71
 65  73
 65  80
 65  84
 65  90
 65  91
 65  93
 65  98
 65  99
 66  75
 66  76
 66  78
 66  94
 66  98
 67  72
 67  76
 67  79
 67  80
 67  85
 67  90
 67  91
 67  95
 67  98
 68  69
 68  80
 68  86
 68  87
 68  88
 68  94
 69  85
 70  81
 70  86
 70  95
 70  97
 71  75
 71  79
 71  80
 71  87
 71  88
 71  97
 72  74
 72  75
 72  76
 72  79
 72  80
 72  81
 72  87
 72  91
 72  98
 73  76
 73  79
 73  90
 73  93
 73  95
 73  96
 74  79
 74  82
 74  83
 74  84
 74  97
 75  80
 75  84
 75  88
 75  91
 75  92
 76  77
 76  79
 76  87
 76  88
 77  82
 77  83
 77  91
 77  94
 77  95
 77  97
 78  80
 78  81
 78  87
 78  91
 78  92
 78  96
 78  99
 79  86
 79  97
 80  83
 80  90
 80  92
 80  94
 80  99
 81  84
 81  88
 81  91
 81  94
 81  97
 82  85
 82  87
 82  88
 82  90
 82  94
 82  96
 83  90
 83  91
 83  94
 84  88
 84  92
 86  91
 87  99
 88  92
 89  92
 89  97
 90  98
 91  97
 91  98
 92  94
 95  97
 95  99
 97  98
