# n=100 p=0.200 seed=3644
  0   5
  0   7
  0  10
  0  18
  0  39
  0  40
  0  43
  0  54
  0  59
  0  62
  0  70
  0  94
  0  97
  1   9
  1  14
  1  16
  1  18
  1  20
  1  24
  1  40
  1  50
  1  56
  1  59
  1  61
  1  66
  1  68
  1  76
  1  82
  1  83
  1  97
  2   5
  2   7
  2   9
  2  14
  2  17
  2  19
  2  21
  2  27
  2  32
  2  38
  2  44
  2  50
  2  53
  2  56
  2  61
  2  72
  2  78
  2  97
  2  98
  3  10
  3  11
  3  18
  3  19
  3  23
  3  24
  3  28
  3  29
  3  33
  3  34
  3  35
  3  36
  3  38
  3  41
  3  46
  3  47
  3  63
  3  70
  3  74
  3  81
  3  86
  3  93
  4  10
  4  12
  4  21
  4  23
  4  30
  4  31
  4  35
  4  38
  4  39
  4  41
  4  48
  4  50
  4  55
  4  57
  4  59
  4  62
  4  73
  4  75
  4  83
  4  84
  4  85
  4  86
  4  88
  4  94
  4  98
  5   6
  5  15
  5  20
  5  26
  5  27
  5  37
  5  39
  5  42
  5  44
  5  49
  5  56
  5  58
  5  61
  5  73
  5  74
  6   9
  6  10
  6  21
  6  22
  6  23
  6  33
  6  49
  6  56
  6  61
  6  62
  6  64
  6  68
  6  69
  6  70
  6  74
  6  75
  6  78
  6  79
  6  83
  6  84
  6  87
  6  97
  7  14
  7  15
  7  16
  7  19
  7  22
  7  23
  7  25
  7  31
  7  33
  7  38
  7  44
  7  59
  7  60
  7  70
  7  75
  7  76
  7  77
  7  84
  7  86
  7  91
  7  93
  7  97
  8  14
  8  20
  8  25
  8  26
  8  27
  8  28
  8  29
  8  31
  8  33
  8  34
  8  48
  8  59
  8  62
  8  71
  8  75
  8  81
  8  82
  8  84
  8  86
  8  87
  8  90
  9  12
  9  14
  9  19
  9  24
  9  26
  9  27
  9  33
  9  35
  9  40
  9  47
  9  58
  9  60
  9  62
  9  69
  9  84
  9  85
  9  92
 10  11
 10  13
 10  14
 10  19
 10  23
 10  25
 10  26
 10  29
 10  33
 10  35
 10  39
 10  42
 10  43
 10  45
 10  51
 10  52
 10  53
 10  54
 10  56
 10  57
 10  60
 10  68
 10  71
 10  74
 10  77
 10  87
 10  94
 10  98
 11  16
 11  20
 11  25
 11  26
 11  33
 11  54
 11  55
 11  62
 11  67
 11  69
 11  70
 11  83
 11  86
 11  96
 12  15
 12  19
 12  28
 12  30
 12  34
 12  38
 12  47
 12  52
 12  61
 12  63
 12  67
 12  71
 12  76
 12  84
 12  87
 12  90
 13  21
 13  22
 13  33
 13  34
 13  43
 13  58
 13  62
 13  65
 13  70
 13  73
 13  80
 13  86
 13  90
 13  91
 13  99
 14  16
 14  19
 14  23
 14  26
 14  27
 14  31
 14  32
 14  38
 14  45
 14  46
 14  59
 14  71
 14  83
 14  85
 14  92
 14  93
 15  16
 15  21
 15  26
 15  30
 15  42
 15  47
 15  48
 15  49
 15  50
 15  51
 15  52
 15  62
 15  68
 15  84
 15  89
 15  90
 15  92
 15  97
 15  99
 16  21
 16  37
 16  39
 16  40
 16  41
 16  44
 16  47
 16  51
 16  54
 16  56
 16  59
 16  64
 16  66
 16  69
 16  81
 16  89
 16  96
 16  97
 17  18
 17  19
 17  23
 17  27
 17  33
 17  36
 17  37
 17  38
 17  39
 17  44
 17  51
 17  52
 17  56
 17  60
 17  61
 17  65
 17  68
 17  72
 17  73
 17  89
 17  93
 18  22
 18  30
 18  38
 18  41
 18  42
 18  43
 18  47
 18  50
 18  52
 18  66
 18  71
 18  75
 18  79
 18  87
 18  92
 18  99
 19  23
 19  27
 19  33
 19  44
 19  47
 19  50
 19  56
 19  62
 19  71
 19  75
 19  77
 19  78
 19  82
 19  91
 19  92
 19  93
 19  95
 19  99
 20  22
 20  23
 20  24
 20  29
 20  31
 20  35
 20  37
 20  39
 20  42
 20  45
 20  52
 20  54
 20  74
 20  75
 20  76
 20  87
 20  95
 20  97
 20  99
 21  25
 21  30
 21  38
 21  39
 21  40
 21  41
 21  45
 21  46
 21  48
 21  51
 21  55
 21  61
 21  62
 21  69
 21  70
 21  75
 21  77
 21  94
 21  97
 22  28
 22  31
 22  32
 22  35
 22  37
 22  39
 22  51
 22  53
 22  79
 22  82
 22  84
 22  89
 22  90
 22  94
 22  96
 23  25
 23  30
 23  34
 23  37
 23  42
 23  51
 23  59
 23  62
 23  65
 23  66
 23  71
 23  77
 23  88
 23  90
 23  93
 23  95
 23  96
 24  25
 24  31
 24  42
 24  47
 24  52
 24  58
 24  66
 24  86
 24  89
 24  92
 24  97
 25  38
 25  40
 25  43
 25  48
 25  51
 25  53
 25  54
 25  55
 25  59
 25  61
 25  78
 25  98
 26  31
 26  32
 26  40
 26  42
 26  43
 26  53
 26  67
 26  78
 26  80
 26  82
 26  87
 26  96
 27  37
 27  42
 27  49
 27  64
 27  66
 27  70
 27  75
 27  87
 27  91
 27  95
 27  96
 28  29
 28  31
 28  33
 28  35
 28  38
 28  51
 28  56
 28  58
 28  62
 28  64
 28  67
 28  74
 28  76
 28  79
 28  81
 28  82
 28  86
 28  87
 28  88
 28  89
 28  90
 28  92
 28  93
 28  94
 29  35
 29  38
 29  39
 29  42
 29  44
 29  45
 29  47
 29  48
 29  51
 29  58
 29  59
 29  64
 29  72
 29  75
 29  77
 29  82
 29  83
 29  84
 29  90
 29  92
 29  99
 30  31
 30  34
 30  41
 30  53
 30  55
 30  56
 30  68
 30  72
 30  73
 30  81
 30  82
 30  83
 30  86
 30  91
 30  97
 31  39
 31  53
 31  55
 31  62
 31  64
 31  66
 31  68
 31  77
 31  79
 31  84
 31  88
 32  50
 32  53
 32  58
 32  68
 32  69
 32  73
 32  77
 32  82
 32  91
 32  93
 32  95
 33  41
 33  42
 33  44
 33  47
 33  53
 33  59
 33  61
 33  63
 33  65
 33  68
 33  69
 33  72
 33  77
 33  81
 33  84
 33  93
 33  96
 33  97
 34  35
 34  39
 34  50
 34  55
 34  56
 34  58
 34  59
 34  64
 34  77
 34  82
 34  83
 34  84
 34  87
 34  88
 34  97
 35  36
 35  46
 35  49
 35  51
 35  53
 35  54
 35  59
 35  66
 35  70
 35  73
 35  75
 35  93
 36  37
 36  39
 36  44
 36  52
 36  56
 36  64
 36  65
 36  68
 36  70
 36  80
 36  81
 36  82
 36  83
 36  88
 36  89
 36  94
 37  38
 37  46
 37  48
 37  54
 37  60
 37  63
 37  69
 37  72
 37  73
 37  74
 37  77
 37  78
 37  82
 37  84
 37  90
 37  92
 37  99
 38  40
 38  43
 38  51
 38  55
 38  59
 38  61
 38  66
 38  68
 38  69
 38  70
 38  71
 38  77
 38  79
 38  89
 38  91
 38  95
 39  46
 39  47
 39  65
 39  70
 39  71
 39  72
 39  81
 39  91
 39  95
 39  99
 40  43
 40  44
 40  48
 40  49
 40  60
 40  62
 40  64
 40  66
 40  68
 40  70
 40  71
 40  73
 40  74
 40  83
 40  85
 40  87
 40  94
 40  97
 41  43
 41  45
 41  46
 41  50
 41  55
 41  63
 41  65
 41  69
 41  77
 41  78
 41  79
 41  80
 41  89
 41  92
 42  45
 42  46
 42  48
 42  51
 42  57
 42  58
 42  60
 42  63
 42  67
 42  73
 42  81
 42  94
 43  44
 43  45
 43  48
 43  50
 43  60
 43  64
 43  72
 43  74
 43  91
 43  99
 44  52
 44  74
 44  89
 44  92
 44  97
 45  54
 45  64
 45  70
 45  78
 45  86
 45  99
 46  48
 46  53
 46  68
 46  69
 46  71
 46  73
 46  78
 46  79
 46  81
 46  83
 46  88
 46  90
 46  94
 46  96
 46  97
 46  99
 47  48
 47  50
 47  61
 47  63
 47  72
 47  75
 47  78
 47  81
 47  87
 47  89
 47  92
 47  98
 48  49
 48  52
 48  53
 48  54
 48  55
 48  65
 48  66
 48  68
 48  77
 48  78
 48  80
 48  87
 48  92
 49  53
 49  57
 49  65
 49  67
 49  68
 49  74
 49  83
 49  93
 49  95
 49  96
 50  52
 50  55
 50  56
 50  62
 50  63
 50  67
 50  72
 50  77
 50  79
 50  88
 50  94
 51  56
 51  61
 51  63
 51  69
 51  70
 51  71
 51  72
 51  82
 51  83
 51  87
 51  89
 51  95
 51  96
 52  59
 52  73
 52  84
 52  89
 52  93
 52  95
 52  96
 53  57
 53  64
 53  67
 53  68
 53  69
 53  76
 53  83
 53  87
 54  59
 54  60
 54  82
 55  58
 55  59
 55  66
 55  69
 55  71
 55  73
 55  76
 55  84
 55  98
 56  62
 56  70
 56  71
 56  78
 56  82
 56  87
 56  89
 56  97
 56  99
 57  60
 57  68
 57  69
 57  71
 57  73
 57  75
 57  78
 57  87
 57  97
 58  64
 58  68
 58  80
 58  84
 58  87
 58  91
 58  92
 58  95
 59  66
 59  74
 59  76
 59  77
 59  78
 59  87
 59  96
 60  64
 60  71
 60  74
 60  75
 60  81
 60  83
 60  91
 61  82
 61  86
 61  90
 61  95
 61  98
 62  66
 62  70
 62  75
 62  78
 62  85
 62  87
 63  64
 63  68
 63  79
 63  82
 63  84
 63  85
 63  89
 64  67
 64  85
 64  90
 64  93
 65  68
 65  69
 65  73
 65  75
 65  81
 66  70
 66  73
 66  86
 66  88
 67  76
 67  77
 67  89
 67  96
 67  99
 68  70
 68  78
 68  80
 68  83
 68  88
 68  94
 68  98
 69  71
 69  78
 69  81
 69  84
 69  87
 69  88
 69  94
 69  96
 69  99
 70  71
 70  88
 70  90
 70  91
 71  76
 71  77
 71  79
 71  92
 71  94
 71  99
 72  73
 72  77
 72  78
 72  81
 72  85
 72  86
 72  93
 72  95
 72  96
 72  98
 72  99
 73  78
 73  82
 73  86
 73  87
 73  90
 73  92
 73  93
 73  98
 74  80
 74  90
 74  91
 74  93
 74  95
 74  98
 75  76
 75  77
 75  78
 75  80
 75  88
 75  90
 75  92
 76  80
 76  87
 76  91
 76  95
 76  97
 77  81
 77  84
 77  86
 77  89
 77  90
 77  95
 77  99
 78  86
 78  93
 79  82
 79  85
 79  86
 79  92
 79  99
 80  91
 80  94
 81  82
 81  83
 81  89
 81  94
 81  98
 82  83
 82  93
 82  94
 83  95
 83  98
 84  93
 84  97
 85  89
 85  94
 85  97
 86  88
 86  89
 86  90
 86  91
 86  95
 86  97
 87  94
 89  90
 89  93
 89  94
 89  96
 89  99
 90  96
 91  95
 92  93
 92  96
 92  99
 93  96
 94  97
