# n=100 p=0.200 seed=3729
  0   4
  0   8
  0   9
  0  14
  0  19
  0  26
  0  36
  0  38
  0  42
  0  45
  0  50
  0  57
  0  66
  0  90
  0  91
  0  93
  0  95
  1   3
  1   7
  1   8
  1  13
  1  17
  1  42
  1  43
  1  46
  1  54
  1  56
  1  68
  1  69
  1  71
  1  74
  1  80
  1  90
  1  96
  2   9
  2  10
  2  12
  2  15
  2  17
  2  19
  2  32
  2  38
  2  40
  2  42
  2  43
  2  45
  2  46
  2  48
  2  50
  2  58
  2  64
  2  66
  2  67
  2  69
  2  75
  2  78
  2  81
  2  84
  2  88
  2  92
  3   4
  3   6
  3  15
  3  18
  3  29
  3  33
  3  34
  3  35
  3  39
  3  40
  3  41
  3  42
  3  48
  3  60
  3  61
  3  63
  3  66
  3  67
  3  70
  3  73
  3  76
  3  79
  3  81
  3  82
  3  83
  3  90
  4  10
  4  13
  4  15
  4  18
  4  26
  4  27
  4  30
  4  31
  4  33
  4  35
  4  38
  4  43
  4  47
  4  52
  4  59
  4  62
  4  68
  4  75
  4  78
  4  79
  4  80
  4  81
  4  82
  4  98
  5   9
  5  30
  5  34
  5  36
  5  38
  5  41
  5  49
  5  51
  5  53
  5  60
  5  61
  5  65
  5  73
  5  76
  5  94
  5  97
  6   9
  6  18
  6  20
  6  22
  6  24
  6  26
  6  28
  6  31
  6  42
  6  43
  6  45
  6  54
  6  56
  6  57
  6  60
  6  63
  6  64
  6  65
  6  66
  6  73
  6  75
  6  76
  6  81
  6  82
  6  85
  6  92
  6  93
  6  99
  7  11
  7  16
  7  19
  7  32
  7  45
  7  51
  7  64
  7  65
  7  70
  7  74
  7  85
  7  87
  7  93
  7  94
  7  98
  8   9
  8  12
  8  13
  8  14
  8  16
  8  20
  8  38
  8  50
  8  59
  8  60
  8  73
  8  79
  8  83
  8  85
  8  90
  8  97
  8  98
  9  15
  9  23
  9  33
  9  35
  9  38
  9  51
  9  53
  9  58
  9  68
  9  73
  9  74
  9  86
  9  87
  9  88
  9  89
 10  12
 10  15
 10  22
 10  23
 10  30
 10  42
 10  47
 10  52
 10  79
 10  86
 10  87
 11  14
 11  18
 11  22
 11  23
 11  29
 11  30
 11  34
 11  35
 11  47
 11  50
 11  52
 11  53
 11  63
 11  75
 11  80
 12  23
 12  28
 12  29
 12  39
 12  45
 12  46
 12  52
 12  63
 12  68
 12  69
 12  74
 12  81
 12  83
 12  85
 12  96
 12  99
 13  15
 13  23
 13  50
 13  52
 13  54
 13  62
 13  63
 13  64
 13  77
 13  84
 13  88
 13  99
 14  23
 14  36
 14  38
 14  46
 14  47
 14  55
 14  56
 14  65
 14  69
 14  70
 14  72
 14  80
 14  84
 14  85
 14  95
 15  23
 15  24
 15  29
 15  31
 15  32
 15  33
 15  38
 15  45
 15  49
 15  58
 15  66
 15  69
 15  72
 15  78
 15  83
 15  90
 16  27
 16  28
 16  33
 16  34
 16  36
 16  37
 16  43
 16  49
 16  56
 16  60
 16  61
 16  82
 16  87
 16  88
 16  94
 16  95
 17  18
 17  21
 17  24
 17  26
 17  29
 17  39
 17  40
 17  42
 17  53
 17  54
 17  74
 17  75
 17  79
 17  83
 17  87
 17  92
 17  95
 17  97
 18  22
 18  26
 18  27
 18  29
 18  44
 18  47
 18  51
 18  65
 18  69
 18  86
 18  87
 18  88
 19  29
 19  32
 19  46
 19  52
 19  57
 19  66
 19  76
 19  78
 19  83
 19  85
 19  88
 19  90
 20  29
 20  32
 20  43
 20  53
 20  55
 20  57
 20  62
 20  87
 20  91
 20  92
 20  99
 21  27
 21  37
 21  42
 21  43
 21  46
 21  47
 21  48
 21  67
 21  71
 21  75
 21  78
 21  83
 21  92
 21  97
 21  98
 22  32
 22  45
 22  62
 22  77
 22  78
 22  87
 22  91
 23  27
 23  41
 23  43
 23  49
 23  55
 23  64
 23  67
 23  71
 23  72
 23  84
 23  91
 24  30
 24  43
 24  49
 24  56
 24  62
 24  64
 24  70
 24  71
 24  74
 24  75
 24  83
 24  99
 25  28
 25  31
 25  36
 25  45
 25  47
 25  54
 25  62
 25  66
 25  67
 25  72
 25  73
 25  79
 25  84
 25  92
 25  93
 25  94
 25  95
 26  27
 26  36
 26  43
 26  47
 26  49
 26  52
 26  66
 26  71
 26  74
 26  78
 26  82
 26  93
 26  96
 27  32
 27  35
 27  37
 27  42
 27  46
 27  48
 27  59
 27  60
 27  75
 27  82
 27  95
 27  97
 27  98
 28  52
 28  54
 28  57
 28  60
 28  62
 28  68
 28  80
 28  96
 29  31
 29  40
 29  48
 29  53
 29  56
 29  57
 29  63
 29  84
 29  87
 29  89
 29  99
 30  36
 30  41
 30  44
 30  51
 30  53
 30  57
 30  60
 30  63
 30  67
 30  69
 30  72
 30  74
 30  75
 30  78
 30  81
 30  85
 30  99
 31  35
 31  45
 31  49
 31  54
 31  55
 31  68
 31  70
 31  78
 31  80
 31  82
 31  86
 31  90
 31  92
 31  94
 31  98
 32  34
 32  41
 32  47
 32  61
 32  66
 32  68
 32  71
 32  73
 32  78
 32  80
 32  84
 32  87
 32  99
 33  34
 33  35
 33  36
 33  45
 33  46
 33  48
 33  58
 33  59
 33  61
 33  64
 33  67
 33  74
 33  77
 33  87
 33  88
 33  94
 33  98
 34  35
 34  41
 34  57
 34  58
 34  61
 34  64
 34  65
 34  67
 34  72
 34  76
 34  79
 34  81
 34  83
 34  91
 35  40
 35  43
 35  46
 35  52
 35  55
 35  56
 35  58
 35  60
 35  64
 35  65
 35  73
 35  76
 35  77
 35  79
 35  98
 36  41
 36  48
 36  49
 36  50
 36  60
 36  67
 36  71
 36  80
 36  87
 36  96
 37  47
 37  48
 37  51
 37  52
 37  55
 37  59
 37  63
 37  79
 37  83
 37  84
 37  93
 37  99
 38  40
 38  43
 38  49
 38  53
 38  55
 38  59
 38  65
 38  71
 38  74
 38  77
 38  80
 38  81
 38  84
 38  89
 38  91
 38  93
 39  41
 39  64
 39  73
 39  75
 39  84
 39  89
 39  90
 39  91
 39  93
 39  99
 40  49
 40  54
 40  59
 40  77
 40  79
 40  83
 40  89
 40  96
 41  42
 41  48
 41  52
 41  53
 41  54
 41  59
 41  61
 41  66
 41  70
 41  72
 41  73
 41  74
 41  75
 41  88
 41  89
 41  91
 42  49
 42  54
 42  62
 42  65
 42  67
 42  71
 42  75
 42  84
 42  85
 42  89
 42  91
 42  99
 43  49
 43  51
 43  62
 43  63
 43  70
 43  75
 43  87
 43  92
 43  94
 44  45
 44  54
 44  55
 44  56
 44  60
 44  62
 44  63
 44  73
 44  75
 44  76
 44  81
 44  90
 45  46
 45  47
 45  50
 45  74
 45  77
 45  79
 45  81
 45  88
 45  92
 45  96
 45  99
 46  54
 46  58
 46  67
 46  78
 46  80
 46  81
 46  82
 46  95
 46  96
 46  97
 47  52
 47  56
 47  70
 47  71
 47  78
 47  88
 47  90
 47  91
 47  99
 48  51
 48  57
 48  58
 48  67
 48  71
 48  72
 48  96
 48  99
 49  52
 49  54
 49  55
 49  56
 49  64
 49  69
 49  75
 49  76
 49  81
 49  88
 49  89
 49  97
 49  98
 49  99
 50  52
 50  54
 50  56
 50  58
 50  67
 50  73
 50  74
 50  75
 50  80
 50  83
 50  84
 50  86
 50  89
 50  90
 51  52
 51  53
 51  56
 51  61
 51  62
 51  67
 51  77
 51  78
 51  87
 51  88
 51  97
 52  59
 52  64
 52  65
 52  68
 52  73
 52  74
 52  79
 52  83
 52  88
 52  90
 52  94
 53  54
 53  56
 53  59
 53  64
 53  75
 53  76
 53  79
 53  80
 53  85
 53  89
 53  91
 53  92
 53  94
 54  57
 54  64
 54  73
 54  86
 55  61
 55  65
 55  68
 55  69
 55  74
 55  76
 55  77
 55  86
 55  96
 55  99
 56  62
 56  63
 56  79
 56  85
 56  94
 56  96
 57  59
 57  60
 57  63
 57  68
 57  70
 57  74
 57  79
 57  85
 57  90
 57  92
 57  98
 58  63
 58  78
 58  89
 59  60
 59  62
 59  64
 59  71
 59  72
 59  74
 59  78
 59  82
 59  85
 59  92
 59  93
 59  95
 59  97
 59  98
 59  99
 60  69
 60  74
 60  77
 60  79
 60  81
 60  82
 60  84
 60  85
 60  86
 60  87
 60  89
 60  98
 60  99
 61  66
 61  70
 61  81
 61  88
 61  89
 61  91
 61  93
 62  63
 62  67
 62  69
 62  71
 62  85
 62  95
 62  96
 62  97
 63  67
 63  71
 63  79
 63  82
 63  87
 63  90
 63  91
 63  96
 64  65
 64  74
 64  79
 64  81
 64  82
 64  84
 64  87
 64  89
 64  92
 65  68
 65  70
 65  71
 65  72
 65  74
 65  78
 65  82
 65  85
 65  90
 65  97
 65  98
 66  68
 66  75
 66  78
 66  80
 66  82
 66  83
 66  87
 67  74
 67  76
 67  77
 67  83
 67  86
 67  87
 67  93
 67  95
 67  96
 68  69
 68  78
 68  79
 68  89
 68  92
 68  93
 68  96
 69  71
 69  79
 69  82
 69  86
 69  88
 69  91
 69  94
 69  95
 69  97
 70  75
 70  81
 70  84
 71  73
 71  76
 71  77
 71  83
 71  88
 71  96
 72  82
 72  84
 73  74
 73  99
 74  77
 74  80
 74  83
 74  85
 74  87
 74  97
 75  77
 75  82
 75  83
 75  85
 75  90
 75  97
 75  98
 76  78
 76  81
 76  83
 76  88
 76  95
 77  79
 77  83
 77  84
 77  87
 77  88
 77  92
 77  93
 78  82
 78  87
 78  89
 78  90
 78  93
 78  95
 79  80
 79  88
 79  95
 79  98
 79  99
 80  82
 80  88
 80  89
 80  96
 80  98
 81  86
 81  87
 82  84
 82  87
 82  90
 82  92
 83  84
 83  88
 83  92
 83  94
 83  95
 83  96
 84  93
 84  98
 84  99
 85  92
 86  87
 86  91
 86  92
 86  98
 87  88
 87  90
 87  91
 87  99
 88  94
 88  98
 89  90
 89  96
 90  91
 90  98
 91  95
 91  96
 91  98
 92  94
 92  97
 92  98
 93  95
 93  97
 94  97
 95  96
 95  99
 96  97
 96  98
 97  99
