# n=100 p=0.200 seed=3627
  0   4
  0   5
  0  13
  0  18
  0  20
  0  24
  0  31
  0  37
  0  42
  0  48
  0  60
  0  70
  0  73
  0  76
  0  77
  0  79
  0  80
  0  86
  0  87
  0  88
  0  91
  0  93
  0  97
  1   5
  1  14
  1  23
  1  33
  1  35
  1  36
  1  37
  1  46
  1  47
  1  48
  1  56
  1  65
  1  68
  1  71
  1  73
  1  77
  1  82
  1  99
  2   6
  2  10
  2  18
  2  22
  2  23
  2  26
  2  38
  2  39
  2  41
  2  46
  2  51
  2  58
  2  63
  2  64
  2  71
  2  92
  2  95
  2  96
  2  97
  2  98
  3   5
  3  12
  3  16
  3  18
  3  30
  3  33
  3  36
  3  62
  3  63
  3  72
  3  79
  3  89
  3  96
  3  97
  4  13
  4  20
  4  23
  4  31
  4  47
  4  60
  4  61
  4  68
  4  73
  4  74
  4  75
  4  78
  4  80
  4  81
  4  82
  4  98
  5  23
  5  25
  5  29
  5  43
  5  44
  5  57
  5  65
  5  73
  5  80
  5  87
  5  94
  5  95
  6  10
  6  20
  6  21
  6  29
  6  30
  6  35
  6  36
  6  40
  6  50
  6  55
  6  63
  6  66
  6  67
  6  71
  6  78
  6  79
  6  83
  6  84
  6  93
  7  13
  7  19
  7  20
  7  22
  7  23
  7  24
  7  28
  7  33
  7  39
  7  46
  7  53
  7  58
  7  62
  7  63
  7  64
  7  65
  7  66
  7  70
  7  73
  7  74
  7  81
  7  90
  7  99
  8   9
  8  12
  8  16
  8  19
  8  23
  8  24
  8  47
  8  56
  8  59
  8  60
  8  63
  8  65
  8  74
  8  77
  8  79
  8  86
  8  88
  8  90
  8  92
  8  97
  9  16
  9  19
  9  23
  9  25
  9  28
  9  31
  9  32
  9  37
  9  39
  9  46
  9  48
  9  52
  9  61
  9  74
  9  80
  9  83
  9  96
 10  12
 10  17
 10  20
 10  24
 10  25
 10  27
 10  29
 10  34
 10  35
 10  38
 10  40
 10  42
 10  43
 10  44
 10  49
 10  54
 10  61
 10  65
 10  69
 10  75
 10  79
 10  81
 10  83
 10  88
 10  89
 11  15
 11  20
 11  24
 11  36
 11  37
 11  42
 11  49
 11  52
 11  53
 11  56
 11  61
 11  62
 11  68
 11  70
 11  97
 11  98
 11  99
 12  13
 12  18
 12  22
 12  27
 12  31
 12  33
 12  38
 12  43
 12  49
 12  50
 12  54
 12  55
 12  58
 12  63
 12  73
 12  76
 12  81
 12  94
 12  99
 13  14
 13  15
 13  17
 13  33
 13  34
 13  35
 13  36
 13  40
 13  47
 13  48
 13  49
 13  50
 13  54
 13  58
 13  69
 13  74
 13  75
 13  88
 13  94
 13  95
 13  96
 14  18
 14  22
 14  28
 14  45
 14  47
 14  48
 14  51
 14  55
 14  61
 14  62
 14  63
 14  68
 14  69
 14  83
 15  18
 15  39
 15  44
 15  53
 15  54
 15  64
 15  72
 15  73
 15  74
 15  78
 15  88
 15  89
 15  97
 16  28
 16  51
 16  55
 16  60
 16  64
 16  65
 16  67
 16  75
 16  84
 17  21
 17  23
 17  26
 17  34
 17  38
 17  40
 17  64
 17  75
 17  81
 17  88
 17  95
 17  99
 18  33
 18  43
 18  54
 18  60
 18  62
 18  72
 18  73
 18  79
 18  83
 18  88
 18  91
 18  93
 18  98
 19  21
 19  24
 19  31
 19  32
 19  33
 19  38
 19  44
 19  48
 19  49
 19  52
 19  56
 19  65
 19  66
 19  67
 19  69
 19  72
 19  74
 19  75
 19  77
 19  80
 19  81
 19  87
 19  88
 19  94
 19  95
 19  97
 20  22
 20  30
 20  31
 20  40
 20  51
 20  52
 20  61
 20  63
 20  70
 20  75
 20  76
 20  77
 20  81
 20  93
 20  97
 21  25
 21  42
 21  47
 21  50
 21  54
 21  68
 21  73
 21  77
 21  87
 21  88
 21  90
 21  96
 22  23
 22  26
 22  30
 22  34
 22  38
 22  40
 22  47
 22  49
 22  56
 22  62
 22  63
 22  77
 22  80
 22  84
 22  86
 22  88
 22  93
 23  24
 23  25
 23  27
 23  46
 23  47
 23  60
 23  61
 23  66
 23  72
 23  74
 23  80
 23  81
 23  93
 23  99
 24  31
 24  36
 24  41
 24  49
 24  57
 24  61
 24  68
 24  75
 24  79
 24  82
 24  84
 24  96
 24  99
 25  28
 25  34
 25  35
 25  38
 25  41
 25  42
 25  44
 25  46
 25  48
 25  50
 25  53
 25  54
 25  55
 25  65
 25  66
 25  67
 25  69
 25  80
 25  87
 25  92
 26  34
 26  35
 26  37
 26  41
 26  44
 26  46
 26  52
 26  63
 26  64
 26  74
 26  76
 26  82
 26  92
 26  93
 26  95
 26  98
 27  30
 27  32
 27  35
 27  53
 27  57
 27  59
 27  62
 27  67
 27  68
 27  71
 27  76
 27  80
 27  86
 27  87
 27  90
 27  96
 27  97
 28  37
 28  38
 28  48
 28  53
 28  56
 28  57
 28  66
 28  70
 28  75
 28  86
 28  93
 29  39
 29  43
 29  51
 29  54
 29  58
 29  60
 29  64
 29  65
 29  71
 29  74
 29  76
 29  78
 29  86
 29  92
 29  94
 29  95
 30  50
 30  68
 30  69
 30  72
 30  73
 30  80
 30  86
 30  90
 30  92
 30  94
 31  40
 31  45
 31  58
 31  59
 31  60
 31  61
 31  69
 31  83
 32  37
 32  39
 32  40
 32  44
 32  47
 32  53
 32  58
 32  59
 32  67
 32  70
 32  77
 32  82
 32  83
 32  91
 32  95
 33  38
 33  40
 33  43
 33  59
 33  65
 33  73
 33  79
 33  84
 33  85
 33  94
 34  41
 34  46
 34  61
 34  66
 34  71
 34  78
 34  91
 34  96
 34  98
 34  99
 35  38
 35  42
 35  49
 35  55
 35  57
 35  58
 35  67
 35  68
 35  69
 35  82
 35  90
 35  96
 35  99
 36  39
 36  44
 36  46
 36  54
 36  55
 36  59
 36  60
 36  67
 36  70
 36  82
 36  85
 37  38
 37  46
 37  48
 37  57
 37  66
 37  69
 37  75
 37  85
 37  86
 37  91
 37  92
 37  98
 38  48
 38  50
 38  59
 38  62
 38  67
 38  72
 38  74
 38  76
 38  79
 38  82
 38  86
 38  95
 39  41
 39  43
 39  54
 39  60
 39  61
 39  62
 39  66
 39  67
 39  75
 39  76
 39  80
 39  93
 39  95
 39  98
 40  47
 40  49
 40  52
 40  53
 40  54
 40  59
 40  60
 40  61
 40  69
 40  97
 41  42
 41  46
 41  60
 41  65
 41  85
 41  86
 41  96
 42  55
 42  57
 42  64
 42  66
 42  70
 42  80
 42  85
 42  86
 42  92
 42  98
 42  99
 43  52
 43  55
 43  58
 43  59
 43  64
 43  69
 43  71
 43  74
 43  75
 43  76
 43  77
 43  85
 43  95
 43  97
 44  45
 44  46
 44  50
 44  53
 44  58
 44  61
 44  64
 44  66
 44  70
 44  83
 44  91
 45  46
 45  48
 45  52
 45  53
 45  56
 45  57
 45  61
 45  73
 45  78
 45  82
 45  84
 45  87
 45  88
 45  98
 46  58
 46  61
 46  65
 46  67
 46  74
 46  87
 46  89
 46  92
 47  52
 47  59
 47  61
 47  77
 47  85
 47  89
 47  91
 47  92
 47  93
 47  99
 48  54
 48  57
 48  59
 48  65
 48  73
 48  81
 48  92
 48  94
 48  95
 49  53
 49  55
 49  56
 49  57
 49  67
 49  71
 49  75
 49  83
 49  85
 49  88
 49  89
 49  94
 50  58
 50  59
 50  60
 50  64
 50  66
 50  67
 50  70
 50  72
 50  73
 50  76
 50  77
 50  79
 50  83
 50  84
 50  85
 50  92
 50  94
 50  95
 50  97
 51  64
 51  67
 51  69
 51  71
 51  73
 51  76
 51  80
 51  81
 51  85
 51  87
 51  88
 51  89
 52  56
 52  58
 52  63
 52  64
 52  66
 52  67
 52  75
 52  77
 52  79
 52  91
 52  93
 52  96
 53  59
 53  62
 53  64
 53  65
 53  70
 53  79
 53  80
 53  86
 53  94
 54  59
 54  65
 54  78
 54  82
 54  87
 54  90
 54  96
 55  57
 55  59
 55  65
 55  66
 55  69
 55  71
 55  73
 55  74
 55  76
 55  82
 55  94
 55  97
 56  57
 56  59
 56  60
 56  66
 56  71
 56  72
 56  81
 56  86
 56  88
 56  96
 56  98
 57  84
 57  87
 57  92
 57  96
 57  98
 58  68
 58  73
 58  78
 58  84
 58  91
 59  62
 59  65
 59  69
 59  84
 59  86
 59  92
 59  98
 60  62
 60  66
 60  67
 60  73
 60  74
 60  75
 60  77
 60  78
 60  89
 60  91
 60  96
 60  98
 61  64
 61  76
 61  78
 61  80
 61  86
 61  87
 61  89
 62  64
 62  67
 62  70
 62  75
 62  80
 62  83
 62  85
 62  87
 62  89
 62  90
 62  92
 62  95
 62  98
 63  69
 63  72
 63  75
 63  76
 63  84
 63  87
 63  90
 63  95
 64  67
 64  68
 64  71
 64  78
 64  82
 64  88
 64  91
 64  95
 64  97
 65  68
 65  73
 65  80
 65  86
 65  90
 66  69
 66  76
 66  77
 66  84
 66  85
 66  86
 66  88
 66  91
 66  96
 67  69
 67  70
 67  71
 67  77
 67  78
 67  80
 67  83
 67  87
 67  90
 67  96
 68  97
 69  70
 69  79
 69  94
 69  95
 69  96
 69  99
 70  78
 70  81
 70  84
 70  85
 70  90
 70  95
 70  98
 71  73
 71  81
 71  84
 71  85
 71  91
 71  93
 71  97
 71  99
 72  77
 72  91
 72  94
 73  77
 73  78
 73  83
 73  85
 73  98
 74  75
 74  76
 74  88
 74  91
 74  92
 76  88
 76  94
 76  96
 77  92
 77  93
 78  81
 78  84
 78  85
 78  86
 78  88
 78  89
 78  93
 78  98
 79  86
 79  87
 79  96
 79  99
 80  84
 80  87
 80  89
 80  90
 80  93
 80  95
 80  98
 81  84
 81  87
 81  88
 81  90
 82  85
 82  89
 82  95
 83  87
 83  90
 83  98
 84  86
 84  93
 84  97
 84  98
 85  90
 85  95
 85  97
 86  92
 86  97
 87  92
 87  93
 87  96
 88  89
 88  98
 89  93
 89  95
 89  99
 90  91
 90  93
 90  94
 90  97
 91  92
 91  96
 93  98
 94  97
 94  98
 95  99
 97  98
