# n=100 p=0.200 seed=3685
  0   1
  0   2
  0   4
  0  12
  0  24
  0  25
  0  30
  0  35
  0  36
  0  43
  0  44
  0  48
  0  49
  0  50
  0  51
  0  53
  0  56
  0  60
  0  66
  0  68
  0  71
  0  74
  0  82
  0  88
  0  91
  0  94
  0  97
  1   2
  1   7
  1  12
  1  16
  1  28
  1  43
  1  53
  1  54
  1  61
  1  63
  1  64
  1  68
  1  78
  1  80
  1  81
  1  82
  1  87
  1  90
  1  94
  1  95
  1  97
  1  98
  2   9
  2  10
  2  11
  2  13
  2  14
  2  16
  2  17
  2  27
  2  35
  2  37
  2  40
  2  41
  2  54
  2  64
  2  66
  2  72
  2  74
  2  76
  2  79
  2  80
  2  93
  2  99
  3   8
  3  10
  3  21
  3  24
  3  25
  3  29
  3  47
  3  55
  3  57
  3  60
  3  61
  3  66
  3  67
  3  69
  3  73
  3  76
  3  87
  3  91
  3  92
  3  97
  3  99
  4   5
  4   8
  4  16
  4  17
  4  20
  4  22
  4  23
  4  28
  4  32
  4  35
  4  38
  4  44
  4  55
  4  64
  4  68
  4  73
  4  77
  4  82
  4  89
  4  91
  4  96
  4  99
  5   9
  5  10
  5  11
  5  14
  5  17
  5  37
  5  40
  5  55
  5  65
  5  67
  5  68
  5  75
  5  76
  5  81
  5  82
  5  85
  5  86
  5  96
  5  97
  5  99
  6  10
  6  13
  6  20
  6  23
  6  24
  6  26
  6  37
  6  41
  6  42
  6  45
  6  46
  6  47
  6  48
  6  49
  6  50
  6  51
  6  52
  6  60
  6  64
  6  70
  6  75
  6  77
  6  85
  6  90
  6  94
  6  95
  7  12
  7  20
  7  22
  7  27
  7  38
  7  39
  7  45
  7  61
  7  62
  7  66
  7  69
  7  73
  7  75
  7  78
  7  79
  7  82
  7  83
  7  84
  7  88
  7  92
  7  94
  8  26
  8  29
  8  40
  8  50
  8  51
  8  52
  8  56
  8  60
  8  62
  8  69
  8  70
  8  75
  8  83
  8  90
  8  93
  8  95
  9  11
  9  12
  9  18
  9  21
  9  24
  9  29
  9  33
  9  38
  9  39
  9  42
  9  44
  9  53
  9  56
  9  65
  9  66
  9  67
  9  72
  9  81
  9  92
  9  93
  9  95
  9  96
  9  97
 10  16
 10  29
 10  31
 10  43
 10  44
 10  48
 10  52
 10  64
 10  66
 10  72
 10  85
 10  86
 10  91
 11  14
 11  16
 11  24
 11  25
 11  28
 11  35
 11  37
 11  38
 11  44
 11  47
 11  49
 11  58
 11  61
 11  63
 11  65
 11  66
 11  69
 11  77
 11  80
 11  84
 11  89
 11  91
 11  92
 12  16
 12  22
 12  29
 12  37
 12  48
 12  59
 12  61
 12  67
 12  68
 12  71
 12  72
 12  86
 12  89
 12  91
 13  14
 13  17
 13  20
 13  24
 13  26
 13  30
 13  34
 13  38
 13  39
 13  40
 13  43
 13  58
 13  61
 13  63
 13  71
 13  72
 13  74
 13  79
 13  85
 13  86
 13  89
 14  26
 14  31
 14  38
 14  41
 14  47
 14  53
 14  61
 14  66
 14  68
 14  88
 14  98
 14  99
 15  16
 15  18
 15  20
 15  26
 15  38
 15  48
 15  50
 15  51
 15  53
 15  55
 15  61
 15  78
 15  80
 15  82
 15  89
 15  92
 15  94
 15  95
 16  19
 16  20
 16  28
 16  32
 16  38
 16  39
 16  42
 16  43
 16  47
 16  49
 16  57
 16  58
 16  62
 16  63
 16  64
 16  88
 16  89
 16  91
 16  95
 16  99
 17  19
 17  21
 17  29
 17  43
 17  53
 17  54
 17  55
 17  60
 17  70
 17  77
 17  90
 17  94
 17  96
 17  97
 17  98
 18  20
 18  24
 18  27
 18  29
 18  35
 18  37
 18  40
 18  42
 18  48
 18  49
 18  56
 18  57
 18  58
 18  60
 18  71
 18  72
 18  77
 18  81
 18  83
 18  86
 18  89
 18  93
 18  97
 19  21
 19  29
 19  30
 19  31
 19  38
 19  39
 19  43
 19  44
 19  47
 19  48
 19  57
 19  59
 19  61
 19  62
 19  66
 19  69
 19  71
 19  72
 19  74
 19  75
 19  76
 19  78
 19  79
 19  81
 19  82
 19  96
 20  21
 20  24
 20  26
 20  28
 20  31
 20  37
 20  38
 20  45
 20  51
 20  53
 20  54
 20  55
 20  57
 20  60
 20  62
 20  67
 20  69
 20  75
 20  83
 20  90
 20  97
 21  25
 21  26
 21  32
 21  39
 21  45
 21  46
 21  48
 21  51
 21  53
 21  56
 21  57
 21  68
 21  69
 21  83
 21  92
 21  93
 21  94
 21  95
 22  33
 22  54
 22  56
 22  58
 22  67
 22  74
 22  92
 22  94
 23  28
 23  29
 23  36
 23  47
 23  51
 23  61
 23  62
 23  65
 23  66
 23  69
 23  70
 23  72
 23  76
 23  78
 23  88
 23  89
 23  90
 24  38
 24  50
 24  51
 24  52
 24  55
 24  60
 24  61
 24  67
 24  73
 24  74
 24  78
 24  84
 24  89
 24  90
 24  92
 25  33
 25  37
 25  38
 25  41
 25  50
 25  52
 25  56
 25  66
 25  69
 25  77
 25  85
 25  94
 25  97
 25  98
 25  99
 26  32
 26  35
 26  39
 26  40
 26  44
 26  48
 26  53
 26  56
 26  57
 26  68
 26  70
 26  71
 26  77
 26  78
 26  98
 27  29
 27  32
 27  51
 27  56
 27  66
 27  72
 27  76
 27  80
 27  81
 27  90
 27  98
 28  43
 28  65
 28  71
 28  73
 28  78
 28  84
 28  88
 29  35
 29  42
 29  45
 29  48
 29  50
 29  57
 29  61
 29  65
 29  71
 29  72
 29  80
 29  91
 29  97
 30  35
 30  47
 30  48
 30  52
 30  57
 30  63
 30  78
 30  80
 30  83
 30  85
 30  90
 30  92
 30  93
 30  97
 31  32
 31  33
 31  36
 31  45
 31  46
 31  48
 31  50
 31  52
 31  54
 31  59
 31  60
 31  61
 31  63
 31  64
 31  67
 31  72
 31  73
 31  75
 31  76
 31  84
 31  86
 31  96
 31  97
 32  34
 32  37
 32  38
 32  39
 32  46
 32  59
 32  61
 32  68
 32  75
 32  79
 32  87
 32  96
 33  42
 33  48
 33  61
 33  66
 33  80
 33  88
 33  93
 33  94
 33  96
 33  97
 34  38
 34  39
 34  41
 34  42
 34  43
 34  45
 34  46
 34  55
 34  56
 34  59
 34  60
 34  61
 34  63
 34  66
 34  69
 34  84
 34  89
 34  96
 35  36
 35  41
 35  44
 35  45
 35  46
 35  51
 35  55
 35  56
 35  66
 35  73
 35  78
 35  79
 35  88
 35  95
 35  96
 36  38
 36  39
 36  43
 36  50
 36  52
 36  57
 36  59
 36  77
 36  98
 37  38
 37  48
 37  51
 37  57
 37  60
 37  66
 37  69
 37  75
 37  80
 37  89
 38  39
 38  45
 38  50
 38  57
 38  58
 38  59
 38  69
 38  82
 38  83
 38  95
 39  51
 39  57
 39  64
 39  68
 39  77
 39  87
 39  94
 39  95
 39  99
 40  41
 40  45
 40  48
 40  49
 40  53
 40  58
 40  60
 40  62
 40  82
 40  86
 40  92
 40  94
 41  43
 41  44
 41  45
 41  53
 41  55
 41  60
 41  61
 41  66
 41  74
 41  87
 41  95
 42  46
 42  55
 42  63
 42  67
 42  68
 42  76
 42  77
 42  80
 42  85
 42  91
 42  93
 42  94
 42  97
 43  56
 43  59
 43  61
 43  71
 43  73
 43  76
 43  77
 43  78
 43  94
 44  48
 44  60
 44  84
 44  85
 44  91
 44  97
 44  98
 45  48
 45  56
 45  70
 45  72
 45  73
 45  75
 45  82
 45  83
 45  89
 45  91
 46  47
 46  50
 46  54
 46  59
 46  65
 46  70
 46  71
 46  75
 46  87
 46  91
 47  48
 47  53
 47  57
 47  64
 47  65
 47  74
 47  83
 47  91
 47  98
 48  53
 48  55
 48  56
 48  58
 48  60
 48  64
 48  66
 48  71
 48  72
 48  82
 48  86
 48  89
 48  98
 49  50
 49  55
 49  56
 49  59
 49  60
 49  66
 49  77
 49  78
 49  83
 49  86
 49  92
 49  94
 49  96
 50  60
 50  64
 50  71
 50  74
 50  75
 50  79
 50  84
 50  93
 51  52
 51  53
 51  65
 51  69
 51  75
 51  77
 51  79
 51  86
 51  94
 51  95
 52  55
 52  60
 52  62
 52  64
 52  69
 52  75
 52  79
 52  80
 52  82
 53  55
 53  63
 53  68
 53  69
 53  77
 53  83
 53  85
 53  87
 53  96
 54  66
 54  68
 54  69
 54  74
 54  85
 54  91
 54  93
 54  96
 55  59
 55  64
 55  68
 55  70
 55  75
 55  78
 55  97
 56  61
 56  66
 56  67
 56  71
 56  82
 56  86
 56  99
 57  59
 57  60
 57  64
 57  68
 57  76
 57  81
 57  85
 57  86
 57  88
 57  94
 57  96
 57  99
 58  63
 58  67
 58  82
 58  86
 58  88
 58  90
 58  96
 58  97
 59  62
 59  63
 59  67
 59  69
 59  72
 59  86
 59  87
 59  91
 59  94
 60  69
 60  72
 60  80
 60  82
 60  84
 60  98
 61  64
 61  66
 61  71
 61  76
 61  81
 61  85
 61  90
 61  92
 61  96
 61  98
 62  68
 62  72
 62  81
 62  84
 62  88
 62  97
 62  98
 63  65
 63  70
 63  74
 63  86
 63  87
 63  97
 63  98
 63  99
 64  66
 64  72
 64  76
 64  80
 64  84
 64  85
 64  97
 64  98
 64  99
 65  76
 65  77
 65  83
 65  84
 65  89
 65  91
 65  95
 66  69
 66  70
 66  72
 66  77
 66  83
 66  84
 66  88
 66  91
 67  81
 67  85
 67  95
 67  98
 68  72
 68  79
 68  92
 69  72
 69  78
 69  80
 69  87
 69  88
 69  90
 69  91
 69  93
 69  95
 70  73
 70  75
 70  84
 70  88
 70  90
 70  93
 71  74
 71  78
 71  88
 71  91
 71  92
 71  94
 72  75
 72  78
 72  80
 72  84
 72  88
 72  90
 73  79
 73  84
 73  89
 74  83
 74  85
 74  96
 75  81
 75  84
 75  86
 75  92
 76  80
 76  84
 76  87
 76  89
 76  92
 77  97
 77  99
 78  91
 78  99
 79  80
 79  84
 79  87
 79  90
 79  97
 80  85
 80  88
 80  89
 80  92
 80  94
 81  85
 81  86
 81  96
 82  83
 82  91
 82  97
 83  84
 83  88
 84  94
 84  97
 85  86
 85  91
 85  92
 85  97
 85  99
 86  91
 87  89
 87  92
 87  94
 87  99
 89  90
 89  95
 90  91
 90  93
 90  97
 91  92
 91  96
 92  96
 92  98
 95  97
 98  99
