# n=100 p=0.200 seed=3669
  0   7
  0  10
  0  12
  0  18
  0  19
  0  21
  0  33
  0  45
  0  58
  0  59
  0  68
  0  72
  0  87
  0  89
  0  93
  0  99
  1  17
  1  31
  1  34
  1  44
  1  45
  1  48
  1  49
  1  58
  1  59
  1  68
  1  72
  1  75
  1  76
  1  81
  1  83
  1  89
  2  22
  2  29
  2  33
  2  35
  2  36
  2  40
  2  41
  2  42
  2  46
  2  50
  2  55
  2  65
  2  66
  2  74
  2  77
  2  90
  2  95
  2  98
  2  99
  3  13
  3  15
  3  16
  3  29
  3  38
  3  45
  3  58
  3  63
  3  72
  3  78
  3  81
  3  86
  3  88
  3  89
  3  92
  3  93
  3  95
  3  99
  4   5
  4   6
  4  14
  4  15
  4  17
  4  25
  4  28
  4  30
  4  34
  4  37
  4  50
  4  52
  4  59
  4  70
  4  73
  4  74
  4  78
  4  81
  4  84
  4  90
  4  91
  4  95
  4  96
  5   6
  5  26
  5  35
  5  46
  5  48
  5  50
  5  56
  5  63
  5  68
  5  70
  5  73
  5  74
  5  75
  5  77
  5  91
  5  92
  5  93
  5  94
  5  98
  6   9
  6  12
  6  15
  6  16
  6  22
  6  28
  6  30
  6  31
  6  38
  6  39
  6  50
  6  62
  6  63
  6  66
  6  67
  6  69
  6  70
  6  71
  6  77
  6  84
  6  85
  6  87
  6  90
  6  92
  6  93
  7  18
  7  24
  7  28
  7  40
  7  46
  7  53
  7  57
  7  62
  7  64
  7  67
  7  81
  7  84
  7  85
  7  88
  7  94
  7  99
  8  13
  8  14
  8  17
  8  41
  8  44
  8  49
  8  51
  8  58
  8  63
  8  65
  8  67
  8  73
  8  78
  8  81
  8  88
  8  90
  9  14
  9  15
  9  23
  9  35
  9  36
  9  37
  9  43
  9  49
  9  52
  9  54
  9  64
  9  66
  9  67
  9  77
  9  79
  9  81
  9  82
  9  85
  9  93
  9  95
  9  98
 10  15
 10  17
 10  23
 10  27
 10  31
 10  34
 10  37
 10  38
 10  42
 10  45
 10  51
 10  53
 10  54
 10  63
 10  66
 10  69
 10  72
 10  80
 10  92
 10  99
 11  31
 11  35
 11  36
 11  40
 11  53
 11  57
 11  58
 11  60
 11  70
 11  81
 11  82
 11  83
 11  84
 12  14
 12  15
 12  16
 12  20
 12  38
 12  51
 12  53
 12  57
 12  58
 12  68
 12  70
 12  72
 12  77
 12  83
 12  85
 12  92
 12  96
 12  97
 12  99
 13  18
 13  24
 13  26
 13  28
 13  46
 13  48
 13  49
 13  62
 13  63
 13  64
 13  69
 13  75
 13  85
 13  89
 13  90
 13  91
 13  93
 13  94
 14  18
 14  21
 14  23
 14  32
 14  41
 14  42
 14  43
 14  47
 14  49
 14  52
 14  54
 14  61
 14  62
 14  70
 14  78
 14  82
 14  85
 14  88
 14  90
 14  93
 15  18
 15  25
 15  32
 15  33
 15  41
 15  44
 15  53
 15  56
 15  66
 15  68
 15  69
 15  73
 15  76
 15  81
 15  84
 16  18
 16  19
 16  26
 16  29
 16  46
 16  63
 16  70
 16  74
 16  85
 16  87
 16  88
 16  94
 16  96
 17  22
 17  35
 17  45
 17  47
 17  53
 17  54
 17  62
 17  69
 17  91
 17  99
 18  24
 18  28
 18  29
 18  32
 18  37
 18  39
 18  45
 18  52
 18  55
 18  56
 18  59
 18  68
 18  81
 18  83
 18  86
 18  88
 18  89
 18  95
 18  97
 19  32
 19  36
 19  39
 19  44
 19  49
 19  51
 19  56
 19  65
 19  66
 19  71
 19  75
 19  84
 19  88
 19  92
 19  99
 20  21
 20  22
 20  23
 20  24
 20  27
 20  30
 20  31
 20  35
 20  36
 20  41
 20  43
 20  50
 20  58
 20  61
 20  63
 20  64
 20  66
 20  72
 20  79
 20  81
 20  87
 20  94
 20  97
 20  98
 21  22
 21  25
 21  49
 21  50
 21  53
 21  55
 21  57
 21  58
 21  63
 21  76
 21  77
 21  80
 21  82
 21  86
 21  91
 21  92
 21  94
 21  97
 22  25
 22  27
 22  32
 22  36
 22  38
 22  43
 22  53
 22  55
 22  56
 22  68
 22  70
 22  71
 22  82
 22  85
 22  86
 22  87
 22  94
 22  99
 23  24
 23  26
 23  30
 23  31
 23  48
 23  51
 23  54
 23  67
 23  68
 23  76
 23  79
 23  84
 23  86
 23  91
 23  96
 23  99
 24  38
 24  43
 24  47
 24  49
 24  52
 24  58
 24  59
 24  62
 24  64
 24  66
 24  73
 24  82
 24  84
 24  94
 25  27
 25  29
 25  33
 25  42
 25  55
 25  63
 25  65
 25  67
 25  69
 25  71
 25  77
 25  84
 25  99
 26  34
 26  37
 26  55
 26  56
 26  59
 26  70
 26  77
 26  83
 26  85
 26  86
 26  89
 27  28
 27  43
 27  52
 27  60
 27  65
 27  69
 27  73
 27  80
 27  81
 27  83
 27  93
 27  96
 28  30
 28  31
 28  33
 28  36
 28  38
 28  39
 28  41
 28  44
 28  46
 28  62
 28  63
 28  65
 28  74
 28  75
 28  77
 29  32
 29  35
 29  37
 29  39
 29  41
 29  42
 29  43
 29  48
 29  53
 29  56
 29  65
 29  68
 29  77
 29  80
 29  89
 29  94
 29  98
 30  34
 30  43
 30  47
 30  49
 30  55
 30  57
 30  60
 30  72
 30  82
 30  90
 31  37
 31  53
 31  54
 31  58
 31  59
 31  64
 31  65
 31  67
 31  68
 31  92
 31  94
 32  38
 32  45
 32  49
 32  55
 32  57
 32  58
 32  62
 32  64
 32  66
 32  75
 32  85
 32  91
 32  96
 33  36
 33  44
 33  50
 33  52
 33  57
 33  70
 33  71
 33  85
 33  87
 33  88
 33  90
 34  57
 34  62
 34  69
 34  70
 34  71
 34  72
 34  74
 34  78
 34  89
 34  90
 34  93
 34  96
 35  42
 35  48
 35  49
 35  50
 35  53
 35  57
 35  59
 35  60
 35  61
 35  62
 35  63
 35  70
 35  74
 35  93
 35  99
 36  37
 36  38
 36  44
 36  45
 36  62
 36  67
 36  73
 36  74
 36  75
 36  77
 36  86
 36  90
 36  91
 36  92
 36  96
 36  98
 37  56
 37  64
 37  67
 37  72
 37  79
 37  85
 37  87
 37  89
 37  93
 37  99
 38  41
 38  46
 38  47
 38  51
 38  54
 38  57
 38  59
 38  64
 38  65
 38  77
 38  94
 38  96
 39  42
 39  44
 39  45
 39  48
 39  54
 39  58
 39  74
 39  77
 39  81
 39  84
 39  97
 39  99
 40  42
 40  49
 40  58
 40  65
 40  69
 40  78
 41  47
 41  48
 41  52
 41  60
 41  73
 41  83
 41  95
 42  43
 42  44
 42  45
 42  47
 42  55
 42  56
 42  63
 42  75
 42  77
 42  78
 42  79
 42  81
 42  82
 42  85
 42  88
 42  90
 42  96
 43  44
 43  46
 43  47
 43  48
 43  50
 43  59
 43  60
 43  61
 43  76
 43  80
 43  96
 44  45
 44  54
 44  55
 44  59
 44  78
 44  80
 44  92
 44  99
 45  46
 45  57
 45  71
 45  73
 45  77
 45  82
 45  84
 45  85
 45  88
 45  89
 45  98
 46  47
 46  54
 46  56
 46  64
 46  67
 46  68
 46  70
 46  74
 46  75
 46  78
 46  80
 46  89
 46  91
 46  98
 47  49
 47  58
 47  64
 47  69
 47  74
 47  75
 47  76
 47  77
 47  81
 47  82
 47  83
 47  91
 47  92
 47  96
 47  97
 48  53
 48  54
 48  56
 48  66
 48  75
 48  86
 48  96
 48  97
 49  54
 49  56
 49  63
 49  64
 49  70
 49  91
 49  94
 50  51
 50  65
 50  66
 50  69
 50  84
 50  86
 50  89
 50  91
 50  92
 51  58
 51  65
 51  69
 51  72
 51  75
 51  77
 51  82
 51  86
 51  91
 51  92
 52  62
 52  65
 52  70
 52  83
 52  89
 52  90
 52  91
 52  93
 52  96
 52  99
 53  54
 53  63
 53  72
 53  75
 53  76
 53  83
 53  99
 54  55
 54  78
 54  79
 54  88
 54  89
 54  91
 54  99
 55  63
 55  67
 55  85
 55  90
 56  60
 56  62
 56  66
 56  68
 56  75
 56  82
 56  87
 56  89
 56  94
 56  95
 56  99
 57  58
 57  71
 57  73
 57  81
 57  83
 57  84
 57  92
 57  97
 58  68
 58  71
 58  83
 58  89
 58  90
 58  93
 59  63
 59  65
 59  69
 59  71
 59  74
 59  76
 59  78
 60  63
 60  69
 60  73
 60  80
 60  85
 61  63
 61  64
 61  66
 61  68
 61  81
 61  85
 61  93
 61  97
 61  99
 62  79
 62  83
 62  94
 63  65
 63  70
 63  75
 63  77
 63  83
 63  87
 63  88
 64  74
 64  76
 64  80
 64  82
 64  84
 64  94
 64  98
 65  69
 65  70
 65  75
 65  78
 65  81
 65  83
 66  70
 66  75
 66  82
 66  86
 66  98
 66  99
 67  68
 67  78
 67  81
 67  82
 67  85
 67  87
 67  88
 68  69
 68  75
 68  76
 68  80
 68  85
 68  92
 68  96
 69  73
 69  76
 69  87
 69  97
 69  98
 70  81
 70  89
 71  74
 71  77
 71  78
 71  84
 71  90
 71  92
 71  99
 72  79
 72  82
 72  84
 72  89
 72  95
 73  75
 73  85
 73  95
 74  78
 74  81
 74  87
 74  88
 74  99
 75  78
 75  80
 75  82
 75  85
 75  91
 75  94
 75  99
 76  79
 76  87
 76  90
 76  93
 77  81
 77  82
 77  93
 77  96
 77  99
 78  82
 78  86
 78  87
 78  98
 79  80
 79  82
 79  87
 79  96
 80  88
 80  89
 80  94
 81  82
 81  83
 81  84
 81  93
 81  98
 81  99
 82  85
 82  87
 82  90
 82  95
 82  99
 83  93
 83  95
 83  96
 84  86
 84  91
 84  93
 85  91
 87  94
 87  95
 88  95
 89  93
 91  98
 92  96
 94  97
 96  97
