# n=100 p=0.200 seed=3724
  0   1
  0   3
  0   4
  0   8
  0   9
  0  16
  0  24
  0  25
  0  28
  0  32
  0  35
  0  45
  0  49
  0  50
  0  54
  0  56
  0  58
  0  59
  0  80
  0  95
  0  96
  0  98
  1   7
  1  10
  1  12
  1  13
  1  17
  1  21
  1  22
  1  35
  1  38
  1  43
  1  45
  1  47
  1  60
  1  62
  1  67
  1  71
  1  74
  1  75
  1  80
  1  90
  1  94
  1  95
  1  96
  2   3
  2   4
  2   9
  2  18
  2  20
  2  21
  2  22
  2  24
  2  32
  2  38
  2  42
  2  43
  2  47
  2  57
  2  59
  2  63
  2  67
  2  72
  2  76
  2  77
  2  79
  2  82
  2  84
  2  92
  2  93
  2  99
  3  25
  3  26
  3  28
  3  31
  3  35
  3  36
  3  37
  3  44
  3  46
  3  53
  3  56
  3  61
  3  63
  3  66
  3  70
  3  74
  3  77
  3  80
  3  88
  3  90
  3  95
  4   8
  4  18
  4  27
  4  28
  4  29
  4  31
  4  36
  4  39
  4  43
  4  47
  4  52
  4  60
  4  81
  4  82
  4  86
  4  94
  4  97
  4  98
  5   6
  5   8
  5  12
  5  14
  5  22
  5  28
  5  29
  5  40
  5  43
  5  44
  5  50
  5  57
  5  60
  5  64
  5  70
  5  72
  5  82
  5  84
  5  93
  5  95
  5  97
  5  99
  6  14
  6  24
  6  28
  6  34
  6  36
  6  38
  6  42
  6  44
  6  45
  6  46
  6  52
  6  62
  6  75
  6  82
  6  90
  7  15
  7  17
  7  31
  7  36
  7  38
  7  41
  7  45
  7  46
  7  47
  7  48
  7  52
  7  53
  7  54
  7  58
  7  62
  7  71
  7  72
  7  74
  7  77
  7  92
  7  97
  8   9
  8  10
  8  12
  8  14
  8  17
  8  26
  8  30
  8  31
  8  39
  8  42
  8  45
  8  47
  8  51
  8  61
  8  66
  8  67
  8  72
  8  84
  8  91
  8  96
  9  10
  9  12
  9  18
  9  28
  9  31
  9  38
  9  39
  9  54
  9  66
  9  73
  9  74
  9  84
  9  89
  9  90
 10  12
 10  18
 10  23
 10  31
 10  40
 10  41
 10  42
 10  51
 10  60
 10  61
 10  65
 10  75
 10  76
 10  85
 10  87
 10  98
 11  15
 11  16
 11  17
 11  18
 11  21
 11  31
 11  35
 11  36
 11  38
 11  41
 11  45
 11  50
 11  53
 11  54
 11  60
 11  65
 11  69
 11  72
 11  76
 11  82
 11  86
 11  91
 11  93
 11  95
 12  16
 12  19
 12  20
 12  34
 12  36
 12  39
 12  43
 12  46
 12  52
 12  63
 12  66
 12  68
 12  69
 12  76
 12  82
 12  85
 12  92
 12  94
 12  97
 13  14
 13  18
 13  21
 13  29
 13  32
 13  36
 13  39
 13  41
 13  51
 13  57
 13  58
 13  60
 13  64
 13  74
 13  76
 13  87
 13  90
 13  91
 14  19
 14  20
 14  26
 14  34
 14  37
 14  57
 14  59
 14  76
 14  78
 14  82
 14  98
 14  99
 15  17
 15  21
 15  27
 15  31
 15  33
 15  37
 15  39
 15  45
 15  47
 15  48
 15  56
 15  61
 15  70
 15  79
 15  84
 15  86
 15  96
 16  23
 16  33
 16  36
 16  37
 16  39
 16  46
 16  59
 16  60
 16  67
 16  69
 16  70
 16  76
 16  89
 16  97
 17  19
 17  27
 17  28
 17  29
 17  32
 17  43
 17  45
 17  53
 17  55
 17  81
 17  83
 17  84
 17  88
 17  90
 18  19
 18  25
 18  30
 18  39
 18  46
 18  51
 18  55
 18  62
 18  65
 18  71
 18  72
 18  73
 18  78
 18  80
 18  82
 18  84
 18  89
 18  90
 19  24
 19  28
 19  32
 19  35
 19  39
 19  41
 19  46
 19  48
 19  54
 19  76
 19  77
 19  78
 19  79
 19  87
 19  93
 19  95
 20  22
 20  45
 20  50
 20  51
 20  52
 20  54
 20  63
 20  65
 20  75
 20  80
 20  83
 20  93
 21  24
 21  26
 21  30
 21  38
 21  43
 21  46
 21  52
 21  53
 21  55
 21  61
 21  86
 21  89
 21  93
 21  99
 22  31
 22  40
 22  43
 22  44
 22  47
 22  48
 22  55
 22  66
 22  67
 22  81
 22  82
 22  90
 23  32
 23  34
 23  37
 23  45
 23  50
 23  52
 23  68
 23  70
 23  73
 23  76
 23  79
 23  80
 23  87
 23  89
 24  37
 24  38
 24  39
 24  50
 24  51
 24  56
 24  58
 24  60
 24  66
 24  67
 24  70
 24  71
 24  72
 24  78
 24  81
 24  93
 24  94
 24  96
 24  99
 25  35
 25  49
 25  57
 25  61
 25  67
 25  69
 25  70
 25  77
 25  80
 25  97
 26  29
 26  31
 26  39
 26  52
 26  55
 26  56
 26  57
 26  60
 26  65
 26  67
 26  68
 26  69
 26  70
 26  71
 26  73
 26  79
 26  81
 26  89
 26  95
 27  35
 27  36
 27  45
 27  51
 27  52
 27  56
 27  64
 27  65
 27  70
 27  71
 27  85
 27  86
 27  92
 27  97
 27  99
 28  31
 28  35
 28  48
 28  50
 28  52
 28  57
 28  65
 28  68
 28  70
 28  74
 28  75
 28  87
 28  89
 28  93
 29  33
 29  34
 29  36
 29  43
 29  49
 29  54
 29  58
 29  62
 29  68
 29  69
 29  75
 29  83
 29  89
 29  90
 29  91
 29  93
 29  98
 30  31
 30  36
 30  42
 30  45
 30  48
 30  51
 30  75
 30  81
 30  88
 30  90
 30  95
 30  99
 31  42
 31  45
 31  51
 31  64
 31  80
 31  91
 31  92
 32  39
 32  42
 32  44
 32  50
 32  52
 32  55
 32  63
 32  72
 32  81
 32  85
 32  88
 32  89
 33  40
 33  43
 33  44
 33  46
 33  50
 33  53
 33  55
 33  61
 33  75
 33  78
 33  79
 33  80
 33  81
 33  88
 33  93
 34  35
 34  37
 34  38
 34  45
 34  52
 34  57
 34  58
 34  60
 34  61
 34  65
 34  68
 34  70
 34  72
 34  73
 34  76
 34  83
 34  84
 34  87
 34  91
 35  43
 35  49
 35  56
 35  62
 35  63
 35  64
 35  78
 35  92
 35  93
 35  95
 35  97
 36  39
 36  41
 36  52
 36  57
 36  60
 36  64
 36  68
 36  85
 36  87
 36  88
 36  91
 36  99
 37  41
 37  42
 37  46
 37  50
 37  55
 37  56
 37  59
 37  67
 37  92
 38  40
 38  45
 38  46
 38  52
 38  55
 38  66
 38  73
 38  76
 38  83
 38  84
 38  86
 38  88
 38  93
 38  95
 39  48
 39  55
 39  57
 39  64
 39  68
 39  87
 39  89
 39  91
 39  95
 39  98
 40  44
 40  51
 40  53
 40  57
 40  65
 40  72
 40  76
 40  83
 40  84
 40  89
 40  91
 40  98
 41  48
 41  50
 41  53
 41  56
 41  62
 41  69
 41  73
 41  74
 41  79
 41  80
 41  88
 41  91
 41  95
 41  98
 42  45
 42  55
 42  62
 42  65
 42  66
 42  69
 42  71
 42  72
 42  94
 42  97
 43  48
 43  49
 43  50
 43  60
 43  62
 43  68
 43  74
 43  85
 43  93
 43  97
 44  51
 44  60
 44  70
 44  92
 45  48
 45  54
 45  57
 45  60
 45  61
 45  70
 45  71
 45  74
 45  75
 45  86
 45  89
 45  92
 45  97
 45  98
 46  47
 46  51
 46  52
 46  60
 46  66
 46  75
 46  78
 46  86
 46  87
 46  88
 46  95
 47  49
 47  53
 47  55
 47  64
 47  76
 47  80
 47  82
 47  98
 48  63
 48  75
 48  79
 48  94
 49  51
 49  53
 49  55
 49  71
 49  73
 49  77
 49  81
 49  89
 49  94
 49  97
 50  52
 50  55
 50  56
 50  58
 50  63
 50  65
 50  69
 50  70
 50  74
 50  81
 50  87
 50  99
 51  53
 51  68
 51  69
 51  77
 51  94
 51  96
 52  54
 52  57
 52  62
 52  63
 52  66
 52  67
 52  73
 52  77
 52  79
 52  89
 52  91
 53  67
 53  69
 53  75
 53  79
 53  83
 53  84
 53  90
 53  91
 54  57
 54  64
 54  73
 54  76
 54  80
 54  84
 54  97
 55  56
 55  71
 55  90
 55  93
 56  61
 56  65
 56  66
 56  67
 56  75
 56  80
 56  82
 56  84
 57  60
 57  67
 57  75
 57  80
 57  81
 57  89
 57  92
 57  97
 57  98
 58  67
 58  68
 58  69
 58  71
 58  72
 58  73
 58  78
 58  83
 58  84
 58  87
 58  88
 58  90
 58  96
 58  98
 58  99
 59  66
 59  67
 59  68
 59  69
 59  78
 59  81
 59  91
 59  92
 59  93
 60  65
 60  76
 60  78
 60  84
 60  86
 60  88
 61  64
 61  73
 61  75
 61  81
 61  88
 61  90
 61  92
 61  95
 61  96
 62  76
 62  77
 62  87
 62  90
 62  93
 62  94
 63  65
 63  67
 63  77
 63  79
 63  86
 63  92
 63  94
 64  71
 64  77
 64  83
 64  84
 64  85
 64  92
 64  93
 64  97
 65  70
 65  71
 65  76
 65  77
 65  84
 65  85
 65  88
 65  89
 65  94
 65  96
 66  67
 66  73
 66  79
 66  80
 66  82
 66  96
 67  74
 67  75
 67  78
 67  87
 67  93
 67  96
 67  98
 68  69
 68  70
 68  81
 68  90
 68  93
 68  94
 69  75
 69  85
 69  96
 69  97
 69  98
 70  73
 70  74
 70  83
 70  88
 70  91
 71  84
 72  73
 72  78
 72  80
 72  90
 72  96
 73  80
 73  83
 74  79
 74  81
 74  83
 74  85
 74  87
 74  92
 74  93
 74  94
 75  76
 75  80
 75  81
 75  89
 75  90
 75  98
 76  82
 76  95
 77  85
 77  87
 77  97
 78  82
 78  84
 78  86
 78  90
 78  94
 78  95
 78  97
 79  82
 79  84
 79  86
 79  87
 79  99
 80  91
 80  92
 81  83
 81  89
 81  93
 82  84
 82  87
 82  92
 82  96
 83  85
 83  88
 83  89
 83  91
 84  88
 84  91
 84  97
 85  86
 85  87
 85  89
 85  90
 86  88
 86  89
 86  90
 86  91
 86  98
 87  97
 88  91
 88  92
 89  90
 89  94
 90  97
 90  98
 91  96
 91  97
 91  98
 92  96
 92  99
 93  97
 94  95
 94  96
 95  97
