# n=100 p=0.200 seed=3673
  0   3
  0   5
  0   6
  0   7
  0  18
  0  23
  0  27
  0  40
  0  42
  0  55
  0  61
  0  62
  0  71
  0  86
  1  11
  1  31
  1  43
  1  51
  1  55
  1  57
  1  58
  1  60
  1  73
  1  84
  1  94
  1  95
  2  16
  2  22
  2  23
  2  24
  2  29
  2  38
  2  44
  2  47
  2  51
  2  62
  2  63
  2  65
  2  69
  2  73
  2  77
  2  78
  2  89
  2  92
  2  93
  2  96
  3  11
  3  19
  3  29
  3  35
  3  39
  3  44
  3  51
  3  62
  3  63
  3  66
  3  77
  3  78
  3  79
  3  83
  3  89
  3  95
  3  97
  4   8
  4  15
  4  19
  4  21
  4  25
  4  27
  4  29
  4  30
  4  31
  4  32
  4  37
  4  38
  4  39
  4  55
  4  66
  4  69
  4  75
  4  83
  4  84
  4  91
  4  92
  5  10
  5  13
  5  19
  5  23
  5  28
  5  29
  5  32
  5  33
  5  34
  5  43
  5  47
  5  48
  5  50
  5  54
  5  57
  5  60
  5  61
  5  62
  5  63
  5  67
  5  68
  5  80
  5  85
  5  86
  5  88
  5  91
  5  94
  5  98
  6  14
  6  18
  6  22
  6  27
  6  37
  6  47
  6  52
  6  59
  6  64
  6  65
  6  66
  6  73
  6  76
  6  83
  6  94
  7  16
  7  19
  7  21
  7  25
  7  26
  7  27
  7  30
  7  31
  7  65
  7  71
  7  72
  7  73
  7  77
  7  79
  7  82
  7  84
  7  93
  7  94
  7  95
  8  15
  8  21
  8  24
  8  27
  8  31
  8  36
  8  37
  8  41
  8  45
  8  51
  8  57
  8  66
  8  67
  8  78
  8  79
  8  82
  8  91
  9  10
  9  13
  9  14
  9  25
  9  26
  9  27
  9  31
  9  33
  9  37
  9  42
  9  46
  9  52
  9  54
  9  60
  9  62
  9  67
  9  78
  9  83
  9  87
  9  90
 10  16
 10  18
 10  32
 10  37
 10  38
 10  39
 10  42
 10  48
 10  49
 10  50
 10  52
 10  54
 10  64
 10  84
 10  86
 10  89
 10  93
 10  98
 11  21
 11  23
 11  31
 11  44
 11  48
 11  53
 11  64
 11  69
 11  73
 11  82
 11  91
 11  92
 11  95
 11  97
 11  98
 12  20
 12  21
 12  33
 12  36
 12  39
 12  42
 12  43
 12  48
 12  50
 12  54
 12  56
 12  57
 12  61
 12  64
 12  66
 12  68
 12  75
 12  76
 12  81
 12  83
 13  21
 13  31
 13  44
 13  45
 13  53
 13  54
 13  55
 13  59
 13  62
 13  67
 13  71
 13  73
 13  75
 13  80
 13  86
 13  87
 13  88
 13  89
 13  90
 14  15
 14  21
 14  23
 14  24
 14  29
 14  37
 14  42
 14  44
 14  50
 14  62
 14  64
 14  69
 14  78
 14  80
 14  81
 14  84
 14  92
 14  95
 14  97
 14  98
 15  16
 15  21
 15  22
 15  25
 15  27
 15  35
 15  37
 15  48
 15  61
 15  65
 15  82
 15  83
 15  85
 15  97
 16  24
 16  28
 16  32
 16  49
 16  51
 16  55
 16  56
 16  59
 16  65
 16  76
 16  80
 16  83
 16  86
 16  94
 16  99
 17  19
 17  24
 17  34
 17  39
 17  41
 17  44
 17  67
 17  72
 17  74
 17  75
 17  82
 17  83
 17  84
 17  86
 17  91
 18  25
 18  29
 18  30
 18  33
 18  46
 18  48
 18  49
 18  58
 18  66
 18  71
 18  73
 18  78
 18  84
 18  88
 18  92
 18  94
 18  97
 19  31
 19  35
 19  37
 19  43
 19  50
 19  59
 19  67
 19  82
 19  83
 19  89
 19  90
 19  91
 19  92
 19  98
 20  25
 20  26
 20  40
 20  43
 20  49
 20  51
 20  53
 20  56
 20  59
 20  68
 20  69
 20  71
 20  78
 20  89
 20  93
 21  22
 21  23
 21  24
 21  28
 21  29
 21  33
 21  41
 21  56
 21  63
 21  67
 21  69
 21  79
 21  80
 21  88
 21  90
 21  92
 21  96
 22  24
 22  29
 22  30
 22  31
 22  33
 22  34
 22  35
 22  43
 22  46
 22  48
 22  66
 22  67
 22  81
 22  88
 22  89
 22  91
 22  95
 22  97
 22  98
 23  29
 23  51
 23  56
 23  65
 23  66
 23  68
 23  69
 23  76
 23  78
 23  93
 23  98
 24  31
 24  34
 24  38
 24  39
 24  40
 24  44
 24  47
 24  48
 24  53
 24  59
 24  61
 24  62
 24  68
 24  70
 24  73
 24  78
 24  80
 24  88
 24  89
 24  97
 25  26
 25  44
 25  46
 25  52
 25  59
 25  65
 25  76
 25  81
 25  82
 25  89
 25  95
 26  28
 26  47
 26  51
 26  58
 26  64
 26  65
 26  86
 26  87
 26  88
 26  92
 26  97
 26  98
 27  30
 27  34
 27  40
 27  42
 27  44
 27  47
 27  54
 27  56
 27  57
 27  61
 28  30
 28  37
 28  38
 28  41
 28  45
 28  51
 28  56
 28  59
 28  64
 28  74
 28  81
 28  83
 28  87
 28  89
 28  90
 28  96
 28  97
 28  98
 29  32
 29  36
 29  38
 29  46
 29  53
 29  61
 29  68
 29  73
 29  74
 29  77
 29  78
 29  80
 29  86
 29  93
 30  36
 30  39
 30  40
 30  42
 30  45
 30  47
 30  48
 30  54
 30  57
 30  73
 30  75
 30  76
 30  78
 30  84
 30  85
 30  93
 30  96
 30  98
 31  32
 31  33
 31  36
 31  40
 31  41
 31  43
 31  47
 31  55
 31  68
 31  71
 31  77
 31  84
 32  37
 32  40
 32  42
 32  68
 32  70
 32  71
 32  78
 32  89
 32  93
 32  96
 32  97
 33  38
 33  41
 33  53
 33  57
 33  61
 33  63
 33  66
 33  68
 33  69
 33  72
 33  75
 33  84
 33  86
 33  89
 33  92
 34  35
 34  37
 34  40
 34  55
 34  57
 34  58
 34  59
 34  66
 34  67
 34  75
 34  81
 34  85
 34  88
 34  91
 34  92
 34  94
 34  97
 35  39
 35  42
 35  47
 35  62
 35  64
 35  77
 35  78
 35  88
 35  91
 35  92
 35  95
 36  40
 36  41
 36  43
 36  46
 36  47
 36  49
 36  50
 36  59
 36  60
 36  61
 36  64
 36  66
 36  70
 36  71
 36  74
 36  77
 36  82
 36  86
 36  91
 36  93
 37  51
 37  53
 37  63
 37  83
 37  87
 37  88
 37  94
 37  95
 37  99
 38  40
 38  44
 38  45
 38  46
 38  50
 38  51
 38  56
 38  62
 38  65
 38  69
 38  80
 38  83
 38  90
 38  92
 38  93
 38  99
 39  42
 39  47
 39  56
 39  59
 39  61
 39  64
 39  65
 39  72
 39  88
 39  95
 40  42
 40  48
 40  66
 40  69
 40  71
 40  76
 40  78
 40  82
 40  86
 40  89
 40  94
 41  45
 41  54
 41  59
 41  65
 41  66
 41  67
 41  71
 41  82
 41  91
 42  48
 42  55
 42  59
 42  64
 42  69
 42  73
 42  78
 42  82
 42  83
 42  87
 42  90
 42  93
 42  94
 42  96
 43  45
 43  46
 43  48
 43  79
 43  83
 43  88
 43  90
 44  45
 44  46
 44  55
 44  59
 44  65
 44  69
 44  70
 44  77
 44  79
 44  92
 44  93
 44  98
 45  60
 45  67
 45  79
 45  88
 45  90
 45  91
 45  92
 45  99
 46  47
 46  63
 46  81
 46  84
 46  90
 46  92
 46  99
 47  48
 47  52
 47  54
 47  55
 47  60
 47  63
 47  66
 47  73
 47  77
 47  78
 47  81
 47  96
 48  53
 48  62
 48  63
 48  64
 48  80
 48  85
 48  96
 48  99
 49  50
 49  54
 49  58
 49  59
 49  72
 49  84
 49  89
 49  93
 49  95
 49  97
 50  68
 50  72
 50  78
 50  88
 50  89
 50  90
 50  91
 50  95
 51  54
 51  58
 51  65
 51  72
 51  73
 51  77
 51  79
 51  85
 51  86
 51  87
 51  89
 51  94
 51  95
 51  99
 52  68
 52  71
 52  74
 52  75
 52  78
 52  84
 52  85
 52  94
 52  96
 52  98
 52  99
 53  57
 53  60
 53  69
 53  75
 53  80
 53  84
 53  88
 53  89
 53  95
 54  56
 54  63
 54  68
 54  74
 54  80
 54  82
 54  94
 55  61
 55  65
 55  91
 55  95
 56  57
 56  65
 56  77
 56  86
 56  95
 56  96
 56  97
 57  58
 57  59
 57  63
 57  66
 57  68
 57  80
 57  84
 57  89
 57  92
 58  60
 58  62
 58  63
 58  69
 58  77
 58  85
 58  87
 58  89
 58  98
 59  62
 59  63
 59  70
 59  84
 59  86
 59  89
 59  95
 59  99
 60  61
 60  62
 60  69
 60  71
 60  73
 60  82
 60  83
 60  88
 60  97
 61  62
 61  65
 61  70
 61  74
 61  84
 61  92
 61  95
 62  63
 62  65
 62  68
 62  87
 62  89
 62  90
 62  95
 62  98
 63  67
 63  72
 63  73
 63  74
 63  83
 63  87
 63  95
 63  96
 64  73
 64  83
 64  90
 64  92
 64  96
 65  68
 65  71
 65  81
 65  83
 65  89
 66  73
 67  74
 67  77
 67  81
 67  90
 67  96
 68  77
 68  80
 68  88
 68  89
 68  94
 68  98
 69  70
 69  77
 69  84
 69  86
 69  94
 69  98
 70  71
 70  72
 70  73
 70  79
 70  83
 70  84
 70  86
 71  78
 71  83
 71  84
 71  87
 71  95
 71  97
 72  74
 72  90
 73  75
 73  80
 73  81
 73  85
 73  92
 73  95
 74  75
 74  78
 74  80
 74  81
 74  85
 74  90
 74  93
 75  81
 75  91
 75  93
 75  95
 76  77
 76  78
 77  84
 77  87
 77  90
 77  92
 77  96
 77  99
 78  85
 78  86
 78  91
 78  93
 78  94
 78  99
 79  83
 79  85
 79  92
 79  93
 79  94
 79  97
 80  82
 80  89
 80  93
 80  94
 80  97
 80  99
 81  90
 81  98
 82  97
 82  99
 83  93
 83  95
 83  96
 83  97
 83  99
 84  86
 84  88
 84  91
 84  92
 84  96
 84  99
 85  86
 85  91
 85  93
 85  97
 85  98
 86  88
 86  94
 86  98
 86  99
 87  92
 88  91
 88  95
 89  90
 89  91
 89  95
 90  92
 91  93
 91  94
 91  98
 92  99
 93  97
 94  96
 94  97
 94  99
 96  98
