# n=100 p=0.200 seed=3719
  0   8
  0  21
  0  36
  0  40
  0  41
  0  44
  0  47
  0  52
  0  53
  0  58
  0  59
  0  60
  0  65
  0  72
  0  76
  0  80
  0  83
  1   4
  1   9
  1  18
  1  33
  1  36
  1  43
  1  45
  1  48
  1  52
  1  65
  1  77
  1  82
  1  85
  1  89
  1  93
  1  95
  1  99
  2   7
  2  17
  2  21
  2  32
  2  36
  2  46
  2  47
  2  48
  2  50
  2  60
  2  63
  2  71
  2  72
  2  80
  2  87
  2  98
  3  11
  3  18
  3  32
  3  33
  3  48
  3  52
  3  59
  3  61
  3  65
  3  67
  3  75
  3  76
  3  79
  3  82
  3  90
  3  95
  3  98
  4   5
  4  19
  4  20
  4  30
  4  47
  4  50
  4  58
  4  61
  4  63
  4  64
  4  69
  4  73
  4  75
  4  78
  4  80
  4  85
  4  86
  4  87
  4  89
  4  90
  5   9
  5  10
  5  16
  5  17
  5  22
  5  29
  5  30
  5  33
  5  37
  5  39
  5  45
  5  48
  5  61
  5  63
  5  64
  5  73
  5  80
  5  81
  5  88
  5  96
  5  99
  6  10
  6  17
  6  19
  6  22
  6  23
  6  26
  6  42
  6  62
  6  66
  6  67
  6  69
  6  72
  6  73
  6  82
  6  84
  6  87
  6  88
  6  89
  6  90
  6  93
  6  98
  7   9
  7  12
  7  13
  7  15
  7  16
  7  21
  7  22
  7  23
  7  30
  7  58
  7  59
  7  63
  7  67
  7  71
  7  76
  7  83
  7  84
  7  96
  8   9
  8  13
  8  15
  8  19
  8  25
  8  31
  8  35
  8  39
  8  43
  8  44
  8  45
  8  46
  8  51
  8  56
  8  58
  8  74
  8  76
  8  77
  8  78
  8  80
  8  89
  8  91
  8  92
  9  11
  9  14
  9  22
  9  24
  9  27
  9  28
  9  30
  9  33
  9  40
  9  41
  9  45
  9  47
  9  57
  9  62
  9  66
  9  73
  9  92
  9  95
 10  15
 10  16
 10  19
 10  26
 10  28
 10  36
 10  43
 10  46
 10  54
 10  57
 10  60
 10  73
 10  76
 10  78
 10  82
 10  84
 10  86
 11  35
 11  39
 11  41
 11  49
 11  55
 11  57
 11  77
 11  83
 11  92
 11  96
 12  14
 12  21
 12  34
 12  42
 12  45
 12  46
 12  64
 12  66
 12  75
 12  81
 12  85
 12  90
 12  95
 12  96
 13  23
 13  25
 13  26
 13  32
 13  33
 13  35
 13  48
 13  56
 13  58
 13  71
 13  72
 13  74
 13  76
 13  83
 13  91
 13  93
 13  95
 14  21
 14  22
 14  36
 14  38
 14  40
 14  46
 14  59
 14  62
 14  63
 14  68
 14  69
 14  70
 14  75
 14  84
 14  86
 14  89
 15  39
 15  40
 15  42
 15  46
 15  60
 15  65
 15  66
 15  74
 15  77
 15  80
 15  89
 15  93
 15  94
 15  95
 16  19
 16  22
 16  24
 16  26
 16  44
 16  48
 16  59
 16  62
 16  63
 16  71
 16  72
 16  75
 16  82
 16  84
 16  89
 16  90
 16  91
 16  93
 16  94
 16  95
 17  20
 17  21
 17  23
 17  24
 17  34
 17  36
 17  39
 17  41
 17  43
 17  44
 17  61
 17  62
 17  72
 17  78
 17  79
 17  86
 17  95
 18  20
 18  32
 18  37
 18  38
 18  42
 18  43
 18  50
 18  51
 18  55
 18  62
 18  67
 18  71
 18  72
 18  74
 18  75
 18  90
 18  93
 19  33
 19  35
 19  36
 19  37
 19  44
 19  51
 19  61
 19  68
 19  85
 19  86
 19  91
 19  95
 19  97
 20  22
 20  25
 20  33
 20  37
 20  38
 20  39
 20  49
 20  71
 20  83
 20  84
 20  93
 20  98
 20  99
 21  22
 21  25
 21  33
 21  36
 21  42
 21  50
 21  54
 21  55
 21  60
 21  82
 21  83
 21  85
 21  87
 21  96
 21  97
 22  29
 22  31
 22  35
 22  43
 22  48
 22  51
 22  56
 22  67
 22  69
 22  73
 22  77
 22  80
 22  81
 22  83
 22  91
 22  92
 23  26
 23  30
 23  37
 23  41
 23  52
 23  53
 23  60
 23  64
 23  66
 23  73
 23  76
 23  81
 23  85
 23  89
 23  99
 24  26
 24  28
 24  30
 24  42
 24  45
 24  49
 24  51
 24  63
 24  67
 24  68
 24  88
 25  29
 25  30
 25  37
 25  38
 25  59
 25  63
 25  67
 25  69
 25  72
 25  78
 25  83
 25  86
 25  87
 25  90
 25  99
 26  31
 26  33
 26  36
 26  42
 26  45
 26  59
 26  61
 26  62
 26  70
 26  71
 26  77
 26  80
 26  84
 26  92
 27  32
 27  38
 27  40
 27  42
 27  46
 27  47
 27  50
 27  61
 27  62
 27  65
 27  67
 27  75
 27  78
 27  81
 27  82
 27  92
 28  33
 28  34
 28  38
 28  43
 28  48
 28  50
 28  51
 28  55
 28  61
 28  64
 28  73
 28  74
 28  78
 28  84
 28  86
 28  87
 28  88
 28  89
 28  91
 28  92
 28  93
 29  34
 29  38
 29  58
 29  83
 29  84
 29  85
 29  93
 29  95
 29  96
 29  98
 30  33
 30  34
 30  39
 30  41
 30  48
 30  49
 30  51
 30  53
 30  63
 30  75
 30  78
 30  84
 30  85
 30  86
 30  92
 30  98
 31  32
 31  42
 31  54
 31  56
 31  58
 31  68
 31  76
 31  80
 31  88
 31  92
 31  95
 32  36
 32  37
 32  40
 32  43
 32  60
 32  62
 32  64
 32  67
 32  80
 32  83
 32  84
 32  85
 32  90
 32  92
 32  93
 33  34
 33  46
 33  48
 33  49
 33  58
 33  61
 33  63
 33  66
 33  72
 33  78
 33  88
 33  90
 33  94
 34  35
 34  36
 34  42
 34  58
 34  63
 34  66
 34  68
 34  72
 34  74
 34  76
 34  85
 34  87
 34  92
 35  50
 35  58
 35  65
 35  70
 35  71
 35  74
 35  77
 35  85
 35  90
 35  95
 35  97
 36  39
 36  40
 36  42
 36  47
 36  51
 36  66
 37  47
 37  48
 37  51
 37  67
 37  72
 37  73
 37  74
 37  81
 37  83
 38  42
 38  50
 38  53
 38  60
 38  62
 38  75
 38  85
 38  92
 39  44
 39  53
 39  66
 39  67
 39  71
 39  80
 39  88
 39  89
 40  47
 40  51
 40  53
 40  60
 40  61
 40  66
 40  70
 40  72
 40  87
 40  93
 40  96
 40  99
 41  42
 41  50
 41  57
 41  58
 41  66
 41  69
 41  70
 41  75
 41  85
 41  87
 41  88
 41  90
 41  92
 41  98
 42  48
 42  50
 42  58
 42  65
 42  66
 42  72
 42  73
 42  74
 42  82
 42  84
 42  86
 43  45
 43  51
 43  55
 43  57
 43  62
 43  74
 43  78
 43  79
 43  80
 43  87
 43  89
 43  99
 44  46
 44  51
 44  54
 44  55
 44  63
 44  69
 44  78
 44  85
 44  95
 44  97
 44  99
 45  50
 45  52
 45  55
 45  58
 45  59
 45  62
 45  65
 45  67
 45  72
 45  75
 45  82
 45  87
 45  92
 45  97
 45  99
 46  47
 46  50
 46  52
 46  55
 46  59
 46  61
 46  62
 46  65
 46  72
 46  73
 46  74
 46  75
 46  78
 46  86
 46  91
 46  99
 47  48
 47  53
 47  59
 47  62
 47  65
 47  67
 47  73
 47  80
 47  86
 47  88
 47  89
 47  96
 47  97
 48  51
 48  52
 48  53
 48  61
 48  62
 48  63
 48  74
 48  77
 48  82
 48  87
 48  88
 48  93
 48  95
 48  98
 49  50
 49  52
 49  55
 49  56
 49  65
 49  68
 49  70
 49  71
 49  75
 49  79
 49  88
 49  95
 50  53
 50  54
 50  64
 50  65
 50  66
 50  75
 50  80
 50  84
 50  86
 50  88
 50  91
 51  53
 51  54
 51  60
 51  62
 51  66
 51  69
 51  73
 51  79
 51  89
 51  91
 52  61
 52  62
 52  67
 52  72
 52  79
 52  81
 52  88
 52  93
 52  96
 53  54
 53  57
 53  71
 53  76
 53  79
 53  80
 53  88
 53  92
 53  98
 54  57
 54  60
 54  75
 54  77
 54  78
 54  81
 54  83
 54  86
 54  92
 54  95
 55  71
 55  74
 55  76
 55  78
 55  79
 55  82
 55  83
 55  94
 55  99
 56  59
 56  63
 56  68
 56  69
 56  73
 56  77
 56  79
 56  85
 56  86
 56  93
 56  99
 57  63
 57  64
 57  67
 57  73
 57  89
 57  91
 57  96
 58  60
 58  63
 58  67
 58  70
 58  79
 58  85
 58  86
 58  90
 58  95
 58  98
 59  60
 59  65
 59  83
 59  84
 59  86
 59  88
 59  89
 59  90
 59  91
 59  98
 59  99
 60  62
 60  63
 60  82
 60  84
 60  91
 60  94
 61  64
 61  65
 61  66
 61  71
 61  78
 61  80
 61  84
 61  87
 61  90
 61  92
 61  95
 62  66
 62  70
 62  71
 62  79
 62  97
 62  99
 63  73
 63  76
 63  78
 63  96
 63  97
 64  91
 64  92
 64  98
 65  69
 65  70
 65  79
 65  90
 65  95
 66  70
 66  73
 66  78
 66  80
 66  86
 66  91
 67  74
 67  75
 67  82
 67  85
 67  86
 67  89
 68  79
 68  88
 68  93
 68  95
 68  96
 69  71
 69  72
 69  76
 69  77
 69  82
 69  88
 69  98
 69  99
 70  75
 70  87
 70  97
 71  72
 71  74
 71  81
 71  83
 71  84
 71  90
 71  91
 71  92
 72  89
 72  96
 72  97
 73  75
 73  76
 73  77
 73  79
 73  86
 73  96
 73  97
 74  75
 74  80
 74  88
 74  95
 74  97
 75  80
 75  81
 76  77
 76  78
 76  79
 76  80
 76  98
 77  80
 77  81
 77  99
 78  79
 78  84
 78  85
 78  95
 79  85
 79  87
 79  89
 79  90
 79  96
 80  89
 81  89
 81  90
 81  93
 81  99
 82  89
 82  99
 83  87
 83  95
 83  97
 83  98
 84  88
 84  96
 84  99
 85  87
 85  91
 87  90
 87  93
 87  98
 88  90
 89  93
 89  95
 89  96
 90  96
 90  98
 90  99
 91  94
 91  95
 91  96
 92  97
 92  99
 93  98
 93  99
 94  95
