# n=100 p=0.200 seed=3659
  0  11
  0  18
  0  19
  0  22
  0  26
  0  27
  0  34
  0  42
  0  44
  0  46
  0  49
  0  50
  0  53
  0  54
  0  57
  0  59
  0  68
  0  69
  0  84
  0  86
  0  92
  1   3
  1  13
  1  14
  1  18
  1  19
  1  20
  1  23
  1  35
  1  44
  1  45
  1  49
  1  52
  1  60
  1  69
  1  72
  1  75
  1  78
  1  81
  1  82
  1  92
  1  93
  2   5
  2  10
  2  14
  2  24
  2  27
  2  36
  2  37
  2  47
  2  51
  2  52
  2  55
  2  58
  2  59
  2  67
  2  74
  2  79
  2  82
  2  86
  2  87
  2  89
  2  90
  2  92
  2  93
  2  95
  2  98
  3  11
  3  19
  3  22
  3  27
  3  29
  3  30
  3  38
  3  39
  3  49
  3  51
  3  56
  3  61
  3  72
  3  73
  3  77
  3  83
  3  94
  4   8
  4  20
  4  21
  4  28
  4  35
  4  37
  4  46
  4  59
  4  61
  4  65
  4  66
  4  69
  4  71
  4  82
  4  83
  4  84
  4  87
  4  90
  5   8
  5  16
  5  25
  5  32
  5  33
  5  39
  5  49
  5  50
  5  51
  5  57
  5  58
  5  62
  5  74
  5  75
  5  76
  5  78
  5  81
  5  84
  5  87
  5  88
  5  92
  5  97
  6   8
  6  17
  6  27
  6  30
  6  40
  6  43
  6  45
  6  49
  6  56
  6  63
  6  68
  6  71
  6  75
  6  76
  6  77
  6  83
  6  92
  6  93
  7   8
  7  20
  7  21
  7  31
  7  47
  7  56
  7  57
  7  58
  7  59
  7  62
  7  72
  7  77
  7  79
  7  92
  7  94
  7  95
  8   9
  8  10
  8  15
  8  31
  8  33
  8  43
  8  45
  8  46
  8  49
  8  55
  8  59
  8  67
  8  71
  8  73
  8  79
  8  90
  8  91
  8  99
  9  14
  9  18
  9  19
  9  23
  9  25
  9  26
  9  35
  9  37
  9  40
  9  44
  9  47
  9  53
  9  56
  9  60
  9  65
  9  66
  9  69
  9  76
  9  78
  9  79
  9  85
 10  22
 10  26
 10  28
 10  34
 10  35
 10  41
 10  42
 10  48
 10  49
 10  50
 10  60
 10  66
 10  68
 10  71
 10  78
 10  81
 10  83
 10  86
 10  87
 10  90
 10  99
 11  14
 11  16
 11  18
 11  28
 11  33
 11  35
 11  40
 11  46
 11  51
 11  53
 11  59
 11  67
 11  71
 11  73
 11  83
 11  86
 11  97
 11  98
 12  16
 12  21
 12  23
 12  26
 12  31
 12  34
 12  35
 12  40
 12  53
 12  55
 12  60
 12  62
 12  65
 12  67
 12  71
 12  75
 12  78
 12  83
 12  86
 12  87
 12  90
 12  95
 12  98
 13  19
 13  20
 13  21
 13  23
 13  25
 13  28
 13  29
 13  31
 13  34
 13  45
 13  48
 13  51
 13  54
 13  61
 13  63
 13  69
 13  70
 13  72
 13  84
 13  86
 13  89
 13  96
 14  15
 14  18
 14  19
 14  27
 14  29
 14  32
 14  35
 14  59
 14  61
 14  65
 14  66
 14  67
 14  70
 14  73
 14  79
 14  85
 14  95
 14  96
 15  23
 15  27
 15  28
 15  29
 15  30
 15  35
 15  36
 15  45
 15  54
 15  61
 15  73
 15  76
 15  94
 15  98
 16  17
 16  20
 16  22
 16  25
 16  27
 16  31
 16  38
 16  41
 16  57
 16  59
 16  66
 16  69
 16  72
 16  76
 16  83
 17  34
 17  45
 17  51
 17  56
 17  60
 17  63
 17  70
 17  72
 17  75
 17  82
 17  83
 17  84
 17  86
 17  88
 17  92
 17  97
 17  98
 18  24
 18  26
 18  29
 18  35
 18  46
 18  48
 18  53
 18  54
 18  77
 18  78
 18  82
 18  86
 18  92
 18  97
 19  20
 19  22
 19  25
 19  28
 19  34
 19  37
 19  42
 19  44
 19  49
 19  52
 19  57
 19  60
 19  62
 19  64
 19  70
 19  73
 19  80
 19  83
 19  84
 19  90
 19  95
 20  25
 20  26
 20  27
 20  29
 20  36
 20  45
 20  46
 20  61
 20  64
 20  65
 20  67
 20  74
 20  79
 20  81
 20  85
 20  87
 20  94
 20  96
 21  22
 21  26
 21  36
 21  44
 21  52
 21  56
 21  62
 21  69
 21  70
 21  72
 21  77
 21  79
 21  81
 21  87
 21  92
 21  98
 22  43
 22  46
 22  51
 22  53
 22  58
 22  65
 22  79
 22  82
 22  83
 22  85
 22  86
 22  91
 22  94
 22  98
 22  99
 23  24
 23  35
 23  36
 23  38
 23  48
 23  58
 23  68
 23  69
 23  73
 23  74
 23  76
 23  78
 23  80
 23  88
 23  95
 23  97
 23  99
 24  26
 24  46
 24  60
 24  67
 24  69
 24  72
 24  75
 24  76
 24  83
 24  88
 24  89
 24  90
 24  91
 24  95
 24  96
 24  98
 25  27
 25  36
 25  42
 25  44
 25  45
 25  47
 25  54
 25  61
 25  62
 25  80
 25  81
 25  82
 25  84
 25  86
 25  90
 25  93
 25  99
 26  27
 26  28
 26  40
 26  42
 26  53
 26  60
 26  69
 26  83
 26  86
 26  90
 26  92
 26  94
 26  96
 27  28
 27  31
 27  43
 27  44
 27  50
 27  51
 27  53
 27  56
 27  58
 27  59
 27  60
 27  61
 27  65
 27  66
 27  74
 27  79
 27  82
 27  83
 27  85
 27  90
 27  94
 27  97
 28  31
 28  32
 28  37
 28  38
 28  42
 28  45
 28  51
 28  52
 28  54
 28  57
 28  59
 28  63
 28  75
 28  84
 28  89
 28  90
 28  92
 29  31
 29  38
 29  40
 29  50
 29  53
 29  54
 29  66
 29  68
 29  71
 29  72
 29  73
 29  87
 29  93
 30  40
 30  48
 30  54
 30  55
 30  64
 30  68
 30  71
 30  75
 30  76
 30  77
 30  79
 30  83
 30  84
 30  86
 30  91
 30  93
 30  94
 31  34
 31  43
 31  44
 31  46
 31  47
 31  56
 31  60
 31  70
 31  75
 31  76
 31  78
 31  85
 31  93
 32  42
 32  43
 32  47
 32  55
 32  60
 32  61
 32  64
 32  66
 32  69
 32  73
 32  78
 32  79
 32  82
 32  86
 32  94
 32  97
 33  74
 33  77
 33  85
 33  90
 33  91
 33  99
 34  39
 34  48
 34  49
 34  50
 34  57
 34  58
 34  60
 34  61
 34  67
 34  68
 34  69
 34  73
 34  74
 34  82
 34  85
 34  93
 34  95
 34  98
 34  99
 35  42
 35  53
 35  55
 35  60
 35  61
 35  63
 35  66
 35  73
 35  74
 35  79
 35  83
 35  84
 35  85
 35  86
 35  88
 35  91
 35  93
 35  94
 36  37
 36  44
 36  47
 36  48
 36  51
 36  60
 36  62
 36  64
 36  76
 36  77
 36  79
 36  87
 36  88
 36  90
 36  91
 36  97
 36  99
 37  40
 37  44
 37  45
 37  48
 37  52
 37  58
 37  60
 37  63
 37  66
 37  79
 37  87
 37  88
 37  95
 37  99
 38  44
 38  46
 38  48
 38  50
 38  54
 38  58
 38  59
 38  60
 38  70
 38  71
 38  72
 38  78
 38  99
 39  40
 39  44
 39  51
 39  53
 39  57
 39  58
 39  62
 39  69
 39  91
 40  50
 40  57
 40  59
 40  72
 40  73
 40  77
 40  78
 40  81
 40  89
 41  43
 41  47
 41  50
 41  54
 41  57
 41  66
 41  73
 41  80
 41  83
 41  86
 41  87
 41  93
 42  61
 42  63
 42  69
 42  70
 42  81
 42  87
 42  99
 43  54
 43  58
 43  62
 43  63
 43  68
 43  70
 43  72
 43  94
 44  46
 44  56
 44  61
 44  62
 44  66
 44  76
 44  82
 44  84
 44  87
 44  94
 45  48
 45  50
 45  56
 45  59
 45  62
 45  63
 45  64
 45  73
 45  74
 45  77
 45  83
 45  96
 46  53
 46  60
 46  65
 46  69
 46  81
 46  83
 46  84
 46  86
 46  96
 46  99
 47  57
 47  61
 47  66
 47  73
 47  86
 47  90
 47  91
 47  92
 47  99
 48  49
 48  51
 48  53
 48  57
 48  63
 48  64
 48  66
 48  69
 48  74
 48  87
 48  99
 49  53
 49  57
 49  63
 49  65
 49  67
 49  70
 49  74
 49  88
 50  55
 50  64
 50  65
 50  67
 50  70
 50  71
 50  80
 50  82
 50  84
 50  86
 51  52
 51  58
 51  68
 51  78
 51  79
 51  87
 51  88
 51  93
 52  53
 52  58
 52  69
 52  73
 52  74
 52  78
 52  82
 52  88
 52  90
 52  93
 52  98
 52  99
 53  66
 53  68
 53  71
 53  74
 53  78
 53  88
 53  89
 53  90
 54  55
 54  58
 54  62
 54  64
 54  65
 54  69
 54  82
 54  83
 54  85
 54  87
 54  88
 55  57
 55  62
 55  63
 55  64
 55  73
 55  74
 55  87
 55  91
 55  94
 56  60
 56  72
 56  76
 56  77
 56  78
 56  79
 56  81
 56  88
 56  94
 56  99
 57  58
 57  60
 57  65
 57  68
 57  69
 57  92
 57  94
 58  60
 58  67
 58  80
 58  85
 58  92
 58  94
 59  63
 59  64
 59  75
 59  80
 59  83
 59  91
 59  94
 59  97
 59  99
 60  73
 60  79
 60  80
 60  81
 60  83
 60  85
 60  86
 60  89
 60  90
 60  95
 60  97
 61  87
 61  89
 61  94
 61  96
 61  99
 62  66
 62  68
 62  76
 62  89
 62  93
 62  95
 63  73
 63  91
 63  92
 63  96
 63  98
 64  71
 64  77
 64  80
 64  90
 65  69
 65  70
 65  75
 65  79
 65  90
 65  98
 66  68
 66  75
 66  88
 66  98
 67  68
 67  73
 67  77
 67  82
 67  89
 67  91
 67  93
 67  97
 67  98
 68  71
 68  79
 68  82
 68  84
 68  85
 68  93
 68  95
 69  75
 69  76
 69  79
 69  80
 69  81
 69  83
 69  89
 69  90
 69  99
 70  74
 70  77
 70  81
 70  83
 71  72
 71  93
 71  97
 72  78
 72  79
 72  80
 72  89
 72  90
 72  96
 73  76
 73  77
 73  82
 73  87
 73  88
 73  92
 73  95
 73  96
 74  75
 74  82
 74  86
 74  93
 75  79
 75  81
 75  82
 75  91
 75  96
 75  99
 76  81
 76  86
 76  89
 76  90
 76  93
 77  88
 77  96
 77  98
 77  99
 78  81
 78  94
 78  96
 78  99
 79  83
 79  87
 79  96
 80  90
 80  95
 80  99
 81  85
 81  87
 81  90
 81  94
 81  95
 82  83
 82  86
 82  87
 83  85
 83  86
 83  88
 83  92
 84  89
 84  91
 84  94
 85  91
 85  94
 86  89
 86  90
 86  91
 86  93
 86  99
 87  88
 88  90
 88  96
 89  91
 89  92
 89  99
 90  93
 90  97
 90  98
 91  99
 92  95
 92  98
 93  94
 93  99
 95  98
