# n=100 p=0.200 seed=3663
  0   4
  0   8
  0  10
  0  16
  0  21
  0  31
  0  35
  0  36
  0  40
  0  41
  0  44
  0  47
  0  51
  0  52
  0  55
  0  58
  0  59
  0  65
  0  66
  0  67
  0  73
  0  75
  0  78
  0  87
  0  90
  0  99
  1   7
  1  17
  1  20
  1  25
  1  29
  1  31
  1  32
  1  33
  1  38
  1  40
  1  41
  1  50
  1  52
  1  54
  1  55
  1  59
  1  61
  1  64
  1  65
  1  71
  1  72
  1  77
  1  79
  1  85
  2  17
  2  20
  2  24
  2  34
  2  36
  2  41
  2  45
  2  46
  2  59
  2  60
  2  77
  2  78
  2  82
  2  83
  2  92
  2  94
  2  97
  3   6
  3   9
  3  12
  3  22
  3  24
  3  27
  3  28
  3  50
  3  51
  3  53
  3  57
  3  59
  3  67
  3  72
  3  85
  3  88
  3  99
  4   7
  4  12
  4  25
  4  26
  4  28
  4  40
  4  55
  4  56
  4  59
  4  62
  4  81
  4  83
  4  86
  4  87
  4  92
  4  96
  5   7
  5  15
  5  16
  5  18
  5  21
  5  22
  5  24
  5  36
  5  38
  5  40
  5  56
  5  57
  5  68
  5  71
  5  72
  5  76
  5  80
  5  83
  5  85
  5  92
  6   8
  6  15
  6  24
  6  26
  6  36
  6  37
  6  44
  6  48
  6  52
  6  70
  6  73
  6  77
  6  81
  6  92
  7  25
  7  31
  7  43
  7  47
  7  49
  7  50
  7  55
  7  69
  7  76
  7  78
  7  79
  7  81
  7  95
  7  96
  8  11
  8  13
  8  16
  8  17
  8  26
  8  31
  8  32
  8  35
  8  37
  8  43
  8  52
  8  54
  8  57
  8  58
  8  71
  8  73
  8  75
  8  90
  8  94
  8  96
  9  17
  9  19
  9  25
  9  26
  9  29
  9  40
  9  46
  9  47
  9  52
  9  55
  9  65
  9  69
  9  70
  9  71
  9  78
  9  80
  9  85
  9  96
  9  98
 10  12
 10  15
 10  39
 10  46
 10  47
 10  55
 10  57
 10  61
 10  64
 10  66
 10  70
 10  85
 10  89
 10  94
 11  12
 11  20
 11  22
 11  24
 11  29
 11  31
 11  38
 11  40
 11  48
 11  50
 11  56
 11  62
 11  63
 11  67
 11  71
 11  75
 11  79
 11  80
 11  81
 12  14
 12  24
 12  26
 12  30
 12  32
 12  46
 12  53
 12  58
 12  59
 12  61
 12  62
 12  70
 12  81
 12  83
 12  84
 12  85
 12  89
 12  90
 12  91
 12  93
 12  94
 12  98
 13  18
 13  22
 13  27
 13  30
 13  41
 13  44
 13  50
 13  52
 13  53
 13  71
 13  74
 13  79
 13  87
 13  88
 13  97
 14  18
 14  24
 14  25
 14  32
 14  47
 14  48
 14  57
 14  69
 14  74
 14  83
 14  87
 14  88
 14  89
 15  16
 15  19
 15  27
 15  32
 15  38
 15  43
 15  45
 15  48
 15  49
 15  54
 15  55
 15  57
 15  62
 15  68
 15  73
 15  76
 15  78
 15  79
 15  81
 15  82
 15  83
 15  85
 15  88
 15  92
 16  19
 16  25
 16  32
 16  36
 16  43
 16  51
 16  59
 16  60
 16  64
 16  86
 17  24
 17  30
 17  39
 17  40
 17  43
 17  48
 17  50
 17  52
 17  54
 17  55
 17  72
 18  22
 18  33
 18  34
 18  41
 18  42
 18  55
 18  56
 18  61
 18  65
 18  67
 18  69
 18  71
 18  77
 18  81
 19  26
 19  30
 19  34
 19  38
 19  50
 19  53
 19  54
 19  55
 19  58
 19  59
 19  60
 19  66
 19  69
 19  84
 19  92
 19  93
 19  94
 19  95
 19  97
 19  99
 20  24
 20  26
 20  28
 20  39
 20  41
 20  46
 20  62
 20  63
 20  64
 20  72
 20  76
 20  85
 20  86
 20  87
 20  91
 20  92
 20  96
 20  99
 21  29
 21  30
 21  31
 21  37
 21  40
 21  41
 21  44
 21  45
 21  50
 21  59
 21  62
 21  66
 21  67
 21  81
 21  82
 21  83
 21  84
 21  85
 21  92
 21  93
 22  28
 22  30
 22  31
 22  68
 22  70
 22  72
 22  74
 22  77
 22  82
 22  87
 22  95
 22  97
 23  30
 23  36
 23  40
 23  46
 23  53
 23  54
 23  55
 23  60
 23  64
 23  66
 23  67
 23  69
 23  74
 23  79
 23  91
 23  92
 23  93
 24  26
 24  33
 24  34
 24  35
 24  48
 24  61
 24  64
 24  67
 24  73
 24  74
 24  78
 24  79
 24  83
 24  84
 24  93
 24  94
 24  95
 24  98
 25  29
 25  54
 25  66
 25  73
 25  77
 25  87
 25  89
 25  91
 25  98
 26  35
 26  49
 26  57
 26  59
 26  64
 26  67
 26  68
 26  73
 26  74
 26  76
 26  77
 26  80
 26  87
 26  91
 26  95
 27  33
 27  35
 27  36
 27  49
 27  52
 27  53
 27  57
 27  62
 27  70
 27  74
 27  79
 27  86
 27  87
 27  95
 28  31
 28  34
 28  35
 28  36
 28  37
 28  38
 28  39
 28  44
 28  46
 28  48
 28  54
 28  58
 28  86
 28  87
 28  89
 28  92
 28  93
 28  94
 29  31
 29  35
 29  36
 29  46
 29  51
 29  61
 29  67
 29  68
 29  74
 29  84
 29  88
 29  91
 29  96
 29  97
 29  99
 30  32
 30  39
 30  41
 30  45
 30  51
 30  57
 30  58
 30  61
 30  62
 30  69
 30  72
 30  91
 30  97
 31  32
 31  36
 31  38
 31  47
 31  52
 31  53
 31  58
 31  59
 31  61
 31  69
 31  73
 31  74
 31  77
 31  79
 31  88
 32  36
 32  45
 32  50
 32  51
 32  56
 32  59
 32  61
 32  65
 32  66
 32  68
 32  70
 32  73
 32  96
 33  39
 33  41
 33  48
 33  49
 33  53
 33  65
 33  67
 33  73
 33  78
 33  93
 33  96
 34  37
 34  43
 34  45
 34  53
 34  60
 34  61
 34  67
 34  69
 34  77
 34  80
 34  81
 34  84
 34  85
 34  86
 34  96
 35  38
 35  43
 35  48
 35  51
 35  55
 35  60
 35  73
 35  79
 35  80
 35  82
 35  85
 35  87
 35  94
 35  96
 36  39
 36  53
 36  57
 36  58
 36  63
 36  69
 36  71
 36  87
 36  92
 36  96
 36  97
 37  38
 37  47
 37  55
 37  71
 37  75
 37  77
 37  78
 37  79
 37  80
 37  84
 37  85
 37  99
 38  40
 38  47
 38  50
 38  54
 38  58
 38  60
 38  63
 38  65
 38  67
 38  72
 38  75
 38  78
 38  79
 38  81
 38  82
 38  83
 38  85
 38  88
 38  97
 38  98
 39  46
 39  49
 39  55
 39  56
 39  66
 39  67
 39  69
 39  72
 39  73
 39  78
 39  81
 39  84
 39  87
 39  91
 40  47
 40  60
 40  61
 40  62
 40  67
 40  72
 40  76
 40  78
 40  90
 40  93
 40  96
 41  45
 41  48
 41  52
 41  60
 41  63
 41  67
 41  72
 41  99
 42  43
 42  46
 42  47
 42  48
 42  49
 42  51
 42  56
 42  65
 42  66
 42  67
 42  79
 42  81
 42  82
 42  94
 42  99
 43  47
 43  53
 43  64
 43  66
 43  69
 43  79
 43  92
 43  95
 44  46
 44  50
 44  59
 44  61
 44  72
 44  82
 44  86
 44  94
 44  99
 45  47
 45  50
 45  56
 45  57
 45  59
 45  65
 45  68
 45  69
 45  74
 45  78
 45  82
 46  49
 46  51
 46  53
 46  55
 46  57
 46  66
 46  78
 46  83
 46  92
 46  95
 47  51
 47  52
 47  53
 47  60
 47  61
 47  67
 47  69
 47  76
 47  85
 47  89
 47  99
 48  55
 48  60
 48  61
 48  93
 48  97
 49  54
 49  58
 49  67
 49  68
 49  69
 49  80
 49  82
 49  87
 49  94
 49  96
 49  97
 49  99
 50  61
 50  62
 50  65
 50  79
 50  84
 50  85
 50  94
 51  60
 51  65
 51  68
 51  70
 51  71
 51  75
 51  80
 51  87
 51  97
 52  55
 52  61
 52  64
 52  69
 52  77
 52  84
 52  93
 52  96
 53  59
 53  62
 53  63
 53  65
 53  67
 53  73
 53  76
 53  77
 53  80
 53  85
 54  58
 54  60
 54  68
 54  71
 54  72
 54  77
 54  78
 54  88
 54  89
 54  91
 54  96
 55  57
 55  62
 55  66
 55  75
 55  76
 55  78
 55  84
 55  90
 55  93
 56  62
 56  66
 56  68
 56  73
 56  75
 56  77
 56  78
 56  85
 56  89
 56  93
 57  62
 57  64
 57  66
 57  71
 57  74
 57  77
 57  85
 57  89
 57  95
 58  60
 58  65
 58  66
 58  67
 58  77
 58  78
 58  81
 58  83
 58  84
 58  87
 58  88
 58  91
 58  92
 58  93
 58  95
 58  96
 58  98
 58  99
 59  61
 59  73
 59  74
 59  83
 59  86
 59  95
 59  97
 60  62
 60  64
 60  66
 60  77
 60  80
 60  81
 60  85
 60  93
 60  95
 61  64
 61  65
 61  66
 61  73
 61  75
 61  81
 61  88
 61  89
 61  94
 61  97
 62  72
 62  75
 62  85
 62  86
 62  90
 62  98
 62  99
 63  66
 63  79
 63  86
 63  88
 63  89
 63  90
 64  66
 64  67
 64  68
 64  69
 64  70
 64  84
 64  86
 64  90
 64  95
 64  98
 65  69
 65  76
 65  77
 65  80
 65  83
 65  85
 65  88
 65  93
 65  95
 65  97
 66  67
 66  68
 66  69
 66  72
 66  82
 66  94
 67  76
 67  77
 67  78
 67  81
 67  83
 67  88
 67  89
 67  97
 68  71
 68  77
 68  86
 68  93
 68  96
 68  98
 69  74
 69  81
 69  90
 69  92
 69  93
 69  97
 70  77
 71  72
 71  73
 71  74
 71  86
 71  92
 71  94
 71  96
 71  98
 72  75
 72  79
 72  91
 72  92
 72  94
 72  99
 73  83
 73  86
 75  83
 75  91
 75  96
 75  97
 75  99
 76  82
 76  98
 77  84
 77  88
 77  91
 77  98
 78  79
 78  80
 78  91
 78  94
 78  97
 78  99
 79  87
 79  90
 79  96
 79  97
 79  98
 80  83
 80  84
 80  85
 80  92
 81  83
 81  84
 81  85
 81  90
 81  95
 82  83
 82  84
 82  95
 82  97
 83  85
 83  86
 83  88
 83  90
 83  91
 83  93
 83  97
 84  92
 84  96
 85  86
 85  95
 85  99
 86  90
 86  92
 86  93
 87  93
 88  93
 88  94
 88  99
 89  90
 90  93
 92  93
 92  95
 92  96
 93  95
 94  96
 95  96
 95  98
 96  97
