# n=100 p=0.200 seed=3742
  0   1
  0  13
  0  15
  0  23
  0  25
  0  28
  0  29
  0  32
  0  43
  0  49
  0  52
  0  57
  0  62
  0  64
  0  74
  0  87
  0  93
  1   9
  1  16
  1  28
  1  33
  1  36
  1  47
  1  53
  1  54
  1  55
  1  64
  1  67
  1  68
  1  70
  1  80
  1  81
  1  84
  1  86
  1  90
  2   9
  2  11
  2  13
  2  14
  2  17
  2  20
  2  21
  2  24
  2  30
  2  32
  2  35
  2  37
  2  41
  2  42
  2  44
  2  45
  2  48
  2  53
  2  54
  2  66
  2  68
  2  82
  2  85
  2  93
  2  96
  2  99
  3   5
  3   7
  3  10
  3  12
  3  18
  3  33
  3  34
  3  35
  3  36
  3  38
  3  46
  3  49
  3  55
  3  61
  3  64
  3  68
  3  78
  4  10
  4  14
  4  15
  4  25
  4  31
  4  34
  4  35
  4  42
  4  43
  4  44
  4  45
  4  46
  4  50
  4  52
  4  56
  4  63
  4  66
  4  71
  4  73
  4  80
  4  85
  4  87
  4  97
  5  18
  5  20
  5  21
  5  22
  5  24
  5  25
  5  29
  5  35
  5  44
  5  49
  5  57
  5  60
  5  67
  5  69
  5  76
  5  86
  5  87
  5  93
  5  96
  6   9
  6  16
  6  18
  6  20
  6  42
  6  52
  6  53
  6  57
  6  60
  6  69
  6  70
  6  71
  6  73
  6  75
  6  78
  6  79
  6  85
  6  88
  6  90
  6  91
  6  96
  6  98
  7   9
  7  14
  7  15
  7  19
  7  29
  7  30
  7  33
  7  49
  7  52
  7  54
  7  56
  7  57
  7  60
  7  64
  7  69
  7  75
  7  91
  8  11
  8  16
  8  24
  8  27
  8  33
  8  35
  8  36
  8  46
  8  49
  8  59
  8  66
  8  74
  8  91
  8  94
  8  97
  8  98
  9  16
  9  23
  9  24
  9  26
  9  30
  9  31
  9  39
  9  48
  9  56
  9  63
  9  68
  9  74
  9  77
  9  80
  9  82
  9  84
  9  87
  9  90
  9  94
 10  18
 10  23
 10  31
 10  37
 10  42
 10  43
 10  50
 10  63
 10  70
 10  73
 10  74
 10  92
 11  12
 11  20
 11  26
 11  27
 11  29
 11  32
 11  49
 11  52
 11  60
 11  61
 11  68
 11  74
 11  81
 11  82
 11  86
 11  90
 11  94
 11  96
 11  99
 12  13
 12  16
 12  22
 12  25
 12  49
 12  55
 12  61
 12  64
 12  66
 12  68
 12  73
 12  81
 12  91
 13  15
 13  18
 13  30
 13  34
 13  35
 13  41
 13  43
 13  46
 13  51
 13  58
 13  61
 13  63
 13  64
 13  68
 13  69
 13  79
 13  80
 13  81
 13  82
 13  86
 13  87
 13  88
 13  90
 13  99
 14  18
 14  24
 14  27
 14  28
 14  33
 14  44
 14  51
 14  57
 14  58
 14  61
 14  64
 14  65
 14  70
 14  74
 14  79
 14  82
 14  83
 14  84
 14  86
 14  89
 14  91
 14  92
 14  94
 15  22
 15  23
 15  26
 15  27
 15  40
 15  57
 15  70
 15  81
 15  87
 15  91
 15  99
 16  32
 16  33
 16  34
 16  38
 16  48
 16  56
 16  60
 16  62
 16  65
 16  82
 16  86
 16  97
 16  98
 17  19
 17  20
 17  21
 17  24
 17  25
 17  30
 17  39
 17  40
 17  45
 17  47
 17  66
 17  90
 17  97
 17  99
 18  21
 18  23
 18  28
 18  31
 18  32
 18  33
 18  47
 18  50
 18  54
 18  56
 18  59
 18  62
 18  73
 18  77
 18  83
 18  84
 18  87
 18  88
 18  90
 18  98
 19  20
 19  25
 19  28
 19  29
 19  39
 19  44
 19  48
 19  50
 19  55
 19  61
 19  71
 19  73
 19  81
 19  89
 19  94
 19  99
 20  21
 20  25
 20  27
 20  30
 20  32
 20  33
 20  41
 20  47
 20  51
 20  57
 20  63
 20  65
 20  66
 20  74
 20  79
 20  82
 20  83
 20  89
 20  90
 20  98
 21  23
 21  31
 21  32
 21  40
 21  43
 21  55
 21  57
 21  60
 21  63
 21  70
 21  72
 21  81
 22  23
 22  25
 22  27
 22  34
 22  45
 22  46
 22  47
 22  48
 22  49
 22  60
 22  61
 22  62
 22  65
 22  70
 22  94
 22  99
 23  36
 23  40
 23  45
 23  49
 23  53
 23  57
 23  60
 23  64
 23  66
 23  70
 23  75
 23  79
 23  86
 23  89
 24  30
 24  42
 24  45
 24  52
 24  58
 24  63
 24  65
 24  74
 24  76
 24  78
 24  84
 24  85
 24  96
 24  99
 25  34
 25  38
 25  41
 25  51
 25  52
 25  54
 25  55
 25  63
 25  64
 25  69
 25  70
 25  80
 25  82
 25  88
 25  89
 25  98
 26  28
 26  34
 26  37
 26  40
 26  42
 26  44
 26  54
 26  57
 26  63
 26  64
 26  67
 26  71
 26  72
 26  77
 26  84
 26  89
 26  93
 27  28
 27  30
 27  37
 27  44
 27  46
 27  56
 27  57
 27  59
 27  64
 27  66
 27  70
 27  72
 27  75
 27  83
 27  94
 28  31
 28  39
 28  55
 28  59
 28  62
 28  71
 28  79
 28  85
 28  86
 28  88
 29  30
 29  37
 29  39
 29  40
 29  53
 29  57
 29  65
 29  66
 29  75
 29  76
 29  77
 29  82
 29  94
 30  34
 30  45
 30  46
 30  58
 30  60
 30  62
 30  70
 30  72
 30  85
 30  90
 30  93
 30  94
 30  97
 30  99
 31  34
 31  51
 31  57
 31  60
 31  61
 31  62
 31  65
 31  69
 31  74
 31  79
 31  80
 31  82
 31  84
 31  85
 31  94
 31  95
 32  34
 32  52
 32  54
 32  59
 32  63
 32  64
 32  68
 32  74
 32  82
 32  86
 32  88
 32  95
 32  98
 32  99
 33  45
 33  50
 33  53
 33  55
 33  66
 33  73
 33  76
 33  77
 33  78
 33  81
 33  90
 33  96
 34  36
 34  43
 34  54
 34  60
 34  66
 34  67
 34  81
 34  86
 34  92
 34  95
 34  98
 35  40
 35  42
 35  48
 35  49
 35  77
 35  78
 35  89
 35  90
 35  98
 35  99
 36  45
 36  50
 36  54
 36  57
 36  63
 36  65
 36  66
 36  77
 36  78
 36  82
 36  85
 36  93
 36  95
 36  96
 36  98
 37  44
 37  46
 37  48
 37  51
 37  54
 37  60
 37  75
 37  76
 37  79
 37  80
 37  81
 37  82
 37  86
 37  89
 37  93
 37  95
 37  97
 38  44
 38  53
 38  56
 38  59
 38  61
 38  66
 38  68
 38  74
 38  81
 38  84
 38  85
 38  86
 38  88
 38  94
 38  95
 39  43
 39  53
 39  64
 39  71
 39  76
 39  87
 39  89
 40  52
 40  58
 40  66
 40  68
 40  75
 40  77
 40  80
 40  83
 40  85
 40  89
 40  91
 40  95
 41  43
 41  61
 41  63
 41  64
 41  71
 41  75
 41  76
 41  80
 41  90
 41  93
 41  98
 41  99
 42  45
 42  46
 42  49
 42  51
 42  53
 42  54
 42  59
 42  63
 42  65
 42  67
 42  72
 42  79
 42  90
 42  95
 43  46
 43  49
 43  51
 43  53
 43  59
 43  69
 43  75
 43  84
 43  86
 43  92
 43  94
 43  95
 44  48
 44  51
 44  59
 44  66
 44  68
 44  71
 44  76
 44  86
 45  56
 45  64
 45  68
 45  75
 45  76
 45  78
 45  88
 45  95
 45  96
 45  99
 46  55
 46  81
 46  83
 46  85
 46  86
 46  90
 46  92
 47  55
 47  58
 47  66
 47  67
 47  69
 47  73
 47  74
 47  78
 47  80
 47  85
 47  87
 47  91
 48  58
 48  63
 48  67
 48  68
 48  71
 48  79
 48  84
 48  88
 48  92
 48  96
 48  98
 49  53
 49  55
 49  65
 49  68
 49  72
 49  77
 49  89
 50  53
 50  59
 50  63
 50  64
 50  65
 50  72
 50  73
 50  86
 50  88
 51  59
 51  68
 51  70
 51  76
 51  77
 51  78
 51  84
 51  95
 52  57
 52  62
 52  63
 52  77
 52  82
 52  84
 52  89
 52  91
 52  95
 53  55
 53  60
 53  61
 53  65
 53  66
 53  69
 53  73
 53  77
 53  80
 53  82
 53  85
 53  93
 53  96
 53  99
 54  61
 54  62
 54  67
 54  69
 54  75
 54  83
 54  94
 54  99
 55  58
 55  60
 55  74
 55  78
 55  80
 55  81
 55  85
 55  90
 55  92
 55  94
 55  95
 55  96
 56  58
 56  70
 56  71
 56  73
 56  77
 56  92
 57  82
 57  91
 57  95
 58  59
 58  63
 58  69
 58  71
 58  72
 58  83
 58  92
 58  98
 59  63
 59  65
 59  75
 59  77
 59  79
 59  82
 59  84
 59  89
 59  93
 60  63
 60  68
 60  70
 60  80
 60  81
 60  86
 60  93
 61  64
 61  72
 61  77
 61  80
 61  84
 61  90
 61  91
 61  96
 62  66
 62  72
 62  82
 62  85
 62  87
 63  73
 63  78
 63  85
 63  86
 63  88
 63  92
 64  70
 64  75
 64  79
 64  82
 64  84
 64  90
 64  91
 64  94
 65  74
 65  77
 65  79
 65  84
 65  93
 65  95
 65  96
 66  70
 66  80
 66  88
 66  93
 66  95
 67  71
 67  72
 67  90
 68  69
 68  77
 68  82
 68  83
 68  86
 68  99
 69  72
 69  81
 69  83
 69  88
 69  93
 70  73
 70  75
 70  77
 70  88
 70  93
 71  82
 71  86
 71  89
 72  79
 72  80
 72  81
 72  85
 72  87
 72  94
 72  95
 73  78
 73  83
 73  89
 73  94
 73  98
 73  99
 74  80
 74  82
 74  83
 74  88
 74  92
 74  93
 74  97
 75  76
 75  77
 75  83
 75  91
 75  92
 75  93
 75  96
 75  99
 76  83
 76  85
 76  92
 77  79
 77  80
 77  81
 77  82
 77  87
 77  96
 77  99
 78  87
 78  88
 78  92
 78  93
 79  85
 79  87
 79  90
 79  95
 80  88
 80  92
 81  82
 81  92
 81  99
 82  97
 83  95
 83  98
 84  85
 84  93
 85  91
 87  88
 87  98
 88  94
 88  95
 89  91
 89  92
 89  97
 91  92
 91  93
 91  97
 92  95
 92  97
 92  98
 93  97
 93  98
 97  99
 98  99
