# n=50 p=0.100 seed=2756
  0   3
  0   8
  0  11
  0  17
  0  23
  0  38
  1   3
  1   6
  1  12
  1  17
  1  24
  1  36
  1  42
  2  14
  2  19
  2  41
  2  49
  3  26
  3  27
  3  31
  4  31
  4  44
  4  49
  5   9
  5  31
  5  42
  6  17
  6  34
  6  36
  6  42
  6  46
  7  11
  7  13
  7  27
  7  35
  7  42
  8  19
  8  22
  8  23
  9  11
 10  40
 11  21
 12  18
 12  29
 13  17
 13  20
 14  26
 14  27
 14  31
 14  35
 14  43
 14  44
 14  49
 15  17
 15  32
 16  22
 16  29
 16  37
 18  21
 18  35
 18  40
 20  29
 20  38
 21  22
 21  30
 21  38
 21  41
 21  46
 21  48
 22  23
 22  26
 22  29
 22  36
 23  37
 23  43
 23  45
 24  39
 25  28
 25  29
 25  43
 26  39
 26  48
 27  37
 27  39
 27  43
 28  47
 29  39
 29  46
 30  36
 31  42
 32  35
 32  42
 33  39
 34  42
 34  43
 37  38
 37  40
 38  39
 38  44
 38  46
 38  47
 39  44
 41  45
 41  46
 42  48
 43  45
 45  49
 46  48
 47  49
 48  49
