# n=50 p=0.100 seed=2770
  0   7
  0  10
  0  17
  0  24
  0  33
  0  39
  0  43
  1   3
  1  17
  1  18
  1  21
  1  25
  1  26
  2  11
  2  12
  2  13
  3   7
  3   8
  3  24
  3  28
  3  37
  4  34
  4  39
  5  15
  5  22
  5  28
  5  30
  5  34
  5  35
  5  39
  6   7
  6  10
  6  15
  6  17
  6  18
  6  21
  6  28
  6  30
  6  32
  6  36
  6  39
  7  14
  7  33
  7  46
  7  47
  8  19
  8  20
  8  38
  9  14
  9  22
  9  47
 10  18
 10  21
 10  26
 10  34
 10  35
 10  38
 10  40
 11  16
 11  19
 11  21
 11  27
 11  36
 11  43
 12  41
 12  47
 13  27
 13  38
 14  18
 14  39
 14  47
 15  30
 15  34
 16  22
 16  30
 16  31
 16  39
 17  21
 17  29
 17  30
 17  45
 18  21
 18  39
 19  21
 19  25
 19  27
 19  31
 19  40
 19  44
 19  45
 20  28
 20  41
 20  45
 21  28
 21  40
 21  45
 21  49
 23  26
 23  37
 23  49
 24  27
 24  36
 24  43
 24  47
 25  28
 25  32
 25  41
 26  30
 26  42
 27  31
 27  43
 28  38
 29  35
 31  40
 31  48
 32  33
 32  40
 32  41
 32  42
 32  43
 32  48
 33  34
 33  48
 34  38
 34  43
 34  48
 34  49
 35  39
 36  48
 37  48
 38  47
 39  49
 40  44
 41  47
 42  43
 45  48
