# n=50 p=0.100 seed=2809
  0   7
  0  11
  0  24
  0  49
  1  15
  1  24
  1  45
  2   8
  2  10
  2  15
  2  27
  2  28
  2  29
  2  33
  2  36
  2  37
  2  42
  3   8
  3  33
  3  46
  4   8
  4  14
  4  18
  4  23
  4  24
  4  31
  4  41
  5   9
  5  13
  5  15
  5  18
  5  21
  5  27
  5  35
  5  49
  6   7
  6  14
  6  18
  6  28
  6  35
  6  37
  6  38
  6  42
  6  47
  7  10
  7  12
  7  13
  7  19
  7  38
  8  15
  8  29
  8  36
  8  47
  9  26
  9  27
  9  33
  9  44
 10  23
 10  24
 10  30
 10  37
 11  33
 11  34
 11  43
 12  30
 12  35
 12  47
 13  23
 13  31
 13  33
 13  35
 13  39
 13  40
 13  42
 13  45
 13  46
 14  21
 14  28
 14  32
 14  34
 14  39
 14  42
 14  46
 15  25
 15  34
 15  37
 15  42
 15  48
 16  27
 16  45
 17  25
 17  26
 17  42
 17  46
 18  31
 18  41
 19  22
 20  21
 20  24
 20  25
 20  26
 21  46
 22  29
 23  24
 23  35
 23  37
 23  41
 23  43
 24  34
 25  26
 25  33
 25  34
 25  49
 26  35
 26  37
 26  45
 26  48
 27  38
 29  48
 30  34
 30  38
 30  44
 30  45
 33  34
 33  43
 34  47
 35  36
 35  39
 36  47
 37  48
 40  41
 41  43
 43  46
 45  46
