# n=50 p=0.100 seed=2769
  0  30
  0  39
  1  13
  1  37
  2   7
  2  19
  2  23
  2  40
  3  11
  3  34
  4   9
  4  31
  4  33
  4  34
  4  38
  5  19
  5  28
  5  34
  5  37
  5  38
  5  39
  5  41
  5  45
  5  49
  6  16
  6  18
  6  21
  6  23
  6  43
  6  49
  7  10
  7  26
  7  46
  8   9
  8  17
  8  18
  8  22
  8  45
  8  46
  9  13
  9  21
  9  39
 10  30
 10  34
 10  37
 10  45
 10  48
 11  22
 12  17
 12  27
 12  33
 12  37
 13  38
 14  16
 14  18
 14  22
 14  26
 15  23
 15  28
 15  30
 15  49
 16  22
 16  28
 16  33
 16  38
 16  39
 16  40
 16  43
 17  18
 17  19
 17  21
 17  24
 17  26
 17  29
 17  46
 18  20
 18  37
 18  38
 18  42
 19  25
 19  29
 19  36
 19  39
 19  41
 19  45
 20  36
 20  40
 21  23
 21  41
 21  48
 23  45
 24  27
 24  31
 24  35
 26  29
 26  41
 26  45
 26  46
 26  49
 27  28
 27  29
 27  46
 29  30
 29  31
 29  38
 29  43
 29  47
 30  40
 31  33
 31  47
 32  45
 33  41
 34  42
 35  40
 36  40
 36  44
 36  45
 37  38
 38  47
 44  47
 45  49
