# n=50 p=0.100 seed=2820
  0   7
  0  24
  0  27
  0  47
  0  48
  1   2
  1   7
  1   8
  1  16
  1  17
  1  37
  1  41
  2   5
  2  15
  2  24
  2  27
  2  33
  2  37
  2  40
  3  28
  4  10
  4  16
  4  17
  4  19
  5  15
  5  18
  5  22
  5  34
  5  39
  5  41
  5  49
  6  20
  6  31
  6  45
  7  24
  7  35
  7  41
  8   9
  8  16
  8  18
  8  23
  9  13
  9  17
  9  19
  9  29
  9  32
  9  34
  9  39
  9  41
  9  44
  9  46
 10  22
 10  25
 10  27
 10  32
 10  41
 11  24
 11  32
 11  48
 12  27
 12  28
 12  32
 12  39
 12  42
 12  46
 14  27
 14  35
 14  36
 14  42
 15  29
 15  32
 16  32
 17  27
 17  30
 17  48
 18  20
 18  29
 18  38
 18  43
 19  22
 19  30
 19  36
 19  39
 19  40
 20  25
 20  27
 20  45
 21  25
 21  28
 21  35
 21  45
 21  46
 22  24
 22  39
 23  32
 23  47
 24  41
 25  27
 25  41
 26  45
 26  46
 28  47
 29  31
 29  37
 30  34
 31  35
 31  40
 32  36
 32  38
 33  37
 33  39
 33  41
 34  35
 34  38
 37  41
 39  40
 39  47
 40  49
 41  43
 43  49
