# n=50 p=0.100 seed=2755
  0   2
  0   7
  0  18
  1   2
  1   6
  1  14
  1  19
  1  31
  1  41
  1  47
  2   3
  2   5
  2  25
  2  28
  2  31
  3   9
  3  23
  3  30
  3  34
  3  36
  3  44
  4   6
  4  11
  4  15
  4  17
  4  19
  4  20
  4  29
  4  44
  5  10
  5  14
  5  28
  5  30
  5  37
  6  15
  6  20
  6  24
  6  29
  6  36
  6  44
  7   8
  7  16
  7  30
  7  36
  7  46
  8  18
  8  19
  8  26
  8  34
  8  43
  9  11
  9  14
  9  17
  9  28
  9  34
  9  47
  9  48
 10  13
 10  38
 10  44
 11  20
 11  25
 11  38
 11  48
 12  13
 12  14
 12  20
 12  29
 13  23
 13  36
 13  41
 13  44
 14  20
 15  24
 15  49
 16  27
 16  31
 16  42
 17  39
 17  42
 18  33
 18  41
 18  45
 18  47
 19  25
 20  23
 20  30
 20  41
 20  43
 21  49
 22  40
 22  41
 23  28
 23  32
 23  36
 23  40
 24  27
 24  35
 24  38
 24  45
 25  35
 25  38
 25  39
 25  40
 25  41
 25  43
 26  45
 27  49
 28  40
 29  33
 31  32
 31  48
 32  42
 33  40
 34  46
 35  36
 35  49
 37  39
 40  44
 41  49
 42  43
 42  47
