# n=50 p=0.100 seed=2782
  0   4
  0  10
  0  25
  0  37
  1  32
  1  37
  1  48
  2  18
  3   8
  3   9
  3  13
  3  18
  3  22
  3  26
  3  40
  3  47
  4  20
  4  26
  4  38
  4  44
  5  14
  5  28
  5  31
  6  27
  6  33
  6  35
  6  38
  6  46
  6  47
  7  19
  7  22
  7  23
  7  40
  7  48
  8  18
  8  46
  8  48
  8  49
  9  32
  9  41
  9  42
 10  12
 10  18
 10  30
 10  32
 10  46
 11  14
 11  40
 12  19
 12  33
 12  35
 12  38
 12  48
 13  16
 13  17
 13  35
 13  41
 13  49
 14  18
 14  29
 14  33
 14  42
 14  49
 15  24
 15  38
 15  45
 16  17
 16  24
 16  25
 16  26
 16  39
 16  40
 17  18
 17  19
 17  20
 17  26
 17  34
 17  39
 17  44
 18  31
 18  32
 18  48
 19  37
 19  43
 20  24
 20  28
 20  30
 20  36
 20  39
 20  48
 21  37
 21  38
 21  46
 22  33
 23  31
 23  33
 23  43
 23  45
 24  34
 24  37
 25  38
 25  41
 25  47
 26  28
 26  44
 27  29
 27  46
 28  29
 28  32
 28  33
 28  38
 29  30
 30  34
 30  39
 30  40
 30  42
 31  32
 31  40
 33  43
 33  49
 34  38
 34  40
 36  39
 36  42
 37  41
 38  41
 40  46
 40  47
 43  48
 44  48
 44  49
 45  47
 45  48
 46  49
 47  48
