# n=50 p=0.100 seed=2800
  0   2
  0   8
  0  15
  0  17
  1   7
  1   8
  1   9
  1  16
  1  20
  1  24
  1  25
  1  44
  1  47
  2  17
  2  26
  3   5
  3  12
  3  25
  3  38
  3  46
  4  25
  4  29
  4  32
  4  35
  4  43
  5  19
  5  22
  5  23
  5  42
  5  44
  5  47
  6   7
  6  19
  6  25
  6  43
  7  10
  7  21
  7  33
  7  38
  7  41
  8   9
  8  14
  8  27
  8  29
  8  34
  8  35
  8  45
  9  13
  9  27
  9  34
  9  44
  9  48
 10  20
 10  28
 10  30
 10  36
 10  38
 10  46
 10  48
 11  33
 11  37
 11  44
 12  17
 12  25
 12  26
 12  44
 13  26
 14  22
 14  24
 14  34
 14  35
 14  44
 14  45
 14  49
 15  27
 15  40
 16  17
 16  18
 16  19
 16  32
 16  37
 16  38
 16  48
 17  40
 18  41
 18  46
 19  24
 19  36
 20  40
 21  28
 21  29
 21  41
 22  41
 22  49
 23  32
 23  38
 23  41
 23  42
 24  34
 25  28
 25  30
 25  34
 25  46
 26  27
 26  31
 26  37
 26  47
 26  48
 27  41
 28  38
 30  31
 31  33
 31  36
 31  41
 31  42
 31  44
 31  46
 32  35
 33  41
 33  44
 34  38
 34  45
 34  49
 35  36
 35  48
 36  48
 37  43
 39  40
 39  47
 41  42
 42  43
 43  46
 44  49
