# n=50 p=0.100 seed=2821
  0   4
  0  14
  0  18
  0  25
  0  34
  0  44
  1  13
  1  40
  1  45
  2   6
  2  33
  2  35
  2  39
  3  10
  3  27
  3  38
  3  41
  3  44
  4  21
  4  23
  4  24
  5  18
  5  26
  5  46
  5  49
  6   7
  6  15
  6  16
  6  48
  6  49
  7  10
  7  11
  7  30
  8  30
  8  40
  8  47
  9  13
  9  24
  9  31
  9  35
 10  28
 10  33
 10  37
 10  38
 11  19
 11  20
 11  22
 11  38
 12  13
 12  16
 12  24
 12  29
 12  30
 12  31
 12  32
 12  33
 12  35
 12  42
 12  43
 12  48
 13  14
 13  27
 13  30
 13  31
 13  37
 14  18
 14  20
 14  22
 14  23
 14  26
 14  37
 14  40
 15  22
 15  45
 15  46
 15  47
 16  36
 16  43
 17  18
 17  44
 18  30
 18  41
 18  42
 18  44
 18  45
 19  44
 20  31
 20  35
 20  37
 20  43
 20  49
 21  26
 21  46
 22  26
 22  32
 23  30
 24  27
 24  28
 24  29
 24  34
 25  29
 25  41
 26  29
 26  35
 26  38
 27  45
 27  47
 28  41
 28  43
 28  47
 29  33
 29  43
 29  45
 29  47
 30  41
 30  42
 30  46
 31  32
 31  39
 31  40
 32  47
 33  37
 34  43
 34  44
 34  47
 34  49
 35  36
 35  42
 38  40
 38  41
 38  49
 39  44
 39  46
 40  46
 41  46
 44  45
