# n=50 p=0.100 seed=2854
  0  12
  0  19
  0  21
  1  30
  1  43
  1  48
  2  17
  2  34
  2  45
  2  48
  2  49
  3  22
  3  38
  3  49
  4  25
  4  30
  4  31
  5  14
  5  20
  5  22
  5  24
  5  43
  6  28
  6  39
  6  40
  6  47
  7  31
  7  45
  7  49
  8  25
  8  27
  8  33
  8  41
  9  16
  9  29
 10  33
 10  34
 10  44
 10  45
 11  13
 11  18
 11  19
 11  22
 11  31
 11  38
 12  17
 12  19
 12  34
 12  38
 13  15
 13  17
 13  22
 13  23
 13  32
 14  22
 14  27
 14  35
 15  20
 15  34
 15  41
 16  45
 17  24
 17  28
 17  45
 18  23
 18  41
 18  44
 18  45
 18  49
 19  44
 20  37
 21  27
 22  23
 22  30
 22  34
 22  43
 23  24
 23  25
 23  28
 23  31
 23  35
 24  28
 24  36
 24  42
 24  43
 25  41
 26  30
 28  29
 28  42
 30  43
 31  48
 32  33
 32  37
 32  43
 32  49
 33  35
 33  38
 34  41
 35  43
 35  47
 36  46
 37  43
 37  45
 37  48
 38  40
 40  43
 40  46
 40  49
 41  44
 41  47
 45  48
