# n=50 p=0.050 seed=1936
  0  26
  1  11
  1  38
  1  47
  2   5
  2   7
  3  32
  3  36
  4  17
  4  47
  5  37
  6  31
  6  33
  6  37
  6  43
  8  22
  9  12
 10  41
 10  46
 10  47
 10  48
 11  12
 11  37
 11  40
 12  13
 12  47
 14  20
 14  30
 14  32
 16  20
 16  29
 16  36
 17  22
 17  49
 18  23
 18  24
 19  36
 20  21
 20  23
 21  33
 21  42
 22  46
 23  31
 24  36
 24  40
 25  26
 25  31
 25  36
 26  29
 27  28
 28  48
 29  36
 29  41
 29  43
 29  45
 30  34
 30  36
 30  49
 31  46
 33  47
 34  38
 36  48
 38  48
 44  47
