# n=50 p=0.050 seed=1987
  0  19
  0  29
  1   5
  1  43
  2  15
  2  17
  2  23
  2  42
  2  47
  3  13
  3  38
  3  46
  4   7
  4  36
  4  49
  5  13
  5  15
  5  30
  6  25
  6  46
  6  47
  7  39
  9  24
  9  35
  9  37
 10  18
 10  42
 11  44
 12  40
 13  39
 14  19
 15  27
 16  33
 16  45
 18  21
 19  36
 20  39
 20  48
 21  34
 22  31
 23  27
 23  32
 23  47
 24  35
 25  33
 25  40
 26  35
 29  30
 29  33
 29  34
 34  45
 35  38
 35  39
 35  44
 35  48
 36  47
 37  45
 39  48
 42  48
