# n=50 p=0.050 seed=1956
  0   8
  0   9
  0  16
  1  15
  2  10
  2  27
  3  26
  4   5
  4   7
  6  17
  6  37
  7  17
  7  40
  8  38
  8  40
  8  41
  9  21
  9  22
  9  46
 10  22
 11  30
 11  33
 12  38
 12  42
 13  23
 13  27
 14  19
 14  25
 16  23
 16  33
 17  19
 17  22
 20  46
 21  33
 22  30
 22  35
 23  47
 24  26
 24  43
 25  36
 26  44
 27  31
 27  33
 27  42
 28  33
 28  41
 29  39
 30  47
 31  34
 31  42
 33  35
 33  43
 33  44
 35  42
 37  44
 38  43
 38  45
 39  46
 40  47
