# n=50 p=0.050 seed=1937
  0  31
  0  35
  1  44
  2   6
  2  15
  2  34
  2  43
  2  45
  2  46
  3  23
  4  15
  4  22
  5  16
  5  25
  6  17
  6  27
  6  34
  7  30
  8  34
  9  10
  9  18
  9  47
 10  13
 10  21
 11  13
 11  29
 11  35
 11  36
 12  21
 13  21
 13  25
 13  32
 14  26
 14  29
 14  30
 15  35
 15  46
 16  45
 17  29
 17  48
 18  29
 18  49
 20  22
 20  43
 20  48
 21  27
 23  34
 23  39
 24  34
 24  43
 24  46
 26  29
 27  28
 31  32
 32  44
 37  47
 37  48
