# n=50 p=0.050 seed=1988
  0  46
  1  13
  1  26
  1  39
  2   3
  2  13
  2  15
  2  26
  2  28
  2  36
  3   4
  3   5
  3  19
  3  21
  5  13
  6  37
  7  12
  7  21
  8  43
  9  32
 10  41
 11  21
 11  31
 11  34
 13  48
 14  31
 14  34
 15  38
 16  35
 17  19
 17  31
 17  34
 17  43
 18  23
 19  30
 20  21
 20  30
 21  23
 21  30
 21  33
 22  32
 23  32
 24  27
 25  35
 25  39
 25  41
 25  47
 26  28
 26  29
 26  30
 26  40
 26  43
 27  37
 28  42
 30  37
 31  48
 33  40
 38  45
 38  46
 39  45
 40  41
 42  48
 45  46
 47  48
