# n=50 p=0.050 seed=1895
  0   8
  0  27
  1   5
  1  20
  1  27
  2  16
  2  35
  3  13
  3  19
  3  28
  4  11
  4  14
  4  19
  5  13
  5  33
  5  38
  6  12
  6  22
  7  13
  7  46
  9  16
  9  30
 10  33
 11  21
 11  36
 11  48
 13  25
 13  28
 13  42
 14  26
 14  27
 14  43
 14  44
 14  47
 15  48
 17  23
 18  32
 18  35
 18  48
 19  20
 19  32
 19  46
 19  49
 20  31
 20  34
 21  26
 23  31
 23  37
 24  35
 24  39
 26  45
 29  45
 30  42
 34  41
 36  44
 37  43
 40  43
 43  49
 48  49
