# n=50 p=0.200 seed=2168
  0   2
  0   7
  0   8
  0  10
  0  13
  0  25
  0  35
  0  40
  0  43
  1   4
  1   6
  1  12
  1  20
  1  23
  1  26
  1  32
  1  34
  1  38
  1  40
  1  44
  1  49
  2   6
  2   8
  2  12
  2  15
  2  22
  2  23
  2  31
  2  44
  2  48
  2  49
  3   5
  3   8
  3  12
  3  14
  3  17
  3  26
  3  29
  3  30
  3  32
  4   5
  4  14
  4  19
  4  24
  4  25
  4  29
  4  34
  4  37
  4  42
  4  45
  4  46
  5   8
  5  10
  5  11
  5  17
  5  18
  5  21
  5  23
  5  31
  5  36
  5  39
  5  46
  5  47
  5  49
  6  13
  6  14
  6  15
  6  17
  6  20
  6  22
  6  27
  6  42
  6  45
  7  12
  7  17
  7  25
  7  34
  7  44
  8  10
  8  21
  8  33
  8  34
  8  35
  9  10
  9  15
  9  23
  9  30
  9  35
  9  43
  9  45
 10  14
 10  18
 10  21
 10  22
 10  32
 10  36
 10  40
 10  48
 11  14
 11  15
 11  25
 11  32
 11  39
 12  18
 12  24
 12  26
 12  31
 12  38
 12  49
 13  17
 13  27
 13  34
 13  38
 13  41
 13  42
 13  44
 14  17
 14  18
 14  22
 14  23
 14  28
 15  18
 15  21
 15  29
 15  37
 15  43
 16  22
 16  24
 16  30
 16  32
 16  36
 16  38
 16  42
 16  43
 16  45
 16  46
 17  25
 17  28
 17  29
 17  45
 18  23
 18  26
 18  27
 18  28
 18  32
 18  35
 18  39
 18  43
 18  44
 18  49
 19  21
 19  23
 19  25
 19  26
 19  29
 19  31
 19  41
 19  44
 20  21
 20  31
 20  39
 20  47
 21  25
 21  27
 21  34
 21  43
 22  23
 22  34
 22  39
 22  41
 22  45
 22  49
 23  32
 23  33
 23  40
 23  41
 23  49
 24  34
 24  36
 24  37
 24  41
 24  49
 25  27
 25  33
 25  39
 25  43
 25  48
 26  34
 26  36
 26  41
 26  46
 27  28
 27  31
 27  32
 27  36
 27  37
 27  40
 27  41
 27  43
 27  44
 27  46
 28  31
 28  34
 28  36
 28  38
 28  41
 29  35
 29  39
 29  42
 29  48
 30  34
 30  36
 30  40
 30  41
 30  42
 31  41
 31  43
 32  33
 32  36
 32  41
 32  42
 32  49
 33  34
 33  35
 33  42
 34  35
 34  40
 35  37
 35  38
 35  44
 35  49
 36  39
 36  45
 36  49
 37  42
 37  43
 38  47
 39  48
 40  45
 40  47
 41  43
 41  49
 42  45
 43  46
 43  47
 45  46
 45  48
 48  49
