# n=50 p=0.200 seed=2203
  0   5
  0  10
  0  12
  0  20
  0  24
  0  25
  0  34
  0  37
  0  40
  0  44
  1   5
  1  10
  1  23
  1  33
  1  38
  1  41
  1  43
  1  45
  1  47
  2   6
  2  10
  2  13
  2  19
  2  27
  2  30
  2  35
  2  39
  2  41
  3   6
  3   7
  3  11
  3  12
  3  13
  3  15
  3  16
  3  29
  4   5
  4  11
  4  13
  4  16
  4  17
  4  18
  4  22
  4  26
  4  27
  4  38
  4  39
  4  43
  4  47
  5  10
  5  11
  5  20
  5  27
  5  30
  5  36
  5  40
  6   7
  6  16
  6  22
  6  41
  6  42
  6  45
  7  13
  7  16
  7  18
  7  23
  7  26
  7  36
  7  41
  7  43
  8  11
  8  14
  8  18
  8  25
  8  26
  8  30
  8  33
  8  34
  8  40
  8  46
  9  12
  9  13
  9  16
  9  23
  9  25
  9  27
  9  29
  9  32
  9  41
  9  49
 10  19
 10  32
 10  45
 10  47
 11  16
 11  17
 11  19
 11  29
 11  34
 11  38
 11  44
 11  47
 12  13
 12  20
 12  23
 12  25
 12  28
 12  38
 12  41
 12  48
 13  15
 13  17
 13  20
 13  23
 13  29
 13  35
 13  42
 13  44
 13  49
 14  17
 14  23
 14  24
 14  31
 14  36
 14  46
 14  49
 15  44
 15  45
 16  22
 16  26
 16  44
 16  45
 17  18
 17  21
 17  26
 17  40
 17  42
 17  43
 17  49
 18  19
 18  23
 18  29
 18  30
 18  34
 18  41
 18  43
 18  46
 18  49
 19  21
 19  33
 19  35
 19  38
 19  40
 19  41
 19  44
 19  46
 19  47
 19  49
 20  23
 20  29
 20  38
 20  43
 20  46
 21  22
 21  26
 21  35
 21  36
 21  48
 22  23
 22  39
 22  44
 23  27
 23  33
 23  45
 24  25
 25  36
 25  40
 26  30
 26  32
 26  36
 27  29
 27  30
 27  34
 27  49
 28  36
 28  39
 28  41
 28  47
 29  32
 29  33
 29  43
 29  46
 29  47
 30  32
 30  36
 30  37
 30  41
 30  42
 30  45
 31  39
 31  45
 32  34
 32  42
 33  36
 33  38
 33  40
 33  42
 33  43
 33  47
 34  37
 34  46
 34  49
 35  39
 35  40
 35  42
 36  37
 36  43
 37  47
 37  49
 38  44
 38  48
 39  41
 39  49
 41  44
 43  47
 43  49
 44  45
 45  47
 46  49
