# n=50 p=0.200 seed=2221
  0   3
  0  10
  0  23
  0  32
  0  35
  0  37
  0  42
  0  43
  0  44
  0  45
  0  46
  0  47
  1   5
  1  25
  1  31
  1  32
  1  33
  1  34
  1  37
  1  39
  1  43
  1  48
  2   3
  2   6
  2   9
  2  20
  2  25
  2  29
  2  31
  2  32
  2  34
  2  37
  2  44
  3   9
  3  22
  3  26
  3  28
  3  29
  3  32
  3  33
  3  37
  3  45
  4   9
  4  14
  4  16
  4  31
  4  35
  4  37
  4  40
  5   6
  5   9
  5  16
  5  29
  5  30
  5  39
  5  41
  5  43
  5  49
  6   8
  6  25
  6  27
  6  32
  6  39
  6  46
  7  17
  7  19
  7  20
  7  34
  7  38
  7  45
  7  46
  7  47
  8  18
  8  19
  8  20
  8  28
  8  41
  8  42
  8  46
  9  13
  9  19
  9  27
  9  40
 10  13
 10  15
 10  25
 10  34
 10  36
 10  41
 11  23
 11  24
 11  27
 11  31
 11  35
 11  41
 11  44
 11  45
 12  15
 12  18
 12  20
 12  23
 12  34
 12  36
 12  41
 12  42
 13  16
 13  19
 13  24
 13  28
 13  31
 13  38
 13  39
 13  45
 13  48
 14  27
 14  33
 14  43
 15  19
 15  26
 15  39
 15  47
 16  18
 16  19
 16  21
 16  24
 16  26
 16  32
 16  43
 17  22
 17  24
 17  25
 17  32
 17  33
 17  34
 17  37
 17  42
 18  34
 18  38
 18  40
 18  45
 18  46
 19  24
 19  29
 19  32
 19  33
 19  35
 19  40
 19  44
 19  48
 20  23
 20  25
 20  26
 20  27
 20  28
 20  31
 20  33
 20  34
 20  43
 20  45
 21  22
 21  28
 21  29
 21  31
 21  33
 21  42
 21  44
 22  27
 22  31
 22  38
 22  42
 22  44
 23  26
 23  34
 23  41
 23  45
 23  47
 24  34
 24  38
 24  43
 24  45
 25  34
 25  43
 25  47
 25  49
 26  29
 26  30
 26  31
 26  35
 26  39
 26  40
 26  43
 26  45
 27  28
 27  40
 28  30
 28  33
 28  34
 28  43
 29  33
 29  37
 29  41
 29  44
 29  45
 29  46
 30  31
 30  33
 30  37
 30  40
 30  42
 30  44
 30  49
 31  33
 31  36
 31  39
 31  42
 31  43
 31  46
 31  48
 32  43
 33  35
 34  38
 34  44
 34  45
 35  40
 35  47
 36  38
 36  46
 36  49
 37  44
 37  48
 38  40
 38  42
 39  46
 41  45
 41  49
 42  49
 44  45
 44  47
 44  48
 47  48
