# n=50 p=0.200 seed=2133
  0   2
  0   3
  0   9
  0  11
  0  15
  0  18
  0  22
  0  24
  0  29
  0  35
  0  39
  0  42
  1   3
  1   7
  1  14
  1  19
  1  21
  1  22
  1  26
  1  43
  1  47
  2   3
  2   5
  2  19
  2  20
  2  25
  2  34
  2  39
  2  40
  2  44
  2  49
  3   6
  3  11
  3  16
  3  17
  3  19
  3  34
  3  35
  3  36
  3  37
  3  43
  3  49
  4   5
  4  10
  4  12
  4  18
  4  21
  4  32
  4  46
  4  47
  4  49
  5  13
  5  18
  5  19
  5  28
  5  30
  5  40
  5  42
  5  43
  5  49
  6  21
  6  26
  6  27
  6  28
  6  39
  7  21
  7  27
  7  31
  7  32
  7  33
  7  42
  7  47
  8  15
  8  30
  8  31
  8  33
  8  43
  8  45
  8  47
  9  14
  9  18
  9  27
  9  31
  9  41
  9  43
  9  48
 10  11
 10  12
 10  14
 10  18
 10  19
 10  20
 10  28
 10  31
 10  33
 11  16
 11  29
 11  32
 11  34
 11  35
 11  38
 12  13
 12  17
 12  18
 12  34
 12  37
 12  38
 12  39
 13  15
 13  18
 13  21
 13  25
 13  26
 13  29
 13  32
 13  35
 13  39
 13  43
 13  45
 14  15
 14  16
 14  27
 14  32
 14  35
 14  37
 14  43
 14  44
 14  46
 15  17
 15  18
 15  19
 15  24
 15  31
 15  34
 15  47
 16  19
 16  20
 16  28
 16  48
 16  49
 17  18
 17  19
 17  22
 17  24
 17  26
 17  27
 17  28
 17  30
 17  34
 17  40
 17  42
 17  44
 17  45
 17  47
 18  20
 18  23
 18  26
 18  27
 18  30
 18  32
 18  35
 18  48
 19  29
 19  34
 19  45
 19  46
 20  31
 20  38
 20  39
 20  49
 21  27
 21  38
 21  41
 21  43
 22  26
 22  31
 22  43
 22  44
 22  47
 23  24
 23  40
 23  42
 23  44
 23  46
 24  31
 24  49
 25  28
 25  29
 25  30
 25  35
 25  36
 25  38
 25  40
 25  47
 26  29
 26  31
 26  40
 26  43
 26  45
 26  49
 27  29
 27  31
 27  35
 27  36
 27  38
 27  44
 27  45
 27  48
 28  36
 28  39
 28  49
 29  30
 29  35
 29  38
 29  45
 29  49
 30  31
 30  32
 30  39
 30  40
 30  42
 30  46
 31  33
 31  40
 31  41
 31  43
 31  44
 31  49
 32  33
 32  34
 32  35
 32  36
 32  38
 32  41
 32  43
 32  45
 33  43
 34  35
 34  36
 34  49
 35  36
 35  45
 36  37
 36  40
 36  45
 36  46
 37  38
 37  39
 37  41
 37  49
 38  45
 38  46
 38  47
 38  48
 39  44
 39  48
 40  42
 41  43
 41  45
 41  46
 41  49
 42  48
 45  47
 45  49
 46  49
 47  48
