# n=50 p=0.200 seed=2175
  0   7
  0   8
  0  11
  0  25
  0  26
  0  28
  0  30
  0  40
  0  46
  1   6
  1  14
  1  15
  1  22
  1  23
  1  30
  2   9
  2  16
  2  27
  2  31
  2  32
  2  39
  3   7
  3  11
  3  18
  3  28
  3  41
  3  44
  3  47
  4  11
  4  15
  4  19
  4  23
  4  25
  4  28
  4  35
  4  47
  4  48
  5   6
  5  17
  5  28
  5  30
  5  35
  5  46
  6  11
  6  13
  6  14
  6  15
  6  19
  6  20
  6  22
  6  25
  6  26
  6  27
  6  32
  6  37
  6  40
  7  12
  7  13
  7  15
  7  16
  7  19
  7  23
  7  26
  7  27
  7  29
  7  34
  7  39
  8  17
  8  19
  8  34
  8  40
  8  43
  9  11
  9  12
  9  13
  9  19
  9  23
  9  25
  9  35
  9  36
  9  44
  9  45
  9  48
 10  25
 10  28
 10  30
 10  33
 10  35
 10  36
 10  47
 11  14
 11  29
 11  31
 11  35
 11  49
 12  33
 12  49
 13  15
 13  21
 13  22
 13  23
 13  33
 13  35
 13  36
 13  37
 14  15
 14  23
 14  28
 14  30
 14  31
 14  33
 14  36
 14  38
 15  16
 15  22
 15  25
 15  28
 15  32
 15  33
 15  34
 15  35
 15  38
 15  39
 15  42
 15  43
 16  25
 16  27
 16  28
 16  30
 16  31
 16  39
 16  40
 16  41
 16  49
 17  23
 17  24
 17  25
 17  35
 17  36
 17  38
 17  42
 18  20
 18  24
 18  28
 18  33
 18  34
 18  40
 18  45
 19  20
 19  33
 19  39
 19  40
 19  47
 19  48
 20  22
 20  27
 20  28
 20  32
 20  34
 20  35
 20  45
 21  27
 21  28
 21  31
 21  32
 21  33
 21  34
 21  35
 21  43
 22  26
 22  27
 22  35
 22  38
 22  44
 23  33
 23  35
 23  45
 23  47
 24  27
 24  31
 24  37
 24  42
 24  45
 25  35
 25  36
 25  38
 25  40
 26  34
 26  45
 26  47
 27  29
 27  30
 27  34
 27  47
 28  35
 28  36
 28  39
 28  40
 29  33
 29  38
 29  42
 29  43
 29  46
 29  49
 30  36
 30  37
 30  44
 30  48
 31  39
 32  38
 32  46
 32  48
 32  49
 33  44
 33  46
 34  39
 34  41
 34  47
 35  40
 35  47
 36  47
 36  48
 37  39
 37  48
 37  49
 38  46
 38  47
 39  41
 39  42
 39  48
 41  46
 42  47
 42  49
 43  48
 44  47
 46  47
 46  48
