# n=50 p=0.200 seed=2224
  0   1
  0   3
  0  11
  0  14
  0  33
  0  37
  0  41
  0  42
  0  45
  1   6
  1  17
  1  20
  1  23
  1  36
  1  42
  1  47
  2   4
  2   7
  2  19
  2  25
  2  32
  2  35
  2  40
  2  45
  2  49
  3  13
  3  16
  3  20
  3  26
  3  27
  3  39
  3  40
  3  44
  3  48
  3  49
  4  16
  4  18
  4  23
  4  33
  4  39
  4  40
  5  17
  5  18
  5  25
  5  30
  5  37
  5  38
  5  41
  5  48
  6   7
  6  15
  6  18
  6  28
  6  32
  6  33
  6  34
  6  36
  6  40
  6  41
  6  42
  6  47
  6  48
  6  49
  7  11
  7  15
  7  18
  7  28
  7  35
  7  38
  7  49
  8  10
  8  21
  8  23
  8  32
  8  34
  8  40
  8  42
  8  45
  9  16
  9  17
  9  18
  9  24
  9  26
  9  27
  9  32
  9  33
  9  35
  9  45
  9  46
  9  49
 10  21
 10  23
 10  34
 10  37
 10  43
 10  44
 10  48
 10  49
 11  12
 11  19
 11  27
 11  43
 12  25
 12  30
 12  32
 12  36
 12  39
 12  41
 12  44
 12  45
 13  15
 13  35
 13  37
 14  15
 14  17
 14  29
 14  32
 14  33
 14  35
 14  37
 14  41
 14  47
 14  48
 14  49
 15  28
 15  34
 15  35
 15  38
 15  39
 16  19
 16  21
 16  27
 16  45
 16  46
 16  47
 16  49
 17  18
 17  20
 17  22
 17  32
 17  34
 17  41
 17  44
 18  24
 18  27
 18  28
 18  42
 18  49
 19  24
 19  26
 19  32
 19  36
 19  45
 19  47
 19  49
 20  21
 20  22
 20  28
 20  29
 20  46
 21  27
 21  34
 21  35
 21  42
 21  44
 21  49
 22  26
 22  31
 22  32
 22  36
 22  39
 22  41
 22  45
 22  46
 22  48
 23  30
 23  36
 23  38
 23  40
 23  45
 23  48
 24  26
 24  30
 24  32
 24  34
 24  40
 24  41
 24  49
 25  33
 25  35
 25  40
 25  45
 25  48
 26  27
 26  31
 26  35
 26  38
 26  44
 26  47
 27  31
 27  35
 27  36
 27  41
 27  44
 28  33
 28  40
 28  43
 28  44
 28  46
 29  32
 29  33
 29  36
 29  41
 29  44
 29  46
 29  48
 30  31
 30  37
 30  41
 30  42
 30  45
 30  48
 31  32
 31  36
 31  44
 32  35
 32  38
 32  49
 34  43
 34  44
 34  45
 35  42
 35  45
 36  38
 36  46
 37  38
 37  39
 37  41
 37  42
 37  48
 39  43
 39  48
 40  42
 40  43
 40  46
 41  48
 42  43
 42  44
 43  48
 43  49
 44  47
 47  48
 48  49
