# n=50 p=0.200 seed=2170
  0  11
  0  17
  0  21
  0  30
  0  31
  0  32
  0  38
  0  40
  0  42
  0  46
  1   7
  1  12
  1  18
  1  34
  1  35
  1  37
  1  38
  1  42
  1  47
  2   7
  2  14
  2  24
  2  30
  2  35
  2  36
  2  47
  2  48
  3   5
  3  21
  3  43
  4  14
  4  23
  4  27
  4  31
  4  38
  4  40
  4  49
  5   9
  5  10
  5  11
  5  19
  5  23
  5  43
  6  12
  6  16
  6  20
  6  22
  6  26
  6  30
  6  43
  6  44
  7  15
  7  25
  7  29
  7  31
  7  32
  7  38
  7  44
  7  48
  8  19
  8  22
  8  24
  8  27
  8  29
  8  36
  8  45
  8  49
  9  11
  9  21
  9  25
  9  26
  9  28
 10  12
 10  18
 10  19
 10  20
 10  33
 10  39
 10  40
 10  41
 10  43
 10  46
 10  47
 11  16
 11  21
 11  23
 11  27
 11  28
 11  29
 11  32
 11  35
 11  39
 11  43
 11  45
 12  13
 12  14
 12  21
 12  44
 13  14
 13  17
 13  18
 13  22
 13  23
 13  28
 13  32
 13  43
 14  15
 14  22
 14  30
 14  33
 14  34
 14  40
 14  41
 14  45
 14  47
 14  49
 15  20
 15  32
 15  33
 15  37
 15  39
 15  45
 15  47
 16  25
 16  26
 16  39
 16  41
 16  43
 17  26
 17  28
 17  30
 17  39
 17  42
 17  46
 17  48
 18  19
 18  21
 18  24
 18  29
 18  41
 18  42
 18  43
 19  24
 19  29
 19  31
 19  33
 19  37
 19  38
 19  44
 20  29
 20  47
 20  48
 21  28
 21  29
 21  30
 21  32
 21  37
 22  29
 22  30
 22  31
 22  33
 22  37
 22  38
 22  41
 22  42
 23  33
 23  34
 23  35
 23  48
 24  26
 24  35
 24  38
 24  41
 24  43
 24  45
 24  49
 25  36
 25  40
 25  41
 25  45
 26  30
 26  33
 26  34
 26  35
 26  41
 26  42
 26  44
 26  46
 26  47
 27  28
 27  29
 27  30
 27  31
 27  38
 27  49
 28  36
 28  37
 28  39
 28  43
 29  31
 29  37
 29  39
 29  43
 29  44
 29  47
 30  31
 30  39
 30  44
 30  47
 30  48
 30  49
 31  33
 31  36
 31  43
 31  45
 32  37
 32  40
 32  44
 32  46
 32  48
 33  37
 33  43
 33  44
 33  48
 34  40
 34  47
 35  43
 35  46
 36  39
 36  42
 36  45
 36  47
 36  49
 37  39
 37  48
 38  42
 38  45
 38  49
 39  45
 40  46
 41  42
 42  47
 42  48
 43  49
 45  49
