# n=50 p=0.200 seed=2250
  0   5
  0  18
  0  20
  0  22
  0  24
  0  26
  0  28
  0  30
  0  32
  0  37
  0  38
  0  44
  0  48
  1   2
  1   8
  1  12
  1  17
  1  18
  1  27
  1  35
  1  36
  1  37
  1  39
  1  41
  1  44
  1  49
  2  12
  2  17
  2  20
  2  23
  2  36
  2  41
  2  45
  2  48
  2  49
  3   4
  3   9
  3  11
  3  17
  3  19
  3  33
  3  40
  3  41
  3  45
  4   5
  4   7
  4  15
  4  25
  4  28
  4  31
  4  32
  4  46
  4  47
  4  49
  5   6
  5   7
  5  11
  5  17
  5  21
  5  23
  5  24
  5  26
  5  36
  5  40
  6  14
  6  16
  6  20
  6  30
  6  35
  6  41
  6  43
  6  47
  7  12
  7  23
  7  24
  7  41
  8  14
  8  18
  8  21
  8  22
  8  36
  8  39
  8  40
  8  41
  8  47
  9  17
  9  29
  9  32
  9  38
  9  39
 10  16
 10  18
 10  21
 10  23
 10  29
 10  40
 10  42
 11  23
 11  24
 11  39
 11  41
 11  48
 11  49
 12  13
 12  20
 12  25
 12  27
 12  41
 12  43
 12  45
 12  47
 13  16
 13  20
 13  21
 13  22
 13  26
 13  32
 13  34
 13  35
 13  36
 13  38
 13  44
 13  47
 14  17
 14  38
 14  39
 15  17
 15  18
 15  20
 15  22
 15  43
 16  29
 17  25
 17  28
 17  41
 17  47
 17  48
 18  31
 18  44
 18  47
 18  49
 19  25
 19  26
 19  30
 19  33
 19  36
 19  38
 19  41
 19  43
 20  43
 20  48
 21  27
 21  34
 21  35
 21  49
 22  23
 22  37
 22  41
 22  43
 23  33
 23  35
 23  37
 23  43
 23  44
 23  45
 23  46
 24  26
 24  29
 24  37
 24  38
 24  41
 24  48
 24  49
 25  28
 25  29
 25  35
 25  42
 25  45
 26  27
 26  33
 26  36
 26  47
 27  29
 27  36
 27  39
 27  41
 27  42
 27  46
 28  30
 28  35
 28  36
 28  39
 29  37
 29  41
 29  45
 30  31
 30  38
 30  39
 31  37
 32  34
 32  45
 33  36
 33  43
 33  46
 33  49
 34  36
 34  42
 34  43
 34  45
 34  49
 35  38
 35  44
 35  46
 36  37
 36  47
 36  48
 37  39
 37  45
 38  40
 38  45
 39  41
 39  43
 39  46
 39  48
 41  46
 41  49
 43  46
 43  48
 43  49
 44  45
