# n=50 p=0.200 seed=2239
  0  10
  0  11
  0  18
  0  19
  0  23
  0  28
  0  30
  0  38
  1  13
  1  20
  1  24
  1  30
  1  33
  1  38
  1  41
  1  42
  1  46
  2   4
  2   9
  2  16
  2  25
  2  31
  2  33
  2  42
  2  43
  3   9
  3  11
  3  16
  3  26
  3  27
  3  37
  3  38
  3  40
  3  42
  4  19
  4  20
  4  23
  4  26
  4  27
  4  40
  4  41
  4  42
  4  46
  5  32
  5  37
  5  40
  6   9
  6  12
  6  13
  6  15
  6  17
  6  20
  6  25
  6  32
  6  38
  7  16
  7  21
  7  25
  7  29
  7  33
  7  37
  7  41
  7  42
  7  43
  7  45
  8  27
  8  33
  8  34
  8  35
  8  45
  8  49
  9  27
  9  30
  9  31
  9  32
  9  39
 10  13
 10  23
 10  33
 10  39
 10  40
 10  41
 10  44
 11  19
 11  22
 11  27
 11  31
 11  36
 11  43
 11  44
 12  22
 12  23
 12  31
 12  32
 12  45
 12  46
 13  14
 13  15
 13  17
 13  18
 13  23
 13  24
 13  25
 13  26
 13  27
 13  39
 14  16
 14  25
 14  26
 14  27
 14  38
 14  48
 15  19
 15  20
 15  21
 15  22
 15  24
 15  38
 15  43
 15  44
 15  46
 16  17
 16  28
 16  31
 16  43
 16  47
 17  19
 17  26
 17  32
 17  37
 17  39
 17  41
 18  23
 18  38
 18  44
 18  49
 19  25
 19  27
 19  35
 19  42
 19  47
 20  24
 20  30
 20  31
 20  41
 20  48
 21  24
 21  34
 21  35
 21  43
 21  44
 21  48
 21  49
 22  24
 22  25
 22  27
 22  34
 22  40
 23  27
 23  30
 23  38
 23  46
 24  35
 24  38
 24  39
 24  43
 24  49
 25  27
 25  29
 25  44
 25  48
 26  30
 26  39
 26  47
 27  36
 27  44
 27  45
 28  34
 28  38
 28  42
 28  48
 29  33
 29  44
 29  46
 29  48
 30  31
 30  33
 30  35
 30  39
 30  40
 30  46
 30  47
 31  43
 31  44
 31  45
 31  49
 32  42
 33  40
 33  47
 33  48
 34  41
 34  45
 34  46
 34  48
 35  41
 35  42
 35  47
 36  45
 36  46
 37  44
 38  44
 38  45
 38  46
 39  46
 40  42
 40  43
 40  45
 41  43
 42  43
 42  47
 44  46
 45  49
 46  49
