# n=50 p=0.200 seed=2137
  0  13
  0  14
  0  15
  0  17
  0  21
  0  24
  0  28
  0  30
  1   3
  1   6
  1   8
  1  13
  1  17
  1  21
  1  23
  1  31
  1  49
  2   5
  2  16
  2  18
  2  22
  2  23
  2  24
  2  30
  2  33
  2  36
  2  41
  3  13
  3  23
  3  26
  3  27
  3  28
  3  32
  3  41
  3  45
  4   9
  4  14
  4  20
  4  21
  4  26
  4  30
  4  35
  4  48
  5  10
  5  11
  5  12
  5  19
  5  21
  5  26
  5  30
  5  38
  5  43
  5  45
  5  47
  5  49
  6   7
  6  11
  6  14
  6  15
  6  27
  6  32
  7   9
  7  11
  7  14
  7  15
  7  17
  7  19
  7  20
  7  32
  7  33
  7  36
  7  44
  7  45
  7  48
  7  49
  8  11
  8  15
  8  17
  8  19
  8  24
  8  25
  8  26
  8  38
  8  39
  8  43
  8  49
  9  16
  9  18
  9  25
  9  26
  9  29
  9  39
 10  17
 10  21
 10  32
 10  36
 10  37
 10  42
 10  43
 10  45
 10  48
 11  12
 11  14
 11  16
 11  22
 11  26
 11  29
 11  33
 11  36
 11  39
 11  42
 11  45
 12  17
 12  20
 12  23
 12  38
 12  43
 12  45
 12  48
 12  49
 13  19
 13  25
 13  34
 13  41
 13  44
 13  46
 14  15
 14  23
 14  24
 14  33
 14  44
 15  17
 15  21
 15  22
 15  25
 15  27
 15  29
 15  30
 15  31
 15  35
 15  42
 16  17
 16  18
 16  24
 16  30
 16  40
 16  41
 16  48
 17  24
 17  28
 17  29
 17  30
 17  35
 17  36
 17  39
 17  46
 18  20
 18  21
 18  22
 18  32
 18  33
 18  34
 18  35
 18  36
 18  42
 18  48
 19  44
 19  45
 19  48
 20  21
 20  27
 20  34
 20  35
 20  36
 20  41
 21  23
 21  31
 21  35
 21  36
 21  38
 21  39
 22  25
 22  32
 22  35
 22  36
 22  39
 22  41
 22  43
 22  45
 23  34
 23  37
 23  41
 23  49
 24  26
 24  45
 25  27
 25  32
 25  34
 25  40
 25  45
 25  47
 26  28
 26  33
 26  39
 26  42
 26  45
 27  33
 27  34
 27  38
 27  46
 27  49
 28  30
 28  33
 29  32
 29  34
 29  39
 29  44
 30  34
 30  36
 30  42
 31  33
 31  34
 31  40
 31  46
 31  49
 32  37
 32  42
 32  48
 33  36
 33  37
 33  43
 34  39
 34  44
 34  45
 34  49
 35  38
 35  44
 35  46
 36  49
 37  38
 37  43
 37  48
 38  42
 38  44
 38  46
 38  47
 40  41
 40  42
 40  47
 41  43
 42  44
 42  46
 43  44
 45  46
 46  47
 46  49
