# n=50 p=0.200 seed=2183
  0   3
  0   8
  0  28
  0  29
  0  30
  0  44
  0  47
  0  49
  1   4
  1   6
  1  12
  1  15
  1  17
  1  19
  1  21
  1  23
  1  29
  1  31
  1  36
  1  38
  1  48
  2   9
  2  18
  2  19
  2  23
  2  27
  2  28
  2  34
  2  39
  2  41
  3   5
  3   6
  3   8
  3  12
  3  19
  3  20
  3  31
  3  44
  3  47
  4   5
  4   8
  4  13
  4  16
  4  22
  4  24
  4  29
  4  33
  4  36
  4  37
  4  39
  4  41
  4  42
  4  44
  4  47
  5  10
  5  15
  5  21
  5  24
  5  34
  5  47
  5  48
  6  15
  6  19
  6  25
  6  29
  6  39
  6  41
  6  42
  6  48
  7  11
  7  12
  7  17
  7  19
  7  25
  7  33
  7  34
  7  37
  7  41
  7  43
  7  44
  7  45
  8  15
  8  17
  8  27
  8  33
  8  37
  9  17
  9  28
  9  29
  9  30
  9  39
  9  43
  9  49
 10  21
 10  26
 10  28
 10  30
 10  43
 11  15
 11  21
 11  22
 11  26
 11  33
 11  34
 11  36
 11  41
 11  43
 11  44
 11  45
 11  46
 11  48
 11  49
 12  15
 12  17
 12  23
 12  25
 12  28
 12  36
 12  44
 12  45
 12  48
 13  16
 13  28
 13  29
 13  35
 13  37
 14  16
 14  22
 14  26
 14  37
 14  39
 14  41
 14  45
 14  47
 14  48
 15  21
 15  23
 15  27
 15  31
 15  38
 15  44
 16  20
 16  22
 16  25
 16  30
 16  33
 16  36
 16  38
 16  39
 16  42
 16  49
 17  19
 17  25
 17  32
 17  33
 17  35
 17  48
 18  21
 18  24
 18  28
 18  36
 19  23
 19  27
 19  46
 20  28
 20  31
 20  36
 20  37
 20  39
 20  40
 20  41
 20  46
 21  25
 21  32
 21  44
 21  48
 22  25
 22  26
 22  30
 22  34
 22  40
 22  42
 22  43
 22  44
 22  45
 22  46
 22  48
 23  31
 23  36
 23  37
 24  27
 24  30
 24  31
 24  34
 24  37
 24  45
 25  28
 25  32
 25  36
 25  44
 25  45
 26  27
 26  49
 27  28
 27  30
 27  31
 27  38
 27  43
 27  45
 28  31
 28  46
 29  34
 29  44
 29  48
 29  49
 30  33
 30  38
 30  40
 30  43
 30  44
 30  45
 30  46
 31  33
 31  39
 31  40
 31  41
 31  42
 31  43
 31  47
 32  36
 32  39
 33  49
 34  40
 34  43
 35  42
 35  46
 35  47
 35  48
 36  38
 36  43
 37  42
 38  39
 38  47
 39  42
 40  45
 41  45
 41  46
 41  48
 42  44
 42  45
 42  46
 42  49
 43  46
 44  47
