# n=50 p=0.200 seed=2231
  0   1
  0   2
  0   3
  0   4
  0   6
  0  11
  0  17
  0  18
  0  23
  0  30
  0  36
  0  38
  0  40
  0  46
  0  49
  1   3
  1   4
  1   6
  1  10
  1  12
  1  25
  1  27
  1  36
  1  38
  1  41
  2  16
  2  35
  2  39
  2  42
  2  47
  2  49
  3  14
  3  16
  3  22
  3  26
  3  29
  3  30
  3  32
  3  33
  3  39
  3  49
  4  13
  4  22
  4  37
  4  47
  4  49
  5  11
  5  27
  5  30
  5  31
  5  32
  5  34
  5  38
  5  39
  5  40
  5  49
  6  22
  6  23
  6  26
  6  27
  6  33
  6  34
  6  35
  6  38
  6  43
  6  49
  7  14
  7  26
  7  33
  7  42
  7  45
  7  46
  8  14
  8  27
  8  39
  8  40
  8  47
  8  49
  9  12
  9  19
  9  24
  9  25
  9  41
  9  43
 10  12
 10  14
 10  15
 10  21
 10  26
 10  28
 10  30
 10  34
 10  49
 11  14
 11  17
 11  18
 11  21
 11  22
 11  29
 11  30
 11  32
 11  34
 11  39
 11  42
 11  44
 12  21
 12  42
 12  45
 13  15
 13  16
 13  20
 13  24
 13  27
 13  29
 13  31
 13  33
 13  36
 13  42
 14  15
 14  18
 14  19
 14  27
 14  35
 14  39
 14  41
 15  31
 15  33
 16  18
 16  23
 16  31
 16  33
 16  40
 17  27
 17  34
 17  43
 18  27
 18  28
 19  27
 19  35
 19  47
 19  48
 20  24
 20  30
 20  37
 20  41
 20  42
 20  46
 20  49
 21  27
 21  29
 21  43
 21  47
 21  49
 22  28
 22  31
 22  41
 22  43
 23  28
 23  29
 23  30
 23  34
 23  35
 23  39
 24  31
 24  34
 24  38
 24  39
 24  41
 24  44
 25  26
 25  27
 25  32
 25  39
 25  43
 25  46
 26  29
 26  37
 26  43
 26  47
 27  29
 27  30
 27  45
 27  47
 28  38
 28  44
 29  35
 29  45
 29  49
 30  31
 30  34
 30  41
 30  44
 30  47
 31  33
 32  33
 32  34
 32  35
 32  39
 32  45
 32  46
 33  35
 33  42
 33  47
 34  35
 34  36
 34  38
 34  39
 34  49
 35  40
 35  46
 36  38
 36  47
 37  39
 37  46
 38  44
 39  49
 40  42
 40  46
 42  44
 42  46
 42  47
 42  48
 45  46
 45  47
