# n=50 p=0.200 seed=2226
  0   3
  0   7
  0   8
  0  16
  0  19
  0  23
  0  30
  0  31
  0  33
  0  43
  1   2
  1   3
  1   6
  1  16
  1  25
  1  26
  1  30
  1  31
  1  33
  1  38
  1  40
  2   4
  2   7
  2  10
  2  11
  2  14
  2  15
  2  23
  2  48
  3   5
  3   8
  3  15
  3  17
  3  21
  3  30
  3  41
  3  44
  3  45
  3  46
  4   9
  4  10
  4  12
  4  18
  4  19
  4  26
  4  41
  4  43
  5   8
  5  14
  5  15
  5  22
  5  28
  5  32
  5  33
  5  47
  6  14
  6  20
  6  24
  7   8
  7  16
  7  20
  7  22
  7  30
  7  32
  7  33
  7  47
  8  15
  8  16
  8  18
  8  25
  8  34
  8  35
  8  48
  9  11
  9  15
  9  19
  9  21
  9  39
  9  42
 10  11
 10  15
 10  17
 10  21
 10  35
 10  40
 10  44
 11  20
 11  29
 11  34
 11  36
 11  39
 11  41
 11  43
 11  47
 12  18
 12  19
 12  23
 12  30
 12  32
 12  33
 12  35
 12  39
 12  42
 13  14
 13  15
 13  18
 13  22
 13  23
 13  24
 13  39
 13  42
 13  45
 13  48
 14  18
 14  27
 14  31
 14  35
 14  39
 14  47
 14  48
 15  18
 15  23
 15  42
 15  43
 15  45
 16  29
 16  40
 16  44
 16  46
 16  47
 17  24
 17  35
 17  37
 17  45
 17  47
 18  23
 18  25
 18  35
 18  49
 19  21
 19  24
 19  43
 19  45
 19  47
 20  22
 20  35
 20  37
 20  39
 20  45
 21  28
 21  32
 21  42
 21  48
 22  25
 22  29
 22  32
 22  35
 22  37
 22  39
 22  45
 22  47
 23  27
 23  30
 23  31
 23  35
 23  45
 24  32
 24  36
 24  43
 25  30
 25  33
 25  37
 25  42
 26  30
 26  46
 26  47
 27  28
 27  29
 27  30
 27  37
 27  41
 27  45
 28  34
 28  38
 28  41
 28  48
 29  33
 29  38
 29  40
 29  41
 29  43
 29  46
 29  47
 30  31
 30  34
 30  42
 30  45
 30  47
 30  49
 31  46
 31  47
 32  35
 32  38
 32  40
 32  43
 32  45
 33  37
 33  39
 33  41
 33  42
 33  44
 33  45
 34  38
 34  43
 34  48
 34  49
 35  36
 35  37
 35  48
 37  45
 37  46
 38  40
 38  41
 38  42
 38  43
 39  40
 39  42
 39  46
 39  47
 40  46
 41  42
 41  44
 41  45
 43  44
 43  45
 43  49
 44  45
 44  46
 44  48
 45  47
 45  48
 46  47
 46  48
 47  48
