rand1024-1-4 	rand1024-1
-1 	-1.0
150 	150
1024 	1024
  24    29     1
  30    62     1
  36    14     1
  22    62     1
  54    33     1
   1    28     1
  29    56     1
  58     4     1
  60    37     1
  65    32     1
  21    52     1
  47    32     1
  69    41     1
  28    36     1
  61     7     1
  65    39     1
  55    21     1
  58    13     1
  68    23     1
  47    36     1
  30    32     1
  29    19     1
  67    32     1
  12    21     1
  35    37     1
  17    15     1
  56    50     1
  31    47     1
  36    19     1
   5    11     1
  43    46     1
  40    48     1
  11    66     1
  66    44     1
  33    28     1
  69    68     1
  32    25     1
  21    51     1
  61    23     1
  33    57     1
  22    42     1
  44    55     1
  14    10     1
  58    25     1
   2    18     1
  38    37     1
  25    30     1
  40    63     1
  18    39     1
  17    29     1
  54    28     1
  22    52     1
  28    40     1
  62    28     1
  46    16     1
  21    18     1
  29    33     1
  40    19     1
  30    41     1
  33    11     1
  41     1     1
  43    32     1
  61    42     1
  55    31     1
   5    44     1
  15    15     1
   1    29     1
  53    19     1
   6    14     1
  64    13     1
   3     4     1
   7    30     1
  61    58     1
  10    26     1
  67    31     1
  24    22     1
  47     7     1
  16    28     1
  41    42     1
   3    36     1
   8    19     1
  17    26     1
  44    66     1
  18    45     1
  62    25     1
  16    20     1
  48    19     1
  50    13     1
  67    62     1
  12    67     1
  64     3     1
  62    16     1
  16    13     1
  16    51     1
  66    30     1
  44    45     1
  42    40     1
  37    21     1
  56    14     1
  28    43     1
  10    39     1
  65    10     1
  14    66     1
   5    41     1
   3    49     1
  38    66     1
  21    16     1
   8    41     1
  45    56     1
  50    51     1
  65    35     1
  13    42     1
  12    49     1
  43    39     1
   2    19     1
  10    23     1
   2    31     1
  68    42     1
  22    41     1
   6    51     1
  33    60     1
   3    26     1
  20    18     1
   6    59     1
  23     6     1
  50     7     1
  13    69     1
  26    10     1
   1     1     1
   5    25     1
  10    69     1
  44    33     1
  19    46     1
  23    30     1
  61     9     1
  41     5     1
  35    28     1
  64    60     1
  49    33     1
  15    17     1
   2     9     1
  16     5     1
  59    44     1
  16    49     1
  44     9     1
  30     3     1
   2    41     1
  26    68     1
  55    68     1
  47    12     1
  18    55     1
  46    17     1
   1    15     1
  13    61     1
  51    35     1
  69    20     1
  11    22     1
  18    47     1
  68    16     1
   5    22     1
   3     1     1
  14    60     1
  42    58     1
  16    14     1
  54    60     1
  59    59     1
  10    36     1
  22    16     1
  16    30     1
   1    44     1
  49    40     1
   2    37     1
  49     4     1
  29     9     1
  61    68     1
  21    47     1
  62    39     1
  34    43     1
  20    38     1
  42    47     1
  20    37     1
  63    46     1
  20    23     1
  37    63     1
  23    10     1
  46    44     1
  37     3     1
   5    54     1
  63    40     1
  14    21     1
  52    57     1
  47    33     1
  69    22     1
  56    20     1
  67    61     1
  44    43     1
  13    23     1
  16    68     1
  58    17     1
  56    24     1
  62    15     1
  39    48     1
   5     4     1
  56    42     1
   9    50     1
  53    21     1
  36    69     1
   5     6     1
  60    67     1
  55    11     1
  19    42     1
   9    16     1
  53    51     1
  53    14     1
  18    41     1
   3    11     1
  46    22     1
  48    40     1
  44    27     1
  44    62     1
  21    27     1
   8    46     1
   3    41     1
  48     7     1
  35    14     1
  15    50     1
  27    27     1
  62    46     1
   9    27     1
  24     7     1
   9    62     1
  51    40     1
  25    47     1
  45    36     1
   5    32     1
  11    40     1
  66    39     1
  53    12     1
  48    56     1
  24    43     1
  47    13     1
  44    42     1
  43    43     1
  58    15     1
  13    40     1
  22    13     1
  19    34     1
   1    42     1
   2    32     1
  68    36     1
   7    42     1
  35     5     1
  15    35     1
  63    12     1
  46    29     1
  28    61     1
  42    39     1
  23    17     1
  32    23     1
  39    17     1
  17    59     1
  53    63     1
  26    47     1
  22    57     1
  53    16     1
  46    31     1
  20    43     1
  65    33     1
   1    37     1
  56    67     1
  38    68     1
  13    10     1
  22    35     1
  12     6     1
  60    42     1
  16    29     1
  50    62     1
  30    49     1
  29     2     1
  14    44     1
  46    23     1
  32    22     1
   1    66     1
  39    59     1
  59    55     1
  23    63     1
  63    25     1
  47    21     1
  22    29     1
  64    19     1
  65    44     1
  10    54     1
  16    37     1
  43    27     1
  48    37     1
  18    60     1
  40    57     1
  68    20     1
  21    65     1
   7    24     1
  51     6     1
  26    40     1
  66    13     1
  10    66     1
  59    48     1
  19    11     1
  10    21     1
  37    69     1
  39     4     1
  31    11     1
  63    17     1
  48    50     1
  50    14     1
  48    47     1
   7    45     1
  69    33     1
  42    43     1
  38    67     1
  66    63     1
  17    52     1
  17    49     1
  44    46     1
   3    67     1
  12    44     1
   2    53     1
  18     2     1
  21    45     1
  57    31     1
  11    12     1
  65    17     1
  51    28     1
  38    33     1
   3    66     1
   4    61     1
  29    15     1
  16     3     1
  32    14     1
  42    10     1
  49    53     1
  13    24     1
  41    19     1
  51    39     1
  52    22     1
  18    37     1
  13    41     1
   4    68     1
  34    64     1
  62    41     1
   1    51     1
   9    36     1
  38    13     1
  19    52     1
  57    67     1
  43    63     1
  57    69     1
  54     2     1
  68    58     1
  49    20     1
  31     1     1
  15     8     1
  64    18     1
  60    48     1
  34    31     1
  29    45     1
   3    62     1
  47     3     1
  31    58     1
  22    51     1
  61    61     1
  68    64     1
  14    11     1
  16    55     1
   6    34     1
  40    43     1
  67    69     1
  64    43     1
  19    19     1
  35    17     1
  45     1     1
  40    17     1
  38    20     1
  45    41     1
  19    30     1
  11    47     1
  52    25     1
  55    10     1
   6    66     1
  67    45     1
  48    49     1
  62    57     1
  46    10     1
  25    48     1
  67    52     1
  24    52     1
  26     3     1
  59     5     1
  34    15     1
  54    66     1
   7    55     1
   1    21     1
  13    15     1
  20    67     1
   9    63     1
  25    52     1
  25    63     1
  15    46     1
  42     3     1
  17    21     1
  27    48     1
   2     5     1
  53    61     1
   8    34     1
  52     4     1
  53    69     1
  45    13     1
  13    67     1
  19     8     1
  27    34     1
  14    64     1
  58    36     1
  57    68     1
  68    51     1
   9    68     1
   3    37     1
  50    47     1
  12    60     1
  14    13     1
   8    12     1
  65    47     1
  23     4     1
   6    48     1
  30     5     1
  37    28     1
  27    59     1
   9    29     1
  69    64     1
  66     9     1
   6     7     1
  30    14     1
  37     4     1
   3     6     1
  48    14     1
  43    67     1
  16    23     1
  32    10     1
  59    24     1
   4    63     1
  34    63     1
  33    25     1
  56    36     1
  52    11     1
  65     8     1
  65    51     1
  25    20     1
  24    10     1
  44    11     1
  23    40     1
  52    58     1
  44    63     1
   2     4     1
  46    28     1
  57     3     1
  48    51     1
   7    41     1
  48    24     1
  59    49     1
  56    66     1
  66    67     1
  50    29     1
  22    28     1
  32    40     1
  52    51     1
  44     2     1
  47    11     1
  50    12     1
  18    50     1
  35     4     1
  34    50     1
  20    29     1
  55    47     1
   3    45     1
  66     2     1
  11    45     1
  46    13     1
  45    57     1
   9    19     1
  41    12     1
  65    27     1
  29    58     1
  41    58     1
  50    69     1
  30    48     1
  22    11     1
  30    53     1
  68    30     1
  28    32     1
  25    32     1
  64    58     1
  46    27     1
  62    65     1
  16     4     1
  58    40     1
  44    51     1
  25    40     1
  60     7     1
  22    14     1
  55    18     1
  69    57     1
  44    26     1
  49    16     1
  10    38     1
   1    59     1
  17    32     1
  59    46     1
   1    27     1
  43     8     1
  40    64     1
  45    47     1
  15    65     1
  38    22     1
  56    12     1
  59    34     1
  58    66     1
  64    54     1
   5    43     1
  33    17     1
   3    42     1
  43    58     1
  52     1     1
  14    27     1
   2    29     1
  20    12     1
  36     6     1
  32    42     1
  51    38     1
  10    28     1
  16    47     1
  18    68     1
  32    45     1
  46     9     1
  19    65     1
  33    59     1
   6    61     1
  64    42     1
  56    22     1
  22    38     1
  17    25     1
   8    37     1
  62    36     1
  50    41     1
  43    19     1
  26    35     1
  28    67     1
  11    42     1
  30    10     1
  10    41     1
  15     7     1
  41    57     1
  66    20     1
  48    17     1
   3    51     1
  44    36     1
  36    58     1
  47    31     1
  28    24     1
  47    52     1
  12    17     1
  13    47     1
  36    20     1
  61    24     1
  55    14     1
  20    58     1
  61    10     1
   6    65     1
   2     6     1
  14    54     1
  68     8     1
   9    23     1
  24    32     1
  61    59     1
   4     2     1
  27    33     1
  23     5     1
  62    23     1
  12    46     1
   2    47     1
  51    24     1
  59     3     1
  18    24     1
   7    64     1
  48    48     1
  61    29     1
  38    30     1
   8    25     1
   2    10     1
  57     9     1
  28    41     1
  54    56     1
  15     2     1
  66    34     1
  61    27     1
  11     4     1
  35    25     1
  52    54     1
  69    45     1
   9    26     1
  57    48     1
  63    20     1
  20    59     1
  24    13     1
   6    58     1
  55    35     1
  31    54     1
  65    28     1
  67    50     1
  41    68     1
  46    25     1
  50    16     1
  45    34     1
  52    12     1
   6    16     1
  38    23     1
  48    68     1
  15    60     1
  49    37     1
  17    10     1
  23    52     1
  39    47     1
  12    22     1
  30    16     1
  27    58     1
  57    42     1
  21    38     1
  34    11     1
   2    56     1
  57    43     1
  56    51     1
  45    67     1
   5    45     1
  32    55     1
  15    66     1
  40    53     1
  57    49     1
  46    12     1
  43     9     1
  59    23     1
  29    26     1
  45    45     1
  19    14     1
  45    18     1
  46     3     1
  66    12     1
  50    46     1
  50    34     1
  66    11     1
  24     6     1
  19    59     1
  23    68     1
  51    18     1
   5    46     1
  42    17     1
  23    65     1
  55    48     1
   6    21     1
   6    28     1
  10    43     1
  57    51     1
  60    62     1
  53     8     1
  19    62     1
  26    31     1
  33    66     1
  28     8     1
   3    64     1
   4    58     1
   1    17     1
  36    50     1
  16    36     1
  16    15     1
  49    38     1
  69    13     1
  51    58     1
  28    15     1
  15    21     1
  57     7     1
  29     6     1
  69    48     1
  41    25     1
  27    29     1
  67    29     1
  47    25     1
   5     8     1
  19    68     1
  16    12     1
  47    66     1
  49    22     1
  27    41     1
  12    43     1
  62    22     1
  56    63     1
  30    35     1
  51    68     1
   8    28     1
  42    51     1
  40     3     1
  34     4     1
  32    24     1
  31    15     1
  39    42     1
  50    19     1
  38    59     1
  24    56     1
  51    67     1
   7    67     1
  62    50     1
  17    19     1
  63    66     1
  35    10     1
  45    50     1
  10    17     1
  28    51     1
  27     8     1
  55    43     1
   4    49     1
  34    39     1
  53    13     1
  63    50     1
  43    41     1
  32    12     1
  33    33     1
   2    44     1
  65    54     1
  20    10     1
  41    28     1
  35    23     1
  64    26     1
  67     7     1
  35     1     1
  46    43     1
  19    67     1
  40    33     1
  36    64     1
  60    43     1
  61    55     1
  51    48     1
  58    64     1
  26    13     1
  33    27     1
  45    54     1
  44    61     1
  33    34     1
  68    15     1
   9    20     1
  22    46     1
  25     4     1
   6    67     1
  42    25     1
  67     2     1
  22    15     1
  11    25     1
  17    64     1
  66    61     1
  42    35     1
  65    68     1
  52    42     1
  37     9     1
  55    57     1
  49    56     1
  46    30     1
   1    63     1
  13    48     1
  12    50     1
  25     2     1
  31    49     1
   3     2     1
  46    56     1
  20    36     1
  39    28     1
  63    19     1
  12    56     1
  57    34     1
   4    47     1
  49    42     1
  35    54     1
  59     7     1
  43     2     1
  61    35     1
  33    31     1
  42    33     1
  59    18     1
  52    24     1
  48    31     1
  55    56     1
  26    43     1
  11    21     1
  20    57     1
  47    27     1
  64    53     1
   7    69     1
  52    31     1
  62    26     1
  43    50     1
  31    38     1
  52    64     1
   6    19     1
  11    55     1
  34    35     1
  51    47     1
  11    17     1
  27    32     1
  35     8     1
  50    17     1
  56    45     1
  66    24     1
  32    32     1
  60     1     1
  14    39     1
  16    60     1
  69    10     1
  39    58     1
   6    40     1
  43     5     1
  26    22     1
  43    34     1
  15    13     1
  48    16     1
  14    49     1
   1    46     1
  67     5     1
  31    45     1
  59     4     1
  43    42     1
  64    38     1
  66    68     1
  25    13     1
  28    52     1
  21    17     1
  34    52     1
  60    26     1
  57    40     1
  57    41     1
  12    40     1
  49     6     1
  23    45     1
  35    53     1
  12    24     1
  18     8     1
   7     7     1
  40    12     1
  53    11     1
   2    13     1
  52    17     1
   1    38     1
  14    47     1
  19    63     1
  53    18     1
  65    30     1
  37    31     1
  51    45     1
  66    31     1
  58    37     1
  37    37     1
  27    12     1
  24    35     1
  28    10     1
  63    16     1
  28    66     1
  21    31     1
   5    51     1
   1    53     1
  59    53     1
  48    27     1
  29    37     1
   9    69     1
  59    11     1
  48    45     1
  44    39     1
  32    11     1
  39    22     1
  23    14     1
  25    49     1
  43    57     1
  60    57     1
  26    58     1
  41    54     1
  17    66     1
  54     6     1
  62    52     1
  23    57     1
  31    22     1
  38    54     1
  68    68     1
   7    52     1
   3     7     1
  58    31     1
  29    53     1
  67    14     1
  65    14     1
  18    26     1
   7    38     1
  64     2     1
  50     3     1
   3    63     1
  35    41     1
  60     3     1
  62    45     1
  65     6     1
  13    34     1
  37    57     1
  28     6     1
  52    33     1
  32    28     1
  52    38     1
  19    41     1
  62    37     1
  55    13     1
  12    30     1
  23     8     1
  47    23     1
  53    28     1
  14    19     1
   1    35     1
  46     1     1
  60    44     1
  17    17     1
  61    15     1
  29    43     1
  16    59     1
  22    40     1
  61    16     1
  11     5     1
  39    51     1
  36    26     1
   7    47     1
  58    24     1
  18    44     1
  50    40     1
  31    61     1
  38    11     1
  22    67     1
  38    36     1
  34    53     1
  34    24     1
  47    50     1
  68    65     1
   4    38     1
   3     9     1
   3    69     1
  45    19     1
  45    62     1
  40     1     1
  66    65     1
  68    49     1
  65    23     1
  15    32     1
  62    64     1
  67    38     1
  59    30     1
   8     6     1
  52    16     1
  34    46     1
  39    45     1
  23    59     1
  22    60     1
  41    38     1
  27    21     1
  44    59     1
  40    32     1
   9     6     1
  43    11     1
  17     5     1
  42    50     1
  69    18     1
  49    18     1
  41    40     1
  56    54     1
  13     8     1
  66    53     1
  27     3     1
  29     3     1
  27    46     1
  22    69     1
  50    18     1
   5    61     1
  45    15     1
  31    36     1
  18    59     1
  47    62     1
  53     1     1
   5    40     1
  39    63     1
  61    19     1
  19     6     1
  63    15     1
  34    48     1
  14    26     1
  42    54     1
  35    12     1
  16    19     1
  64    50     1
  61    33     1
  56    23     1
  34     6     1
  29    36     1
   1    18     1
  62    20     1
  13    38     1
  43    12     1
  49    28     1
  50    58     1
  38    47     1
  38    26     1
   4    21     1
  44    57     1
  62     8     1
  64    61     1
  20    45     1
  30     9     1
  57    53     1
  43    35     1
  19    54     1
  41    44     1
   2    28     1
  18    21     1

