# n=40 p=0.100 seed=616
  0   6
  0  16
  0  21
  0  24
  1   2
  1   4
  1  19
  1  29
  2  28
  2  29
  2  34
  2  36
  2  37
  3   8
  3   9
  3  15
  4  16
  4  17
  4  25
  5  10
  5  13
  5  15
  5  24
  6   7
  6  18
  6  25
  6  30
  7  15
  7  26
  7  29
  7  34
  8  15
  8  34
  9  18
  9  37
 10  13
 10  29
 10  36
 10  39
 11  14
 11  25
 11  30
 11  36
 11  37
 11  39
 13  30
 14  29
 15  21
 15  35
 16  18
 16  29
 16  35
 17  26
 18  20
 18  23
 18  28
 18  30
 18  34
 18  35
 19  36
 19  39
 20  34
 20  37
 20  38
 21  23
 21  24
 21  25
 21  31
 22  26
 22  31
 23  34
 24  25
 24  33
 25  26
 25  31
 25  38
 27  29
 28  29
 28  34
 28  35
 29  39
 31  34
 32  37
 32  38
 34  36
 34  39
 37  38
