# n=40 p=0.100 seed=620
  0   2
  0  14
  0  24
  0  32
  0  39
  1   6
  1  16
  1  27
  1  28
  1  30
  2   3
  2  11
  2  16
  2  20
  2  39
  3   6
  3  12
  3  24
  3  25
  4   5
  4   9
  4  13
  4  21
  4  24
  5  14
  5  32
  6  38
  6  39
  7  23
  7  30
  8  16
  8  17
  8  21
  8  23
  8  27
  8  30
  8  36
  9  13
  9  15
  9  18
 11  19
 11  38
 12  32
 12  35
 13  18
 13  20
 14  16
 14  25
 15  19
 15  24
 15  34
 15  37
 16  36
 17  23
 18  20
 18  24
 21  23
 21  37
 22  35
 23  33
 23  34
 25  37
 26  35
 27  36
 28  34
 28  38
 29  33
 30  31
 31  35
 35  37
