# n=40 p=0.100 seed=594
  0  11
  1  19
  1  33
  1  35
  1  38
  2  10
  2  14
  2  16
  2  17
  3   8
  3  11
  3  31
  3  35
  4  19
  5   6
  5  30
  6  24
  6  30
  6  35
  7  11
  7  36
  8  31
  8  35
  8  37
  9  20
  9  30
 10  11
 10  17
 10  35
 11  26
 12  16
 12  33
 12  35
 13  39
 14  18
 14  26
 14  31
 14  33
 15  23
 15  32
 16  24
 17  22
 18  29
 18  30
 18  32
 19  22
 19  36
 19  37
 19  38
 20  21
 20  22
 20  33
 21  23
 21  32
 21  35
 21  37
 24  25
 24  27
 25  27
 25  28
 25  30
 25  34
 26  28
 26  29
 27  29
 27  30
 27  32
 27  34
 28  30
 29  32
 30  37
 31  34
 31  36
 32  36
 32  39
 33  39
