# n=40 p=0.100 seed=569
  0   2
  0  12
  0  20
  0  22
  0  31
  1   7
  1  18
  1  35
  1  38
  2  20
  2  25
  2  33
  2  34
  2  37
  3   8
  3  18
  4   6
  4   7
  4  22
  4  34
  4  37
  5  16
  5  34
  6  13
  6  25
  6  30
  7   8
  7   9
  7  10
  7  12
  7  22
  7  26
  8  10
  8  15
  8  17
  8  24
  9  28
  9  39
 10  17
 10  18
 10  22
 10  25
 10  28
 11  15
 11  21
 12  19
 12  22
 12  23
 12  29
 12  33
 13  25
 14  26
 15  18
 15  26
 16  21
 17  24
 17  29
 18  21
 18  33
 19  38
 20  27
 20  39
 21  23
 22  29
 22  32
 22  38
 23  26
 24  28
 25  30
 26  32
 26  38
 28  34
 28  37
 29  30
 29  32
 30  37
 36  38
