# n=40 p=0.100 seed=590
  0   8
  0  14
  0  15
  0  29
  1  10
  1  12
  1  18
  1  31
  1  35
  1  36
  1  39
  2   4
  2  17
  2  22
  3  13
  3  27
  4  18
  4  36
  5  13
  5  16
  5  22
  6  24
  6  28
  7  13
  7  17
  7  29
  8  15
  8  29
  9  13
  9  15
  9  38
 10  11
 10  23
 11  19
 11  20
 11  29
 11  35
 12  16
 12  39
 13  18
 13  21
 13  39
 14  37
 15  17
 15  35
 16  17
 16  22
 16  25
 16  28
 17  22
 17  33
 18  27
 18  30
 18  35
 21  35
 24  29
 24  34
 25  38
 26  27
 26  37
 28  30
 28  32
 28  33
 28  35
 29  31
 30  34
 31  38
 33  34
