# n=40 p=0.100 seed=622
  0   4
  0   7
  0  13
  0  29
  0  33
  0  35
  0  38
  1  13
  1  33
  2   4
  3  20
  3  27
  3  29
  3  32
  4  19
  4  31
  5  13
  5  30
  5  36
  6  18
  6  27
  6  29
  6  33
  7  29
  7  32
  8   9
  8  14
  8  35
  9  27
  9  38
 10  26
 10  29
 11  15
 11  24
 13  19
 14  19
 14  20
 14  26
 15  16
 15  28
 16  33
 16  38
 18  19
 18  31
 18  35
 19  33
 19  37
 21  22
 22  23
 22  24
 22  31
 22  33
 22  34
 22  38
 23  24
 23  27
 23  28
 23  30
 23  34
 26  27
 28  33
 29  31
 29  32
 29  34
 30  34
 33  36
 34  37
