# n=40 p=0.100 seed=558
  0   4
  0  24
  0  30
  0  32
  0  33
  0  38
  1   4
  1   5
  1  22
  2  11
  2  31
  2  32
  3   5
  3  14
  3  21
  3  22
  4  32
  5  30
  5  37
  6   8
  6   9
  6  13
  6  23
  6  29
  6  30
  7  26
  7  30
  7  38
  8  25
  9  14
  9  20
 10  16
 10  20
 10  21
 10  24
 10  28
 10  32
 11  18
 11  34
 11  35
 12  17
 12  25
 12  33
 12  36
 12  37
 13  15
 13  23
 14  16
 14  25
 15  25
 15  33
 15  34
 15  38
 16  20
 16  38
 18  29
 18  33
 19  31
 20  22
 20  25
 20  28
 20  31
 20  36
 21  31
 21  32
 21  34
 21  35
 22  31
 23  26
 24  29
 25  27
 30  37
 31  36
 32  36
 32  38
