3
0 10
0 10
1 10
50
18 18 722040 645675 789895 615178 537201 596370 0 2 2 2 2 2 2 2 2 2 2 2 2 2 2 2 2 2 2 2 2 2 2 2 2 2 2 2 2 2 2 2 2 2 2 2 2 2 2 2 2 2 2 2 2 2 2 2 2 2 
31 31 999451 1463305 1504698 815552 1188203 1364761 2 0 2 2 2 2 2 2 2 2 2 2 2 2 2 2 2 2 2 2 2 2 2 2 2 2 2 2 2 2 2 2 2 2 2 2 2 2 2 2 2 2 2 2 2 2 2 2 2 2 
20 20 3391351 3311862 2530368 2987780 2381228 2186237 2 2 0 2 2 2 2 2 2 2 2 2 2 2 2 2 2 2 2 2 2 2 2 2 2 2 2 2 2 2 2 2 2 2 2 2 2 2 2 2 2 2 2 2 2 2 2 2 2 2 
17 17 3515578 3324216 12247017 3055037 3041657 10703892 2 2 2 0 2 2 2 2 2 2 2 2 2 2 2 2 2 2 2 2 2 2 2 2 2 2 2 2 2 2 2 2 2 2 2 2 2 2 2 2 2 2 2 2 2 2 2 2 2 2 
7 7 2316751 2664501 7198664 1797798 2158245 6291632 2 2 2 2 0 2 2 2 2 2 2 2 2 2 2 2 2 2 2 2 2 2 2 2 2 2 2 2 2 2 2 2 2 2 2 2 2 2 2 2 2 2 2 2 2 2 2 2 2 2 
41 41 1763382 2080478 4084559 1447736 1626933 3243139 2 2 2 2 2 0 2 2 2 2 2 2 2 2 2 2 2 2 2 2 2 2 2 2 2 2 2 2 2 2 2 2 2 2 2 2 2 2 2 2 2 2 2 2 2 2 2 2 2 2 
14 14 6774962 7575371 17188652 5569018 6901162 16157332 2 2 2 2 2 2 0 2 2 2 2 2 2 2 2 2 2 2 2 2 2 2 2 2 2 2 2 2 2 2 2 2 2 2 2 2 2 2 2 2 2 2 2 2 2 2 2 2 2 2 
21 21 3334382 3787382 6746057 3030953 2848111 5120257 2 2 2 2 2 2 2 0 2 2 2 2 2 2 2 2 2 2 2 2 2 2 2 2 2 2 2 2 2 2 2 2 2 2 2 2 2 2 2 2 2 2 2 2 2 2 2 2 2 2 
34 34 2344071 3031239 3573218 1783838 2321929 2712072 2 2 2 2 2 2 2 2 0 2 2 2 2 2 2 2 2 2 2 2 2 2 2 2 2 2 2 2 2 2 2 2 2 2 2 2 2 2 2 2 2 2 2 2 2 2 2 2 2 2 
26 26 2699087 2752092 2715675 2207853 2311757 2131804 2 2 2 2 2 2 2 2 2 0 2 2 2 2 2 2 2 2 2 2 2 2 2 2 2 2 2 2 2 2 2 2 2 2 2 2 2 2 2 2 2 2 2 2 2 2 2 2 2 2 
27 27 1266481 1322589 2475381 1136033 1211491 2294678 2 2 2 2 2 2 2 2 2 2 0 2 2 2 2 2 2 2 2 2 2 2 2 2 2 2 2 2 2 2 2 2 2 2 2 2 2 2 2 2 2 2 2 2 2 2 2 2 2 2 
40 40 2972420 2877021 6716092 2820826 2684260 5204971 2 2 2 2 2 2 2 2 2 2 2 0 2 2 2 2 2 2 2 2 2 2 2 2 2 2 2 2 2 2 2 2 2 2 2 2 2 2 2 2 2 2 2 2 2 2 2 2 2 2 
5 5 4515507 3469213 4667930 3436300 3188206 3725008 2 2 2 2 2 2 2 2 2 2 2 2 0 2 2 2 2 2 2 2 2 2 2 2 2 2 2 2 2 2 2 2 2 2 2 2 2 2 2 2 2 2 2 2 2 2 2 2 2 2 
1 1 2708199 2998999 3354187 1979693 2486170 2656516 2 2 2 2 2 2 2 2 2 2 2 2 2 0 2 2 2 2 2 2 2 2 2 2 2 2 2 2 2 2 2 2 2 2 2 2 2 2 2 2 2 2 2 2 2 2 2 2 2 2 
36 36 3233735 3655313 8642089 3039710 2566029 7432196 2 2 2 2 2 2 2 2 2 2 2 2 2 2 0 2 2 2 2 2 2 2 2 2 2 2 2 2 2 2 2 2 2 2 2 2 2 2 2 2 2 2 2 2 2 2 2 2 2 2 
0 0 3130133 2749485 4797808 2663743 2045616 3425634 2 2 2 2 2 2 2 2 2 2 2 2 2 2 2 0 2 2 2 2 2 2 2 2 2 2 2 2 2 2 2 2 2 2 2 2 2 2 2 2 2 2 2 2 2 2 2 2 2 2 
13 13 4087795 4462350 9561546 3441923 3154881 7496252 2 2 2 2 2 2 2 2 2 2 2 2 2 2 2 2 0 2 2 2 2 2 2 2 2 2 2 2 2 2 2 2 2 2 2 2 2 2 2 2 2 2 2 2 2 2 2 2 2 2 
19 19 1123336 1280490 1839093 1002015 1167806 1511734 2 2 2 2 2 2 2 2 2 2 2 2 2 2 2 2 2 0 2 2 2 2 2 2 2 2 2 2 2 2 2 2 2 2 2 2 2 2 2 2 2 2 2 2 2 2 2 2 2 2 
42 42 5480148 6161339 17813710 4088190 4793521 16388613 2 2 2 2 2 2 2 2 2 2 2 2 2 2 2 2 2 2 0 2 2 2 2 2 2 2 2 2 2 2 2 2 2 2 2 2 2 2 2 2 2 2 2 2 2 2 2 2 2 2 
12 12 3067681 3900141 7812550 2211798 3599830 5882850 2 2 2 2 2 2 2 2 2 2 2 2 2 2 2 2 2 2 2 0 2 2 2 2 2 2 2 2 2 2 2 2 2 2 2 2 2 2 2 2 2 2 2 2 2 2 2 2 2 2 
2 2 4566377 6030697 13558852 3342587 5095938 9694579 2 2 2 2 2 2 2 2 2 2 2 2 2 2 2 2 2 2 2 2 0 2 2 2 2 2 2 2 2 2 2 2 2 2 2 2 2 2 2 2 2 2 2 2 2 2 2 2 2 2 
10 10 2290688 2163690 6594175 2061619 1653059 5209398 2 2 2 2 2 2 2 2 2 2 2 2 2 2 2 2 2 2 2 2 2 0 2 2 2 2 2 2 2 2 2 2 2 2 2 2 2 2 2 2 2 2 2 2 2 2 2 2 2 2 
25 25 6312285 6208914 15886463 4873084 5308621 13551152 2 2 2 2 2 2 2 2 2 2 2 2 2 2 2 2 2 2 2 2 2 2 0 2 2 2 2 2 2 2 2 2 2 2 2 2 2 2 2 2 2 2 2 2 2 2 2 2 2 2 
6 6 3582051 4063741 10194685 2951610 3137208 8145553 2 2 2 2 2 2 2 2 2 2 2 2 2 2 2 2 2 2 2 2 2 2 2 0 2 2 2 2 2 2 2 2 2 2 2 2 2 2 2 2 2 2 2 2 2 2 2 2 2 2 
8 8 2781723 3896484 5446690 2314393 3421112 4891127 2 2 2 2 2 2 2 2 2 2 2 2 2 2 2 2 2 2 2 2 2 2 2 2 0 2 2 2 2 2 2 2 2 2 2 2 2 2 2 2 2 2 2 2 2 2 2 2 2 2 
9 9 3951436 3965388 6206835 3433797 3430060 5840631 2 2 2 2 2 2 2 2 2 2 2 2 2 2 2 2 2 2 2 2 2 2 2 2 2 0 2 2 2 2 2 2 2 2 2 2 2 2 2 2 2 2 2 2 2 2 2 2 2 2 
16 16 2940295 3772766 10030869 2061146 2916348 7653553 2 2 2 2 2 2 2 2 2 2 2 2 2 2 2 2 2 2 2 2 2 2 2 2 2 2 0 2 2 2 2 2 2 2 2 2 2 2 2 2 2 2 2 2 2 2 2 2 2 2 
11 11 2054612 2305403 1587720 1440283 2012616 1438474 2 2 2 2 2 2 2 2 2 2 2 2 2 2 2 2 2 2 2 2 2 2 2 2 2 2 2 0 2 2 2 2 2 2 2 2 2 2 2 2 2 2 2 2 2 2 2 2 2 2 
44 44 3151838 3069141 5083358 2234653 2725397 3807435 2 2 2 2 2 2 2 2 2 2 2 2 2 2 2 2 2 2 2 2 2 2 2 2 2 2 2 2 0 2 2 2 2 2 2 2 2 2 2 2 2 2 2 2 2 2 2 2 2 2 
38 38 1890058 1407046 6550017 1725622 1270562 5279313 2 2 2 2 2 2 2 2 2 2 2 2 2 2 2 2 2 2 2 2 2 2 2 2 2 2 2 2 2 0 2 2 2 2 2 2 2 2 2 2 2 2 2 2 2 2 2 2 2 2 
28 28 2577677 2915979 2725528 1845616 2344447 2436622 2 2 2 2 2 2 2 2 2 2 2 2 2 2 2 2 2 2 2 2 2 2 2 2 2 2 2 2 2 2 0 2 2 2 2 2 2 2 2 2 2 2 2 2 2 2 2 2 2 2 
37 37 2592848 2892767 5459810 1827957 2690273 4782793 2 2 2 2 2 2 2 2 2 2 2 2 2 2 2 2 2 2 2 2 2 2 2 2 2 2 2 2 2 2 2 0 2 2 2 2 2 2 2 2 2 2 2 2 2 2 2 2 2 2 
23 23 4944858 5498738 7857445 4653111 4365997 5845939 2 2 2 2 2 2 2 2 2 2 2 2 2 2 2 2 2 2 2 2 2 2 2 2 2 2 2 2 2 2 2 2 0 2 2 2 2 2 2 2 2 2 2 2 2 2 2 2 2 2 
24 24 4589836 5300611 7772696 4241008 4971973 7003199 2 2 2 2 2 2 2 2 2 2 2 2 2 2 2 2 2 2 2 2 2 2 2 2 2 2 2 2 2 2 2 2 2 0 2 2 2 2 2 2 2 2 2 2 2 2 2 2 2 2 
32 32 3200429 4284410 7481358 2864383 3303280 6673371 2 2 2 2 2 2 2 2 2 2 2 2 2 2 2 2 2 2 2 2 2 2 2 2 2 2 2 2 2 2 2 2 2 2 0 2 2 2 2 2 2 2 2 2 2 2 2 2 2 2 
45 45 3678443 3339267 6466318 3255422 2694788 5205385 2 2 2 2 2 2 2 2 2 2 2 2 2 2 2 2 2 2 2 2 2 2 2 2 2 2 2 2 2 2 2 2 2 2 2 0 2 2 2 2 2 2 2 2 2 2 2 2 2 2 
4 4 3327274 3726170 6572157 2455528 2783448 4633370 2 2 2 2 2 2 2 2 2 2 2 2 2 2 2 2 2 2 2 2 2 2 2 2 2 2 2 2 2 2 2 2 2 2 2 2 0 2 2 2 2 2 2 2 2 2 2 2 2 2 
15 15 1903918 2318013 4600391 1644985 1768643 3574503 2 2 2 2 2 2 2 2 2 2 2 2 2 2 2 2 2 2 2 2 2 2 2 2 2 2 2 2 2 2 2 2 2 2 2 2 2 0 2 2 2 2 2 2 2 2 2 2 2 2 
29 29 6300506 7600754 10262864 4674975 6886283 9513674 2 2 2 2 2 2 2 2 2 2 2 2 2 2 2 2 2 2 2 2 2 2 2 2 2 2 2 2 2 2 2 2 2 2 2 2 2 2 0 2 2 2 2 2 2 2 2 2 2 2 
35 35 2268637 2178102 3581767 2107563 2034347 2560963 2 2 2 2 2 2 2 2 2 2 2 2 2 2 2 2 2 2 2 2 2 2 2 2 2 2 2 2 2 2 2 2 2 2 2 2 2 2 2 0 2 2 2 2 2 2 2 2 2 2 
30 30 1763480 2450071 4712183 1319083 2111961 4358769 2 2 2 2 2 2 2 2 2 2 2 2 2 2 2 2 2 2 2 2 2 2 2 2 2 2 2 2 2 2 2 2 2 2 2 2 2 2 2 2 0 2 2 2 2 2 2 2 2 2 
33 33 3210538 3278564 5896751 2488166 2547444 4210280 2 2 2 2 2 2 2 2 2 2 2 2 2 2 2 2 2 2 2 2 2 2 2 2 2 2 2 2 2 2 2 2 2 2 2 2 2 2 2 2 2 0 2 2 2 2 2 2 2 2 
47 47 3020203 2561585 2247622 2452404 1939119 1607049 2 2 2 2 2 2 2 2 2 2 2 2 2 2 2 2 2 2 2 2 2 2 2 2 2 2 2 2 2 2 2 2 2 2 2 2 2 2 2 2 2 2 0 2 2 2 2 2 2 2 
22 22 2777432 3686835 3565038 2485801 3082194 2991066 2 2 2 2 2 2 2 2 2 2 2 2 2 2 2 2 2 2 2 2 2 2 2 2 2 2 2 2 2 2 2 2 2 2 2 2 2 2 2 2 2 2 2 0 2 2 2 2 2 2 
3 3 1456989 1511427 3116643 1161220 1178913 2184766 2 2 2 2 2 2 2 2 2 2 2 2 2 2 2 2 2 2 2 2 2 2 2 2 2 2 2 2 2 2 2 2 2 2 2 2 2 2 2 2 2 2 2 2 0 2 2 2 2 2 
46 46 3701673 4603258 13786256 2698519 3613557 13083156 2 2 2 2 2 2 2 2 2 2 2 2 2 2 2 2 2 2 2 2 2 2 2 2 2 2 2 2 2 2 2 2 2 2 2 2 2 2 2 2 2 2 2 2 2 0 2 2 2 2 
48 48 3330026 4442417 10565803 2390958 3287388 7543983 2 2 2 2 2 2 2 2 2 2 2 2 2 2 2 2 2 2 2 2 2 2 2 2 2 2 2 2 2 2 2 2 2 2 2 2 2 2 2 2 2 2 2 2 2 2 0 2 2 2 
39 39 6578597 7775116 14119786 5552335 7176432 12467771 2 2 2 2 2 2 2 2 2 2 2 2 2 2 2 2 2 2 2 2 2 2 2 2 2 2 2 2 2 2 2 2 2 2 2 2 2 2 2 2 2 2 2 2 2 2 2 0 2 2 
49 49 3364855 3438706 4977217 3092301 2888513 3882229 2 2 2 2 2 2 2 2 2 2 2 2 2 2 2 2 2 2 2 2 2 2 2 2 2 2 2 2 2 2 2 2 2 2 2 2 2 2 2 2 2 2 2 2 2 2 2 2 0 2 
43 43 2333394 3228337 6850544 2002052 2508417 5870916 2 2 2 2 2 2 2 2 2 2 2 2 2 2 2 2 2 2 2 2 2 2 2 2 2 2 2 2 2 2 2 2 2 2 2 2 2 2 2 2 2 2 2 2 2 2 2 2 2 0 
142
10 1 14 
15 2 6 14 
37 2 6 14 
1 2 6 12 
22 1 6 
4 1 6 
27 1 14 
16 2 6 14 
4 1 14 
9 2 6 14 
2 5 0 6 14 17 20 
25 1 6 
3 2 6 14 
14 0 
36 0 
1 2 6 14 
4 1 6 
0 0 
24 0 
1 4 2 11 12 14 
9 1 6 
24 0 
5 4 6 12 14 18 
8 1 14 
2 2 6 14 
7 0 
6 1 7 
17 1 6 
8 1 6 
1 1 6 
7 1 6 
3 4 6 12 14 17 
5 2 6 14 
0 2 8 14 
0 2 6 7 
2 3 2 7 12 
1 5 2 6 7 13 16 
10 2 6 12 
1 4 2 6 7 14 
2 1 14 
3 1 6 
2 0 
0 3 0 6 14 
3 3 7 14 17 
0 3 6 8 13 
2 1 14 
2 6 2 6 7 11 12 20 
2 6 6 7 11 12 13 14 
1 5 12 14 17 18 26 
0 2 12 17 
0 3 2 6 14 
1 0 
1 7 0 4 6 12 21 37 60 
0 0 
1 6 2 6 8 13 17 20 
1 4 0 8 14 18 
3 2 6 7 
2 4 6 7 11 14 
0 1 12 
7 3 2 6 14 
0 3 6 7 12 
1 8 2 4 6 12 14 21 32 39 
0 3 0 14 73 
1 6 0 6 11 21 32 37 
0 7 6 7 13 14 18 20 28 
1 1 18 
2 2 2 6 
0 5 7 11 12 14 18 
3 2 0 13 
0 5 1 12 13 14 21 
0 3 14 18 23 
1 6 2 6 11 16 18 28 
0 3 5 8 76 
4 2 6 14 
1 6 0 2 6 11 17 37 
1 4 1 4 14 59 
0 2 8 14 
0 3 0 13 14 
2 4 0 6 11 21 
0 6 0 12 13 14 17 20 
1 5 0 2 6 8 14 
1 4 2 4 17 59 
1 8 0 10 11 12 14 18 20 37 
1 2 6 14 
0 6 0 7 8 12 32 41 
0 6 2 7 12 14 16 17 
1 4 0 12 21 45 
0 1 12 
0 7 0 9 14 18 21 32 73 
1 2 2 13 
0 2 2 12 
0 4 0 14 21 29 
1 2 6 14 
0 4 6 13 14 21 
1 8 2 6 8 12 13 14 18 27 
0 6 2 7 9 11 12 18 
0 5 6 9 14 17 18 
0 7 0 2 6 9 12 17 18 
2 2 2 8 
0 3 6 12 18 
0 0 
0 0 
0 0 
0 0 
0 0 
0 0 
0 0 
0 0 
0 0 
0 0 
0 0 
0 0 
0 0 
0 0 
0 0 
0 0 
0 0 
0 0 
0 0 
0 0 
0 0 
0 0 
0 0 
0 0 
0 0 
0 0 
0 0 
0 0 
0 0 
0 0 
0 0 
0 0 
0 0 
0 0 
0 0 
0 0 
0 0 
0 0 
0 0 
0 0 
0 0 
0 0 
1000
21 387591 676115 2109406 1 
8 35574 21914 48459 1 
17 6429 4024 17106 1 
59 26208 15870 56732 1 
8 6207 3893 47798 1 
17 445432 757086 949382 1 
2 171832 137485 49123 1 
30 5133 9876 4656 1 
27 432634 321637 1415252 1 
81 3738 1896 2877 1 
11 477325 297367 2375263 1 
4 421150 835413 82703 1 
18 520733 693419 3128983 1 
20 2031 2921 11233 1 
12 93834 52762 274566 1 
13 20352 11061 12532 1 
36 1011 1104 140 1 
100 1413 1592 563 1 
101 1458 783 7986 1 
8 41310 32662 82182 1 
6 5001 5409 2845 1 
8 245051 426219 235501 1 
15 110239 85591 36861 1 
0 751804 635527 2496380 1 
18 500420 271956 67344 1 
22 4308 6447 22623 1 
13 8706 10692 2226 1 
7 34722 37082 31001 1 
53 2868 2597 9206 1 
5 32904 43569 249074 1 
9 149593 182937 54169 1 
61 1323 1545 362 1 
14 296735 163871 548905 1 
21 8142 5550 8973 1 
20 5016 9648 2361 1 
0 826331 999955 2774884 1 
9 22443 11531 87186 1 
65 5133 7897 8388 1 
91 942 1360 221 1 
92 18891 15476 111536 1 
17 6705 10714 40774 1 
59 13035 7568 2597 1 
31 972 567 522 1 
7 124507 91293 704122 1 
97 2601 2691 521 1 
22 14958 11001 93462 1 
32 2715 3622 772 1 
18 385941 449108 82359 1 
8 57147 61707 236967 1 
14 329544 413481 48843 1 
23 9999 15611 46107 1 
14 71802 99957 14054 1 
37 1509 969 7151 1 
25 2322 1443 1618 1 
6 69399 57375 385235 1 
17 516665 510696 140024 1 
8 187141 297483 1043184 1 
27 6942 6515 11408 1 
16 248615 269952 1150409 1 
102 5805 10169 4946 1 
6 7707 5019 7469 1 
34 6186 7600 10502 1 
1 16386 21476 6788 1 
7 127846 152831 107858 1 
0 566765 391757 544163 1 
0 756433 1171146 4115716 1 
70 7326 8855 2845 1 
17 20547 22614 90654 1 
12 10935 14475 7906 1 
37 9171 14046 33155 1 
5 9759 7997 20733 1 
6 11124 8877 13571 1 
21 149698 104255 71520 1 
7 414871 232267 84755 1 
103 3618 4564 1512 1 
24 8352 12593 12996 1 
95 1410 1451 264 1 
41 4746 6807 1285 1 
24 38421 73379 256625 1 
87 5958 4663 49499 1 
12 72108 91430 69198 1 
11 510071 804288 1519108 1 
41 3363 1978 12126 1 
14 132154 141342 25723 1 
12 8214 5050 4301 1 
14 88875 85189 18462 1 
96 5757 3934 1692 1 
6 2466 1453 17763 1 
6 12954 18807 28856 1 
7 479200 352076 588910 1 
13 68517 44397 45935 1 
14 203882 173838 424351 1 
21 247775 146212 54447 1 
11 574703 1106836 250607 1 
13 95124 93585 125461 1 
14 9003 17449 20911 1 
0 663099 522418 246976 1 
16 238958 456425 41019 1 
74 981 532 3090 1 
20 19065 15816 65978 1 
2 135175 133505 789656 1 
21 26739 49243 12940 1 
13 50718 87165 342673 1 
28 1806 1966 8414 1 
67 6408 5480 1590 1 
21 1113 851 365 1 
0 553682 430782 2545472 1 
22 15333 21671 4195 1 
17 22614 22521 6724 1 
23 4224 6745 7794 1 
1 158593 120308 516466 1 
30 80232 100485 125837 1 
5 3846 2475 22335 1 
2 74097 93528 107495 1 
2 66234 112034 39986 1 
12 68109 99363 211526 1 
39 5142 9826 1883 1 
6 22017 17733 8768 1 
1 157906 282893 169170 1 
41 1743 2412 6146 1 
34 9981 12893 3664 1 
7 341880 570403 2054309 1 
11 261839 264295 46780 1 
15 27798 40523 66205 1 
35 1536 1337 833 1 
25 3675 4502 1755 1 
16 778375 761019 6560121 1 
6 50427 36842 45997 1 
6 29169 23023 23498 1 
13 52002 35068 9177 1 
66 1935 1618 1411 1 
1 187159 196245 54795 1 
12 48498 24912 327891 1 
92 4539 4451 5202 1 
62 975 1759 1037 1 
9 69738 81515 9533 1 
18 96444 57659 411993 1 
18 116152 147127 449045 1 
39 1665 1612 10199 1 
14 199681 121070 88493 1 
104 5262 10207 1741 1 
9 90426 154833 128659 1 
84 4659 2810 15807 1 
13 6471 10284 39721 1 
57 1776 1347 2170 1 
10 4338 7541 7751 1 
3 480775 324609 144964 1 
2 107506 101250 31709 1 
6 46875 52406 28352 1 
1 116440 173805 831343 1 
32 1653 1439 239 1 
18 437500 478495 1923046 1 
21 18441 21772 12184 1 
98 6516 5620 17316 1 
0 874403 646456 2344299 1 
13 25746 36283 185082 1 
9 77739 53461 317704 1 
49 3816 2664 24880 1 
5 24162 38092 23697 1 
7 258107 448355 381586 1 
40 21357 40058 11033 1 
4 834905 1387679 2776179 1 
2 218309 278918 60995 1 
9 189844 367932 433239 1 
64 4326 3720 3678 1 
6 16995 13705 10990 1 
39 5562 2952 19401 1 
78 1077 681 3768 1 
39 3330 4502 2869 1 
1 81585 82264 17074 1 
14 7218 4519 3274 1 
1 134413 188871 196371 1 
18 373887 198525 1826441 1 
0 670812 1080301 2134533 1 
11 390450 257464 214751 1 
2 17481 9846 13610 1 
17 174718 263069 25700 1 
8 109480 56073 192490 1 
6 54201 46253 127775 1 
27 1545 1904 438 1 
17 335226 565967 227574 1 
32 9999 9923 13817 1 
34 577628 799446 364032 1 
7 678126 943098 151058 1 
105 1272 908 8428 1 
29 4353 5463 2619 1 
6 85812 123518 12528 1 
7 137470 73929 802578 1 
18 46548 87706 6583 1 
12 101872 63547 19118 1 
59 2469 2013 7492 1 
67 1437 808 370 1 
18 21426 23122 5283 1 
13 208289 151118 437724 1 
17 20562 14834 71532 1 
106 2553 1281 2513 1 
64 1830 1156 5737 1 
21 742459 1305869 5019690 1 
17 20502 18664 4157 1 
42 1287 2061 6181 1 
11 359079 668135 797831 1 
20 4008 3855 1461 1 
7 229700 161874 263792 1 
30 14226 12919 81870 1 
20 15903 15769 9635 1 
23 21933 12792 3629 1 
14 16392 12300 41269 1 
16 415810 338096 1058384 1 
14 491344 953114 115994 1 
2 179380 287441 51821 1 
30 1407 817 9021 1 
25 4590 4962 963 1 
107 7971 4687 1300 1 
108 3342 5675 4697 1 
30 58104 38727 161842 1 
32 25659 38875 17432 1 
73 2538 4496 18592 1 
99 1275 1139 263 1 
37 7659 12082 1297 1 
8 19767 19701 46899 1 
19 954 1125 5773 1 
6 17337 17523 15915 1 
5 13914 13031 42797 1 
2 155416 151785 946015 1 
24 4308 8545 667 1 
52 6915 8102 1261 1 
69 2052 2231 10200 1 
39 20217 11550 21011 1 
7 415573 610844 450682 1 
1 211178 406756 836587 1 
28 3018 4912 2870 1 
16 868658 870010 193755 1 
11 772828 1155408 378632 1 
9 81975 109869 118869 1 
38 1521 1544 1109 1 
15 1740 1116 2392 1 
17 49077 54039 32761 1 
28 1317 1039 3881 1 
21 382065 271138 1309842 1 
29 11550 9707 36474 1 
4 656205 440669 284672 1 
109 6390 10234 2845 1 
79 4095 2454 1651 1 
19 909 882 142 1 
54 7485 12353 3274 1 
50 1365 1700 1924 1 
14 428605 550089 146373 1 
9 98493 82515 210652 1 
7 164770 300096 106377 1 
59 6294 5317 1307 1 
12 34368 18614 76138 1 
15 2646 1431 4500 1 
8 48897 47061 268412 1 
110 3288 2455 2831 1 
63 963 1756 2011 1 
5 19977 12738 6663 1 
111 1011 1205 4221 1 
32 4866 3039 8355 1 
78 1038 672 4110 1 
12 29775 28663 26008 1 
26 1791 1643 11270 1 
26 8379 5103 31719 1 
27 9306 6244 41189 1 
66 2211 3325 596 1 
9 132178 204168 26741 1 
90 11988 20366 3932 1 
17 257471 414416 336512 1 
18 133813 110148 545995 1 
12 14316 10930 3903 1 
88 1626 1757 4325 1 
17 86127 44276 488560 1 
27 1962 2256 1624 1 
16 425452 750719 3624169 1 
18 385740 252042 575061 1 
80 1182 1899 299 1 
34 909 712 847 1 
30 1656 1584 426 1 
14 87240 172639 512517 1 
0 742240 635350 3317178 1 
6 45831 42793 132563 1 
28 1638 965 623 1 
16 260531 181584 145839 1 
45 4305 3367 701 1 
15 50874 45082 21040 1 
92 8097 13466 62562 1 
112 1032 909 5904 1 
40 10776 6858 17447 1 
6 8643 15235 23219 1 
9 204209 128290 1515457 1 
16 511103 331766 80865 1 
113 954 1265 413 1 
30 19143 9832 18772 1 
39 37623 47264 103828 1 
14 318162 498899 74215 1 
4 319560 217147 86915 1 
14 125968 200664 42443 1 
6 1866 2281 9777 1 
12 49179 42300 11299 1 
4 224018 129120 48299 1 
6 22440 33276 94166 1 
12 97782 154146 363985 1 
114 906 1236 3838 1 
9 32454 24878 15030 1 
37 6066 10122 33565 1 
11 238547 141991 33130 1 
15 18837 18297 15875 1 
7 360285 327233 526843 1 
18 661875 885445 1393209 1 
5 5358 3079 5001 1 
13 16971 12046 46075 1 
17 553214 770693 94751 1 
5 16431 13842 82572 1 
0 549863 464293 2178896 1 
45 2439 1805 485 1 
7 537491 770162 3024274 1 
28 2514 1614 2165 1 
35 5805 5539 1309 1 
27 14910 9029 78058 1 
56 10821 18401 34914 1 
51 1308 715 5311 1 
7 325488 356147 1426821 1 
15 3978 4301 3113 1 
83 15408 21884 24961 1 
14 47595 85658 15507 1 
115 963 726 1953 1 
9 18129 26773 11759 1 
5 29745 29201 52596 1 
13 13938 27513 3422 1 
8 32499 55732 49535 1 
22 1836 3459 380 1 
116 2646 1489 14719 1 
7 242447 205919 399093 1 
31 2673 1616 1157 1 
13 104233 150466 33140 1 
0 552227 891513 136775 1 
12 6510 10906 7573 1 
16 54219 101309 113620 1 
7 481933 906657 3214470 1 
37 6216 4849 32521 1 
3 113434 211494 292507 1 
4 605283 412854 170593 1 
47 7731 4025 6866 1 
60 2535 2087 1097 1 
117 1029 659 7313 1 
2 150082 168743 293029 1 
17 10299 8265 13825 1 
4 508214 630467 78379 1 
14 134704 156209 63476 1 
15 1239 2076 4254 1 
35 1335 1408 2343 1 
77 76506 125659 12269 1 
118 1224 1439 4877 1 
8 6354 3871 7464 1 
18 301368 198521 57593 1 
6 26004 15028 5969 1 
27 5835 10573 10516 1 
21 668343 607551 186052 1 
17 11799 10988 7925 1 
12 6606 7401 23644 1 
46 1773 2158 1951 1 
23 1563 966 338 1 
55 2691 1619 14775 1 
18 122182 207484 199709 1 
30 1779 1518 260 1 
32 14235 20473 6399 1 
6 35748 21277 9030 1 
6 45096 78541 17355 1 
73 4014 4063 21075 1 
55 1302 2501 2039 1 
16 298622 359480 619466 1 
65 2262 4516 1118 1 
119 1053 546 192 1 
73 27414 35147 5648 1 
21 17694 18436 47506 1 
69 3690 5134 665 1 
17 97578 153266 107228 1 
9 14736 8292 10031 1 
46 2523 2863 2079 1 
21 64524 124160 25549 1 
11 265457 134392 48456 1 
2 257891 165171 116244 1 
16 192076 170484 560910 1 
14 141145 246229 216010 1 
0 499498 323601 3655880 1 
2 55068 46019 174635 1 
11 266912 454683 568669 1 
0 858629 720183 147761 1 
28 30126 58130 4557 1 
6 18342 25194 3060 1 
9 54537 57399 10028 1 
14 238868 229912 1114621 1 
23 56952 46748 382773 1 
12 73548 129491 320060 1 
0 447985 339194 250793 1 
34 1407 838 380 1 
16 227192 144708 94839 1 
12 11586 9599 4019 1 
6 33858 27179 7992 1 
8 20853 18720 4577 1 
31 1893 953 446 1 
17 543125 1066736 1154104 1 
61 1644 1675 3197 1 
71 1512 1031 2889 1 
45 7887 6313 50947 1 
16 659538 486616 139652 1 
32 10503 12853 4059 1 
9 156709 84539 24081 1 
11 204176 303005 368949 1 
10 9954 6812 6380 1 
7 78426 51801 387875 1 
7 35223 69902 37026 1 
12 35949 20725 17225 1 
0 518807 418843 422613 1 
42 7626 14480 19853 1 
7 166420 109825 38197 1 
51 3789 7302 2751 1 
99 1674 1028 824 1 
97 1305 744 10005 1 
83 2871 3093 3218 1 
21 5403 3036 30266 1 
16 608361 1048736 2204681 1 
77 1122 791 1377 1 
14 19638 33706 11032 1 
68 2265 4087 3434 1 
31 6378 6167 1705 1 
24 3120 5241 605 1 
11 149518 289978 214883 1 
120 1173 1304 1998 1 
13 14127 15134 26066 1 
17 155332 169612 1267377 1 
13 21987 31887 4345 1 
4 596603 1002517 3296317 1 
4 801695 495591 2119329 1 
4 66252 46709 289527 1 
4 661044 1021118 3025527 1 
90 1413 1893 7263 1 
18 707599 554786 2671400 1 
20 33750 31570 103611 1 
26 47868 24170 6647 1 
18 47181 45013 42478 1 
72 2370 3418 790 1 
24 1365 1158 1557 1 
11 444199 341971 328603 1 
94 1644 2399 1164 1 
7 112819 82635 165080 1 
2 228104 123303 1079047 1 
7 503876 303682 2092637 1 
14 21594 18959 4446 1 
25 19959 21387 5277 1 
21 62640 67268 9690 1 
15 213971 178973 45922 1 
7 131722 87230 149338 1 
8 99873 73067 36216 1 
53 2505 1935 4937 1 
30 2925 3442 7512 1 
12 112465 77886 38042 1 
71 1359 752 823 1 
17 145042 151202 29860 1 
121 1020 548 162 1 
0 768985 502380 2332642 1 
4 676119 1178343 196378 1 
6 3309 4295 8817 1 
2 174700 101103 882375 1 
12 1746 903 374 1 
40 6654 5233 3548 1 
13 78030 75555 548180 1 
17 107593 162910 67078 1 
0 454303 869586 828474 1 
49 6666 13168 3349 1 
122 1023 1519 2875 1 
123 924 1308 1206 1 
6 6957 6983 1171 1 
21 15021 28838 4436 1 
13 78528 88731 227244 1 
50 2625 2532 414 1 
4 491923 680352 1379519 1 
12 43248 61974 14057 1 
32 3558 3133 929 1 
27 9945 11761 26374 1 
20 13956 9832 39511 1 
14 179899 135612 1416293 1 
16 232481 221771 31107 1 
13 14622 10998 10087 1 
22 39183 55051 69146 1 
19 1269 2386 7071 1 
20 1119 1443 1895 1 
13 8346 13026 8310 1 
29 694281 351171 254212 1 
7 56088 59911 133073 1 
59 1401 2731 706 1 
24 8913 9232 6533 1 
124 951 966 864 1 
26 1608 841 3123 1 
6 9330 12736 9890 1 
78 4971 6977 9153 1 
35 1491 2484 1102 1 
7 21003 28756 27551 1 
3 484858 694062 3263027 1 
11 406468 470403 75469 1 
80 1620 1607 2821 1 
14 11286 20613 4794 1 
21 93435 49124 24453 1 
50 1359 868 1223 1 
18 140380 129943 62727 1 
125 3219 3493 563 1 
25 386340 252683 702550 1 
43 11148 16603 3470 1 
7 141598 257383 876595 1 
84 1032 952 3066 1 
27 3051 4590 1384 1 
0 595238 314963 1415953 1 
13 43029 33496 101526 1 
89 3012 1624 1460 1 
12 39936 43719 35835 1 
18 232994 137705 397078 1 
17 382251 402402 70112 1 
8 39954 34000 116712 1 
7 361620 312840 91721 1 
25 11394 21489 5049 1 
47 5949 10189 10479 1 
6 9579 8475 70585 1 
11 507674 784482 1226825 1 
17 228449 321797 52804 1 
4 452770 309170 740732 1 
86 21486 14269 18620 1 
37 11280 20082 25680 1 
29 128311 158162 519076 1 
23 7251 6007 9319 1 
59 1932 1464 947 1 
4 867614 1187903 1830905 1 
8 14856 12377 81879 1 
13 2379 2900 11191 1 
99 1998 2576 16186 1 
30 3441 6653 1612 1 
14 52746 45672 43732 1 
82 2568 2450 6822 1 
2 166741 179638 401888 1 
45 2718 3725 2260 1 
17 95877 63028 26150 1 
2 161188 163313 102870 1 
5 15225 27666 2813 1 
14 313440 543672 250975 1 
0 817049 859695 4424170 1 
68 5529 2816 1219 1 
56 1953 2218 6356 1 
14 61749 42439 20797 1 
1 371592 547993 246376 1 
13 95121 182973 137371 1 
2 298481 364884 1581175 1 
92 17700 11592 135450 1 
126 25455 47312 13916 1 
59 1848 3561 4963 1 
9 25176 14440 163179 1 
0 640986 400761 329406 1 
127 1383 1307 1009 1 
5 9174 18154 43230 1 
0 555539 477672 139984 1 
20 13377 17743 2624 1 
21 79173 51907 107246 1 
1 171661 195298 79126 1 
0 854021 677140 126303 1 
17 26655 47191 66055 1 
28 3249 4906 22588 1 
20 34938 22075 8243 1 
12 35400 40831 4979 1 
2 230381 331402 97041 1 
4 768427 462249 1752710 1 
30 14631 11785 12150 1 
128 1914 3012 5869 1 
2 597170 565019 1083567 1 
37 36945 45665 22039 1 
12 15315 23208 3836 1 
49 1275 1507 481 1 
12 32463 50872 13559 1 
14 2436 3663 10827 1 
6 14673 14720 26471 1 
14 454183 842490 280520 1 
18 96843 74621 453155 1 
5 1443 1282 4793 1 
22 62523 116682 430590 1 
20 7749 4718 17364 1 
56 1446 1931 5513 1 
8 59238 88323 167060 1 
8 17283 27207 2644 1 
129 1881 1528 4762 1 
0 874490 632422 4024933 1 
4 518612 364141 2670045 1 
6 59952 72505 134108 1 
69 951 1375 145 1 
27 8226 4930 2066 1 
130 1284 896 427 1 
14 165673 168793 23274 1 
6 24084 31885 10527 1 
6 16872 14035 5304 1 
37 3702 3277 2548 1 
6 4944 3969 1251 1 
6 150724 171669 161505 1 
17 226151 189354 107664 1 
25 1044 682 3032 1 
27 966 538 1511 1 
8 15474 26352 6898 1 
11 762994 872379 3755426 1 
53 15294 18881 10140 1 
9 18513 17858 3872 1 
4 819494 538961 1167807 1 
16 788653 759415 4871766 1 
51 2514 3029 393 1 
5 3969 5553 2400 1 
26 37221 24114 99935 1 
6 11802 19431 3754 1 
58 12168 8658 19252 1 
1 315567 462466 365690 1 
51 3615 2248 862 1 
87 8922 8626 11466 1 
0 636594 1187439 348540 1 
14 214226 119727 55708 1 
0 665694 667485 4293312 1 
43 1656 1095 13851 1 
6 20655 29806 86883 1 
52 1119 1070 2413 1 
18 446743 339092 413989 1 
10 32055 48528 25031 1 
28 4437 8258 6173 1 
12 11064 6228 38317 1 
8 12582 8811 28040 1 
26 4476 5788 2435 1 
18 189994 195320 478456 1 
1 354378 290700 609190 1 
6 20619 15747 86006 1 
96 1134 2025 3429 1 
131 16044 20069 43779 1 
27 11703 6223 12925 1 
13 125338 77866 1069132 1 
86 3606 2331 1195 1 
37 1593 1444 350 1 
8 150586 210070 21355 1 
48 2802 2408 9529 1 
28 3144 3167 23503 1 
18 584972 568274 170328 1 
17 81906 89659 67900 1 
1 64755 100535 45673 1 
17 101206 54697 164932 1 
11 761785 401650 165658 1 
0 182464 143025 52450 1 
16 204116 155372 68361 1 
12 86685 154981 15454 1 
39 1884 1214 265 1 
12 17256 13078 119146 1 
4 588197 411460 1678159 1 
74 1047 524 3819 1 
7 103198 96755 264715 1 
23 14835 27712 6676 1 
8 10206 16888 10891 1 
13 59322 72080 165736 1 
47 1707 1073 952 1 
18 343635 221021 280129 1 
17 13023 10429 6237 1 
20 28368 18140 42099 1 
0 501965 729565 380400 1 
13 68538 59648 51679 1 
51 2838 1687 16511 1 
7 373260 726327 216588 1 
72 3714 3626 6155 1 
0 744013 982862 2975605 1 
25 6420 7319 1124 1 
11 668595 1151349 562368 1 
48 10392 19059 36167 1 
42 29145 54147 56703 1 
12 4905 3370 25600 1 
6 44187 38063 32779 1 
2 182632 96571 711569 1 
3 275939 309717 168486 1 
13 204443 224528 423378 1 
12 16938 15797 8940 1 
96 1290 678 645 1 
47 10752 14513 4585 1 
13 63165 67436 12907 1 
21 540443 332355 3064666 1 
93 2166 3797 716 1 
26 4707 8541 28234 1 
21 141049 100828 57583 1 
14 28146 49104 176692 1 
8 19191 22135 8775 1 
20 6048 4680 1553 1 
8 109756 68446 60477 1 
41 17826 9534 4489 1 
39 51465 71283 106300 1 
14 238247 303022 37280 1 
14 31614 20480 164196 1 
17 26874 18974 96084 1 
25 6135 9388 1197 1 
2 153172 209952 38255 1 
9 54090 93311 7218 1 
7 134416 126659 21549 1 
0 383646 304158 80838 1 
8 17859 20904 7202 1 
12 25986 24320 7138 1 
6 50322 33699 278362 1 
7 673476 400540 3541763 1 
37 4701 5530 1258 1 
73 6741 5744 41262 1 
32 6312 8568 2047 1 
132 7632 10746 6640 1 
133 2322 3593 10234 1 
2 45576 25962 31654 1 
43 1344 1270 299 1 
98 3438 5599 3246 1 
7 458059 830466 3349685 1 
29 5601 10040 1520 1 
2 158053 251537 767156 1 
12 17205 9460 58379 1 
6 32319 52159 10119 1 
89 5727 4685 31671 1 
21 15132 11878 19772 1 
21 13365 9252 3836 1 
18 179632 198007 57476 1 
3 408775 341139 119895 1 
95 3420 3549 762 1 
14 147394 208011 263227 1 
11 515105 850887 110307 1 
4 455509 704348 492829 1 
21 425782 498259 97798 1 
6 79470 96357 363524 1 
58 1074 1518 2601 1 
11 65253 64274 78271 1 
13 79140 71364 21586 1 
14 45774 31365 83661 1 
45 40998 54376 55424 1 
12 41838 66894 59176 1 
12 1050 611 412 1 
98 8130 7944 8723 1 
73 2049 1258 2310 1 
6 29202 18693 13853 1 
1 126442 116768 17726 1 
12 44763 49996 41019 1 
1 65412 90026 39744 1 
57 1320 1618 2027 1 
14 25698 46914 142796 1 
6 93228 55141 662703 1 
32 1188 743 2449 1 
66 31323 38051 32703 1 
93 8196 11646 42177 1 
17 15966 13574 41310 1 
2 72207 41754 357965 1 
13 120604 79611 21463 1 
29 21645 15479 78248 1 
32 15408 30321 113053 1 
0 899255 491764 429061 1 
68 2193 3257 1276 1 
20 19056 15144 2586 1 
21 7092 4139 16323 1 
0 675447 793404 959400 1 
23 12927 7364 2192 1 
21 3765 2096 2147 1 
14 71304 47351 199091 1 
14 141112 229859 145210 1 
2 281948 306689 526391 1 
4 182662 222898 364241 1 
43 23841 14386 181340 1 
6 26151 27085 4197 1 
14 26163 28170 4538 1 
14 89262 57312 73094 1 
50 1539 1994 653 1 
51 1560 1128 13106 1 
24 16140 25383 124574 1 
62 1254 2264 389 1 
18 163069 183611 449707 1 
6 121498 111854 127854 1 
18 610860 944460 247872 1 
6 70764 52882 182371 1 
76 2646 1631 10610 1 
0 713014 843949 781767 1 
14 32139 16574 5072 1 
7 193636 238961 82560 1 
17 14430 16921 109617 1 
134 2853 4793 2097 1 
14 244073 447119 972621 1 
135 16737 19345 60526 1 
12 16419 23603 56895 1 
20 3657 2542 27763 1 
2 161650 196851 64344 1 
136 6033 4601 2505 1 
37 5007 2681 2579 1 
46 18360 24878 21180 1 
66 8793 5486 28327 1 
11 699009 1090062 5060777 1 
1 283595 212013 585332 1 
18 675453 565795 424512 1 
7 25725 36024 26773 1 
16 357657 454312 321657 1 
5 15486 8539 45787 1 
88 6411 8001 2523 1 
2 100996 60396 117593 1 
7 239612 320239 53187 1 
6 9981 6176 1989 1 
5 1185 611 357 1 
91 28323 32164 27219 1 
17 418864 390944 532222 1 
9 51558 54458 9043 1 
8 116386 79984 50819 1 
2 82146 162213 70850 1 
16 589787 774138 638204 1 
2 27096 53277 3634 1 
3 205712 115346 232537 1 
7 179347 304587 336307 1 
57 4299 4356 14550 1 
18 704686 377392 870206 1 
21 296831 195554 48877 1 
13 71925 63551 15448 1 
12 12399 6725 10399 1 
33 1902 2238 1899 1 
32 9504 9626 28097 1 
66 954 1677 3016 1 
7 161116 93267 57570 1 
8 180781 97479 24915 1 
17 340506 189927 66566 1 
9 26784 17059 23940 1 
17 381093 607435 2145081 1 
40 1116 635 4393 1 
44 6894 4374 6183 1 
137 2973 2028 11478 1 
18 675969 836705 4981235 1 
68 4563 8983 2936 1 
17 110470 61530 17652 1 
6 33321 19233 4672 1 
26 1335 1127 4707 1 
39 4665 2790 7529 1 
12 9213 16461 39068 1 
14 51456 63403 291810 1 
85 1551 1023 306 1 
27 57792 59345 205734 1 
5 51138 57898 47665 1 
17 189988 260993 29961 1 
11 458053 568323 75327 1 
20 9060 5765 56181 1 
8 89040 164429 30954 1 
138 927 1580 710 1 
7 116089 104694 92199 1 
32 48408 36726 368422 1 
14 32856 34554 33372 1 
54 10536 8058 17179 1 
11 263444 413267 796149 1 
9 112588 58718 324631 1 
6 46764 34170 83547 1 
0 765922 1448621 217538 1 
12 22002 13845 11691 1 
14 69519 63310 422825 1 
21 256142 501558 510154 1 
27 2271 1152 355 1 
11 375708 300956 838870 1 
73 9321 16796 3348 1 
45 4416 4652 26941 1 
29 2916 2400 595 1 
23 74874 66123 594505 1 
21 8829 8929 8820 1 
13 44925 46222 31306 1 
56 8844 10805 7563 1 
11 546488 827594 978734 1 
21 6192 8974 8308 1 
33 1233 1099 1087 1 
7 259070 490389 1615284 1 
26 3321 6494 969 1 
37 2898 2381 7753 1 
4 853211 594437 114266 1 
12 10086 9359 4558 1 
0 658056 364318 677236 1 
12 6114 8075 16245 1 
85 1089 815 795 1 
14 19335 10754 49766 1 
6 26595 16949 12109 1 
37 2652 2075 3141 1 
11 340305 345001 664297 1 
5 20226 13151 77990 1 
38 1572 980 783 1 
14 166465 149365 1277698 1 
14 83148 107576 68649 1 
20 9918 7740 2364 1 
76 2346 1270 1401 1 
139 23568 20484 11639 1 
27 13782 12730 90269 1 
1 41085 26925 285807 1 
75 1464 2268 502 1 
82 1065 1029 3906 1 
18 97173 79766 16321 1 
14 57159 59816 65552 1 
20 17121 14484 101452 1 
0 841640 473917 243489 1 
4 551333 795162 269508 1 
76 2016 1975 900 1 
3 225461 163382 168538 1 
23 181414 91573 372332 1 
4 521132 621037 474096 1 
39 6978 5822 22444 1 
9 276506 292715 1324673 1 
8 132253 258731 24501 1 
7 79290 39793 15638 1 
37 13065 12334 11360 1 
60 5532 4790 14903 1 
65 9588 15224 80705 1 
12 67308 70372 14639 1 
23 424849 605542 204375 1 
6 1329 1409 3579 1 
51 19539 17577 16831 1 
45 2472 4768 2201 1 
27 380550 318000 208728 1 
39 5682 3698 4146 1 
12 4938 8261 11645 1 
21 38736 24841 6391 1 
27 27993 26452 6451 1 
8 53133 43792 19504 1 
2 321468 362609 50367 1 
12 12789 14362 6119 1 
12 155248 87956 456860 1 
20 56460 46091 358100 1 
27 96297 72604 557197 1 
13 44115 56592 193871 1 
7 267530 148420 970371 1 
13 5106 3498 1160 1 
37 4962 2743 5991 1 
2 84165 56126 587698 1 
9 121666 68497 125191 1 
140 1257 2239 3560 1 
9 214544 127980 71067 1 
13 60069 109757 74820 1 
4 378213 379801 595941 1 
28 975 645 3195 1 
18 51921 45407 183466 1 
28 42792 28892 39842 1 
81 1197 1573 3904 1 
3 150895 151239 437280 1 
7 188224 373076 423906 1 
2 207386 108409 355083 1 
32 1113 1534 250 1 
14 53178 59413 383543 1 
36 3804 2084 3215 1 
44 2502 3323 415 1 
23 1659 1072 1967 1 
32 26364 40973 57025 1 
53 1650 2657 699 1 
2 122554 141989 567512 1 
11 441241 229686 79987 1 
11 354870 263151 71407 1 
30 1836 936 5169 1 
17 599864 472444 3669126 1 
7 272630 300108 43629 1 
13 17823 9640 2542 1 
21 26769 42680 20853 1 
26 6510 6826 13716 1 
56 19644 10917 45874 1 
2 298289 277083 145770 1 
20 6129 3392 7818 1 
23 3354 2746 659 1 
2 199954 223135 59265 1 
70 1494 767 589 1 
59 1671 1729 3420 1 
28 16818 10210 4706 1 
94 2901 4450 6555 1 
20 4254 3466 18649 1 
15 2220 1635 952 1 
39 939 1581 1675 1 
4 756886 389893 229002 1 
21 570800 788932 1363032 1 
9 342891 202542 1753556 1 
2 357498 595662 2601997 1 
49 4137 5796 8692 1 
79 939 672 7945 1 
22 19029 32564 17010 1 
12 97980 161007 58916 1 
59 1455 2463 351 1 
11 142036 75536 291948 1 
20 9876 9128 1482 1 
18 81804 44298 311230 1 
13 3894 6251 1087 1 
12 55953 58308 13851 1 
20 4311 6506 792 1 
92 2010 1195 6385 1 
21 21369 36687 10039 1 
12 13392 12890 19407 1 
18 497716 601545 376314 1 
141 16029 15061 9248 1 
18 414946 214780 1232985 1 
9 168922 202966 650862 1 
17 17526 20392 9492 1 
5 14538 10677 52115 1 
75 7260 5641 3875 1 
2 19080 38033 2958 1 
1 187387 276700 48593 1 
21 335433 484170 505735 1 
3 416500 268042 181294 1 
5 25887 23204 52433 1 
17 23610 42506 23679 1 
27 17343 13157 4107 1 
41 49845 87500 271430 1 
9 143413 103641 130755 1 
5 35358 24733 35307 1 
1 98472 111568 591198 1 
63 1854 1788 3242 1 
28 12729 14913 23660 1 
2 363774 369382 55514 1 
13 20106 10202 7653 1 
1
0 1 2
10
1 10 100
