2
0 10
0 10
4
0 2 4419212 4321679 3729814 3677748 0 1 1 1 
0 3 2887359 3105813 2717004 2323148 1 0 1 1 
0 1 3212243 4633050 2277480 3836165 1 1 0 1 
0 0 3972793 5353724 3591404 4320455 1 1 1 0 
79
3 0 
0 0 
0 0 
1 0 
1 0 
1 0 
1 0 
0 0 
0 0 
1 0 
0 0 
0 0 
0 0 
0 0 
0 0 
0 0 
0 0 
0 0 
0 0 
0 0 
0 0 
0 0 
0 0 
0 0 
0 0 
0 0 
0 0 
0 0 
0 0 
0 0 
0 0 
0 0 
0 0 
0 0 
0 0 
0 0 
0 0 
0 0 
0 0 
0 0 
0 0 
0 0 
0 0 
0 0 
0 0 
0 0 
0 0 
0 0 
0 0 
0 0 
0 0 
0 0 
0 0 
0 0 
0 0 
0 0 
0 0 
0 0 
0 0 
0 0 
0 0 
0 0 
0 0 
0 0 
0 0 
0 0 
0 0 
0 0 
0 0 
0 0 
0 0 
0 0 
0 0 
0 0 
0 0 
0 0 
0 0 
0 0 
0 0 
100
10 1719 1418 1 
11 425647 435001 1 
12 1185 726 1 
13 3492 3749 1 
7 218216 388525 1 
7 236339 223852 1 
14 89538 165663 1 
15 8778 10217 1 
4 92532 120563 1 
16 3036 3161 1 
3 59430 45038 1 
17 25158 29804 1 
18 10782 8095 1 
19 16986 18263 1 
20 4212 3959 1 
21 927 1072 1 
22 2667 3159 1 
23 71931 84956 1 
24 12027 10706 1 
25 1218 1369 1 
26 18570 14784 1 
8 48873 44496 1 
27 2604 1960 1 
4 59259 108142 1 
28 61635 52818 1 
29 150604 290213 1 
30 699909 409518 1 
31 2841 1699 1 
32 423229 306350 1 
33 131383 233140 1 
2 225899 443730 1 
8 35589 55969 1 
34 1203 1389 1 
35 50304 89729 1 
36 195949 388502 1 
37 205574 300497 1 
38 415108 590188 1 
39 14403 14558 1 
6 107722 156570 1 
3 102880 85226 1 
40 28152 24850 1 
41 130066 78360 1 
9 4311 3917 1 
9 8037 7995 1 
42 27594 35584 1 
43 5040 6499 1 
44 1602 839 1 
2 369330 579265 1 
5 2088 3006 1 
1 2994 2369 1 
45 2175 2530 1 
46 1236 953 1 
1 63393 48521 1 
47 6522 8643 1 
1 10839 8539 1 
48 2493 1362 1 
49 1368 1479 1 
0 745972 749817 1 
50 596195 1066385 1 
51 79380 92577 1 
52 4503 3577 1 
53 150142 222495 1 
3 34068 22428 1 
54 55659 30144 1 
4 138277 158873 1 
9 1458 903 1 
55 135646 166901 1 
56 133369 124208 1 
57 74451 86112 1 
0 569738 832134 1 
58 14094 12156 1 
0 648273 879647 1 
59 11505 15423 1 
60 1101 1445 1 
61 528026 613021 1 
62 9198 9121 1 
63 1731 1667 1 
64 981 1358 1 
65 64374 47333 1 
66 1962 1111 1 
67 205178 167588 1 
68 319764 591731 1 
3 174502 105962 1 
69 1152 1078 1 
70 177799 180284 1 
0 795496 1278876 1 
71 18444 18417 1 
72 414892 243833 1 
73 1107 1212 1 
6 7557 12064 1 
74 507662 335428 1 
75 217277 186089 1 
76 334161 426964 1 
2 157159 100932 1 
7 447106 524369 1 
77 399753 799061 1 
78 123802 186889 1 
1 26025 14371 1 
5 10713 7422 1 
4 25041 18209 1 
1
0 1 2
10
1 10 100
