c210_5

VEHICLE
NUMBER     CAPACITY
 250          700

CUSTOMER
CUST NO.  XCOORD.    YCOORD.    DEMAND   READY TIME  DUE DATE   SERVICE TIME
 
    0     250        250          0          0       3914          0
    1     212        101         30       2582       2902         90
    2     266        231         40       1856       2176         90
    3      89        284         20       1356       1676         90
    4     430        298         10       1482       1802         90
    5     435         77         20        922       1242         90
    6      25        293         20       2884       3204         90
    7      43        269         30        607        927         90
    8     216        117         10        349        669         90
    9     294        437         30        581        901         90
   10      79        479         30        918       1238         90
   11     365         18         20       2133       2453         90
   12     225        125         20        127        447         90
   13     448        103         30       3258       3578         90
   14     143        266         10        322        642         90
   15     252        347         10       2831       3151         90
   16     403        390         10       2480       2800         90
   17      67        153         20        832       1152         90
   18      90        168         20       3000       3320         90
   19     302        235         20        963       1283         90
   20     259        355         20       1837       2157         90
   21     149        183         20       3028       3348         90
   22      19        297         20       2202       2522         90
   23     209        358         30       1397       1717         90
   24      56        388         20       1711       2031         90
   25     115        269         10       2876       3196         90
   26     377        356         10       1766       2086         90
   27     113        229         30       1043       1363         90
   28     205        343         20        822       1142         90
   29      48        137         20       1717       2037         90
   30     467        157         20       2227       2547         90
   31     220        394         10       2703       3023         90
   32     436         54         20       1911       2231         90
   33      54        357         10       1616       1936         90
   34     456        154         10        227        547         90
   35     216        307         20       2436       2756         90
   36     280        224         10       2146       2466         90
   37      90        270         10        485        805         90
   38     166        452         20        519        839         90
   39      17        283         20       2504       2824         90
   40     196        192         30       2010       2330         90
   41      94        275         10        389        709         90
   42     292        445         10       1636       1956         90
   43     329        471         30       2703       3023         90
   44     326         57         20       1284       1604         90
   45      95        466         10       2944       3264         90
   46     429        282         20       2938       3258         90
   47     229        364         10       2432       2752         90
   48     457        160         10       2911       3231         90
   49     452        154         30        252        572         90
   50     113        289         10        142        462         90
   51      67        387         10       2296       2616         90
   52     368         17         20       1941       2261         90
   53     341        367         30       2450       2770         90
   54     410        364         30       1762       2082         90
   55      80        281         10       1637       1957         90
   56     321        224         30       2026       2346         90
   57      73        395         20       1143       1463         90
   58     259         76         10        848       1168         90
   59     121        203         10       1712       2032         90
   60     118        256         10       2439       2759         90
   61     236        361         30       1633       1953         90
   62      78        371         20        210        530         90
   63     301         53         20        889       1209         90
   64     382        197         20        560        880         90
   65     491        160         20       1909       2229         90
   66     453        164         10       3006       3326         90
   67     277        371         30        515        835         90
   68     272        212         20       2250       2570         90
   69     386        218         20       1821       2141         90
   70     353         32         10        825       1145         90
   71      59        389         20       1618       1938         90
   72     414         62         10       1606       1926         90
   73     278        357         10        132        452         90
   74     101        179         20       2332       2652         90
   75     396        234         20       2310       2630         90
   76      74        390         20        717       1037         90
   77     332         55         30        211        531         90
   78     272        365         30        613        933         90
   79     418        355         20       1957       2277         90
   80     216        380         20       2220       2540         90
   81     440        173         10       3202       3522         90
   82      89        358         20       3311       3631         90
   83      66        491         20       1990       2310         90
   84     317        234         10       2399       2719         90
   85     439        297         30       1963       2283         90
   86     394        367         30        300        620         90
   87      58        364         10       2182       2502         90
   88     290         75         20        179        499         90
   89     346        344         10       3132       3452         90
   90     131        269         10       2308       2628         90
   91     236         96         20       1524       1844         90
   92      29        282         10       1330       1650         90
   93     418        385         30       2677       2997         90
   94     148        225         40        533        853         90
   95     166        464         10        714       1034         90
   96     266        373         10        713       1033         90
   97     201        273         30         54        374         90
   98     255        245         10          7        327         90
   99     220        379         10       2314       2634         90
  100      85        317         30       2527       2847         90
  101     125        264         20       2775       3095         90
  102     131        253         10       2729       3049         90
  103     184        188         10       1180       1500         90
  104     128        209         20       1013       1333         90
  105     373        364         20       3090       3410         90
  106     389        342         10       1065       1385         90
  107     420         20         30        495        815         90
  108     132        218         10        122        442         90
  109      32        256         10        821       1141         90
  110     406        339         20        215        535         90
  111     191        397         20        183        503         90
  112      72        341         10       2786       3106         90
  113      35        308         30       2992       3312         90
  114     169        360         20       2092       2412         90
  115     222        381         20       2509       2829         90
  116      96        292         10        782       1102         90
  117     311        496         10        648        968         90
  118     220        384         10       2603       2923         90
  119     259        243         20         11        331         90
  120     349        476         10       2403       2723         90
  121      63        159         20        929       1249         90
  122     112        243         20       2241       2561         90
  123     448        302         20       2247       2567         90
  124     343         27         20       1116       1436         90
  125      67        485         40       2086       2406         90
  126     220        359         30       1344       1664         90
  127     147        435         10       2031       2351         90
  128     317        235         20       2490       2810         90
  129      43        355         20       1515       1835         90
  130     368        340         10        381        701         90
  131     450         72         10       2481       2801         90
  132     400        364         30        490        810         90
  133     355        480         20       1536       1856         90
  134     450        153         20        453        773         90
  135     126        188         20       2018       2338         90
  136     380        223         10       1534       1854         90
  137      71        453         20        605        925         90
  138      54        287         20        199        519         90
  139     420        168         10       3313       3633         90
  140     219         89         20       2612       2932         90
  141     189        327         10        340        660         90
  142     191        309         10       1350       1670         90
  143     301         67         40        400        720         90
  144     484        161         10       1616       1936         90
  145      77        483         20       2459       2779         90
  146     241        375         10       1918       2238         90
  147     428         64         20       1121       1441         90
  148     403        361         10       1372       1692         90
  149     257        336         10       3026       3346         90
  150     131        241         10       3298       3618         90
  151      63        166         30       2422       2742         90
  152      71        368         20       3177       3497         90
  153     272        228         10       1953       2273         90
  154      25        290         30       2791       3111         90
  155     441        157         10        353        673         90
  156      13        266         20       1124       1444         90
  157     251        376         10       3106       3426         90
  158      61        170         30       2328       2648         90
  159     386        357         20       1353       1673         90
  160      95        475         20       2845       3165         90
  161      90        298         10       2024       2344         90
  162      71        388         20       1425       1745         90
  163     383        246         20       2788       3108         90
  164     352         38         10        546        866         90
  165     395          1         30        807       1127         90
  166     120        210         20       1202       1522         90
  167      46        383         30       1208       1528         90
  168     202        198         30       2198       2518         90
  169     358        365         30       2246       2566         90
  170     191        352         20        117        437         90
  171     470        152         30       1146       1466         90
  172     228        124         20        127        447         90
  173     402        230         10       2122       2442         90
  174     323        229         10       1638       1958         90
  175     331        486         10       1923       2243         90
  176     112        208         10       1521       1841         90
  177     172        435         30       2981       3301         90
  178     326        498         10        941       1261         90
  179     460        183         10       2707       3027         90
  180      95        279         20        295        615         90
  181      76        456         30        700       1020         90
  182     242        350         10       2731       3051         90
  183     152        196         10        132        452         90
  184     268        351         10       1370       1690         90
  185     360        356         10       2653       2973         90
  186      39        296         20       1903       2223         90
  187     262        368         30       1082       1402         90
  188     204         90         20       1014       1334         90
  189     149        273         20        132        452         90
  190     446         86         10       2976       3296         90
  191     139        269         20       1648       1968         90
  192     483        170         30       2117       2437         90
  193      39        278         10       1521       1841         90
  194     201        307         10       1633       1953         90
  195     395        378         10       1556       1876         90
  196     139        262         30       1370       1690         90
  197     176        447         20        231        551         90
  198      67        380         20       2199       2519         90
  199      35        358         20       1417       1737         90
  200     294        455         30       2346       2666         90
  201     351         33         20        641        961         90
  202     216        316         20       2239       2559         90
  203     261         96         40        367        687         90
  204     238         57         30       1256       1576         90
  205     383         18         20       1563       1883         90
  206     152        460         10       1230       1550         90
  207      94        479         20       2750       3070         90
  208     337        453         30       2905       3225         90
  209     135        460         10       1705       2025         90
  210     260        104         20        146        466         90
  211     337         63         30       1965       2285         90
  212      32        247         20        722       1042         90
  213     394        205         10        365        685         90
  214      95        294         10        690       1010         90
  215     253        241         20       2755       3075         90
  216     223         90         30       2707       3027         90
  217      64        473         10       1204       1524         90
  218     275        431         10       1162       1482         90
  219     261         84         10        654        974         90
  220     176        296         20       1150       1470         90
  221     361        349         10       2936       3256         90
  222     168        433         20       3076       3396         90
  223     394         10         40       1089       1409         90
  224     308         60         20        696       1016         90
  225      94        456         20       3044       3364         90
  226      73        484         20       2365       2685         90
  227     277        434         20       1347       1667         90
  228     119        232         10       1859       2179         90
  229      78        375         10        234        554         90
  230     366        346         20        568        888         90
  231     125        181         20       2638       2958         90
  232      69        493         20       1897       2217         90
  233     432         80         40        828       1148         90
  234      72        391         10       1332       1652         90
  235      85        486         30       2558       2878         90
  236     204        371         30        669        989         90
  237     173        328         10       2401       2721         90
  238     280        423         10        871       1191         90
  239     200        327         30       3070       3390         90
  240     241         98         20       2907       3227         90
  241      96        356         10        186        506         90
  242     332        491         30       1131       1451         90
  243      81        283         10       1544       1864         90
  244     373         22         10       2232       2552         90
  245     255        371         40       2129       2449         90
  246     358        359         20       2559       2879         90
  247     216         93         10       2393       2713         90
  248      73        360         20       2867       3187         90
  249     305        212         20       1076       1396         90
  250     151        462         10       1322       1642         90
  251      47        389         30       1022       1342         90
  252     155        198         30        108        428         90
  253     152        457         10       1137       1457         90
  254     329         48         10       1475       1795         90
  255      88        394         10        647        967         90
  256     153        295         20       3302       3622         90
  257      81        373         10        510        830         90
  258     163        453         10        613        933         90
  259     378         25         10       2328       2648         90
  260     401        385         20       2784       3104         90
  261     184        340         10       2688       3008         90
  262     402        362         20       1281       1601         90
  263      70        482         20       2271       2591         90
  264     357        445         20       3107       3427         90
  265     212         71         20       1124       1444         90
  266     231         81         30       2323       2643         90
  267     379        208         10        755       1075         90
  268     236         95         30       2037       2357         90
  269     386        344         20       1159       1479         90
  270     189        200         10       1909       2229         90
  271     296        253         10        754       1074         90
  272      73        303         10       2317       2637         90
  273      30        162         10       2022       2342         90
  274     230         95         20       1819       2139         90
  275      57        131         10       1323       1643         90
  276     379        245         10       2693       3013         90
  277     107        221         40        454        774         90
  278     154        458         20       1045       1365         90
  279     290        417         10        171        491         90
  280     272        243         30         45        365         90
  281      94        130         10        521        841         90
  282     222        356         20       1528       1848         90
  283     243        108         20       2981       3301         90
  284     224         93         20       2111       2431         90
  285     155        242         10        806       1126         90
  286     440        302         20       1199       1519         90
  287     221        102         20       2778       3098         90
  288      52        484         10       1601       1921         90
  289     111        244         10       2149       2469         90
  290     132        273         10       2123       2443         90
  291     228        186         20        189        509         90
  292     221        374         30       1050       1370         90
  293     406        286         10       3234       3554         90
  294     390          9         30       1183       1503         90
  295     335         52         20       1681       2001         90
  296     189        368         20        132        452         90
  297     397         40         40       2411       2731         90
  298     408        305         10        339        659         90
  299     156        434         10       2785       3105         90
  300     180        335         20       2501       2821         90
  301     327        483         20       2018       2338         90
  302     363         62         20       3184       3504         90
  303     375        342         10        859       1179         90
  304      16        280         10       2687       3007         90
  305     277        431         30       1254       1574         90
  306     110        241         20       2056       2376         90
  307      48        385         20        928       1248         90
  308     152        260         10         98        418         90
  309     255        120         10        130        450         90
  310     214        382         30       2411       2731         90
  311     414        384         10       2582       2902         90
  312     232        378         20       2114       2434         90
  313      80        141         30        414        734         90
  314     188        330         30        433        753         90
  315     157        192         20       3130       3450         90
  316     101        237         20       1751       2071         90
  317      74        360         40       2776       3096         90
  318     267        260         20        429        749         90
  319     378         46         30       3010       3330         90
  320     420        311         30        813       1133         90
  321     384        217         20       1729       2049         90
  322     418        300         10        531        851         90
  323     356         77         20       2169       2489         90
  324     253        244         20       2662       2982         90
  325     323        258         10       1248       1568         90
  326     293        454         20       2531       2851         90
  327     231         97         20       2807       3127         90
  328     316        234         10       2581       2901         90
  329     207        196         20       2485       2805         90
  330     321        228         30       2120       2440         90
  331     382         17         20       1654       1974         90
  332     206        326         30       3166       3486         90
  333     198        284         10         62        382         90
  334     137        186         10       2832       3152         90
  335     229        396         30       2802       3122         90
  336     268        235         10       1762       2082         90
  337      95        243         20        679        999         90
  338     297        430         20        298        618         90
  339     393        368         10        392        712         90
  340      66        391         20       1521       1841         90
  341     189        339         50       2783       3103         90
  342     280        351         30        105        425         90
  343     241         77         30       1145       1465         90
  344     134        265         20       2586       2906         90
  345     420         95         30        265        585         90
  346     111        279         30        141        461         90
  347     367        358         30       2053       2373         90
  348     239        373         10       1825       2145         90
  349     384        235         20       2592       2912         90
  350     284        360         30        229        549         90
  351     325         75         30       2290       2610         90
  352     279        369         10        422        742         90
  353     340        449         10       3000       3320         90
  354     275        448         10       2822       3142         90
  355     447         88         20       2883       3203         90
  356     314        279         10        190        510         90
  357     434        377         10       2265       2585         90
  358      67        377         10       2106       2426         90
  359     370        353         10        666        986         90
  360      57        367         20       2089       2409         90
  361     332        486         20       1832       2152         90
  362     386        361         30       1447       1767         90
  363      55        282         40        225        545         90
  364     317        467         20        344        664         90
  365     335         54         30       1773       2093         90
  366     348        466         20       2503       2823         90
  367     132        314         30       3134       3454         90
  368     328        216         10       1832       2152         90
  369     416         48         10       1800       2120         90
  370     370         55         10       2806       3126         90
  371     149        434         30       2123       2443         90
  372     466        169         30       2422       2742         90
  373     141        267         10       1555       1875         90
  374     258        350         20       1742       2062         90
  375     428        312         10       1004       1324         90
  376     211        188         10        580        900         90
  377      50        343         10       2674       2994         90
  378     107        311         40       2733       3053         90
  379     178        441         20        204        524         90
  380     232         85         10       2229       2549         90
  381     391         23         10       2618       2938         90
  382     137        227         20        115        435         90
  383     161        203         20        100        420         90
  384     363        212         30       3194       3514         90
  385     384        346         20       1251       1571         90
  386     166        434         40       2885       3205         90
  387     274        248         20        230        550         90
  388     156        421         30       3275       3595         90
  389     346        211         10        103        423         90
  390     265        358         20       1272       1592         90
  391      96        407         20        354        674         90
  392     443         70         20       2384       2704         90
  393     125        212         10       1107       1427         90
  394     361        337         50        283        603         90
  395     322         78         20       2384       2704         90
  396     481        156         20       1520       1840         90
  397     188        293         30        757       1077         90
  398      76        408         30        940       1260         90
  399     130        304         10       3095       3415         90
  400     378        363         30       1669       1989         90
  401     185        301         20       1250       1570         90
  402     385        235         10       2501       2821         90
  403     261        350         10       1649       1969         90
  404     389         33         20       2903       3223         90
  405     151        214         10        431        751         90
  406     265         94         10        178        498         90
  407      65        164         20       2515       2835         90
  408     293         81         10        174        494         90
  409     363         55         10       2903       3223         90
  410     465        176         20       2519       2839         90
  411     428        298         30       1574       1894         90
  412      75        379         30       2487       2807         90
  413     404        378         10        777       1097         90
  414     203        203         10       2770       3090         90
  415     259         88         20        465        785         90
  416     362         17         10       1804       2124         90
  417     320        258         20        484        804         90
  418      59        358         20       2278       2598         90
  419     316        453         20        213        533         90
  420     225        192         20         63        383         90
  421     140        206         30        328        648         90
  422      83        151         10        220        540         90
  423     366        196         10        127        447         90
  424     108        245         20       1650       1970         90
  425     129        267         10       2400       2720         90
  426      57        379         20        827       1147         90
  427     329         56         20       1377       1697         90
  428     213        363         30       1154       1474         90
  429      76        391         30       1238       1558         90
  430     330        259         30       1151       1471         90
  431     136        217         30        818       1138         90
  432     165        333         20       2301       2621         90
  433     160        431         30       3174       3494         90
  434     338        489         30       1228       1548         90
  435     335         64         10       1873       2193         90
  436     412        361         10       1668       1988         90
  437     259         90         30        557        877         90
  438     265         77         20        752       1072         90
  439     460        173         20       2807       3127         90
  440      83        301         20       2217       2537         90
  441     201        331         20        627        947         90
  442     118        214         20        160        480         90
  443     395         30         20       2716       3036         90
  444     125        444         10       1917       2237         90
  445     283        248         30         33        353         90
  446     391        334         20        967       1287         90
  447     212        215         20       3080       3400         90
  448     276        428         20        968       1288         90
  449      96        152         20        182        502         90
  450     425         85         10        456        776         90
  451     336          7         10       1504       1824         90
  452     196        219         30       2974       3294         90
  453     210         94         20        917       1237         90
  454     310         81         30       2766       3086         90
  455     341         37         20        354        674         90
  456     344        478         20       2216       2536         90
  457     406         37         40        264        584         90
  458      69        346         10       2882       3202         90
  459      80        376         40        327        647         90
  460     314        449         30        209        529         90
  461     209        201         30       2673       2993         90
  462      88        379         20        609        929         90
  463     352        500         30       1425       1745         90
  464      65        357         10       2374       2694         90
  465     345         15         20       1402       1722         90
  466     125        245         20       2922       3242         90
  467      52        369         30       1993       2313         90
  468     449        140         20        650        970         90
  469     430        310         30       1096       1416         90
  470     109        325         20       2928       3248         90
  471     446        139         20        557        877         90
  472     229        214         20         41        361         90
  473     197        301         10        103        423         90
  474     146        245         20        616        936         90
  475     401        368         20        584        904         90
  476     116        259         20       2533       2853         90
  477     374         55         30       2712       3032         90
  478     249        251         20       2956       3276         90
  479     325        490         10        843       1163         90
  480      59        159         10       1023       1343         90
  481     186        177         20       1281       1601         90
  482     319        229         10       2212       2532         90
  483      26        269         30        925       1245         90
  484      53        139         30       1134       1454         90
  485     471        154         20       1239       1559         90
  486     301        247         10       3158       3478         90
  487     388        220         20       1343       1663         90
  488     235         81         20       1370       1690         90
  489     347        479         10       2309       2629         90
  490     367         59         10       3089       3409         90
  491     261        370         30        989       1309         90
  492     441        287         40       2835       3155         90
  493      44        153         30       1915       2235         90
  494     263        351         10       1465       1785         90
  495     444        157         10        215        535         90
  496     374         17         10       1845       2165         90
  497     448        295         10       2644       2964         90
  498     446        297         10       2152       2472         90
  499     347         40         30        450        770         90
  500     318        493         10        745       1065         90
  501     399        352         10       1180       1500         90
  502      51        364         10       1807       2127         90
  503     250        217         40       2454       2774         90
  504     107        225         30        360        680         90
  505     173        208         30       1801       2121         90
  506     204        189         10       2298       2618         90
  507     399        379         20       2880       3200         90
  508      79        346         10       3070       3390         90
  509     360        338         10        192        512         90
  510     390         17         30       1373       1693         90
  511     207        337         20        725       1045         90
  512     409        361         30        977       1297         90
  513     206        377         20        479        799         90
  514     429        294         10       1863       2183         90
  515     375         31         20       2105       2425         90
  516     426         80         20        642        962         90
  517      74        374         20       2582       2902         90
  518     408         20         30        393        713         90
  519     239        369         30       1731       2051         90
  520     420        308         30        629        949         90
  521     254        357         20       1932       2252         90
  522      53        297         30       3220       3540         90
  523     434        382         30       2170       2490         90
  524     204        171         20        878       1198         90
  525     173        169         10       1478       1798         90
  526     190        332         20        526        846         90
  527     274        231         30       2046       2366         90
  528     207        194         10       2393       2713         90
  529     315        232         10       2673       2993         90
  530     425         87         20        364        684         90
  531     312         64         20        502        822         90
  532     129        244         30       2828       3148         90
  533     278        230         10       1386       1706         90
  534     351         75         10       2074       2394         90
  535     185        293         10        850       1170         90
  536     364        364         20       2150       2470         90
  537     432        369         10       2067       2387         90
  538     128        249         20       1263       1583         90
  539     221        179         20        289        609         90
  540     194        296         20        570        890         90
  541     413        350         10       1477       1797         90
  542     214        372         10        863       1183         90
  543     379        229         10        965       1285         90
  544      91        298         10       1933       2253         90
  545     226        120         30        155        475         90
  546     344         46         30       1580       1900         90
  547     238         84         10       1554       1874         90
  548     138        276         10       1835       2155         90
  549     346        487         10       1728       2048         90
  550      95        160         10        179        499         90
  551     103        266         30        982       1302         90
  552      98        286         30       1257       1577         90
  553      77        172         20       2896       3216         90
  554     147        199         30        228        548         90
  555     210         98         10        641        961         90
  556     428        292         10       1771       2091         90
  557     121        236         10       1954       2274         90
  558     336        479         20       2118       2438         90
  559     203        369         10        761       1081         90
  560     296        232         10       1188       1508         90
  561      87        369         10        201        521         90
  562     247         88         30       1844       2164         90
  563     104        246         10       1273       1593         90
  564      67        302         30       2413       2733         90
  565     114        296         40        179        499         90
  566     394        356         30        178        498         90
  567     192        306         20       1443       1763         90
  568      16        285         30       2412       2732         90
  569     419        310         10        722       1042         90
  570     389        221         10       1252       1572         90
  571     129        264         20       2681       3001         90
  572     172        483         30        824       1144         90
  573     325        251         20       1345       1665         90
  574     151        436         10       2306       2626         90
  575     263         91         20        272        592         90
  576     401         15         20        605        925         90
  577     253        382         10       3010       3330         90
  578     247         89         20       1935       2255         90
  579     283        229         30       1291       1611         90
  580     366        341         20        473        793         90
  581     392        213         20       2012       2332         90
  582     167        304         20        127        447         90
  583     477        154         10       1426       1746         90
  584     234        383         10       2019       2339         90
  585     199        327         10       2979       3299         90
  586     140        220         30        723       1043         90
  587     144        266         30        231        551         90
  588     432        105         10       3272       3592         90
  589     368        325         30        139        459         90
  590     202        386         20        289        609         90
  591     325        246         10       1440       1760         90
  592     430         86         20       2686       3006         90
  593     200        195         20       2105       2425         90
  594     440        295         30       2056       2376         90
  595      77        287         10       1825       2145         90
  596     187        362         20       1706       2026         90
  597     131        207         20        919       1239         90
  598     405          5         20        706       1026         90
  599     125        226         20       1309       1629         90
  600     254        335         10       2933       3253         90
  601     212        168         20        780       1100         90
  602     281        279         20        634        954         90
  603     326        241         20       1535       1855         90
  604     152        241         20        713       1033         90
  605      71        139         30        727       1047         90
  606      46        277         10        509        829         90
  607     393         13         20       1278       1598         90
  608      87        454         40        802       1122         90
  609      86        359         10       3175       3495         90
  610     220        192         20         89        409         90
  611     426        279         30       3032       3352         90
  612     131        267         10       2492       2812         90
  613     200        297         30        473        793         90
  614     299        442         10       1824       2144         90
  615     265        218         20       2349       2669         90
  616     398        231         20       2216       2536         90
  617     312         74         20       2669       2989         90
  618      99        307         20       2634       2954         90
  619      22        283         30       1233       1553         90
  620      67        160         10       2610       2930         90
  621     390         42         20       2508       2828         90
  622      44        279         10        416        736         90
  623     200        182         10       1073       1393         90
  624     458        303         20       2451       2771         90
  625     298        438         10        487        807         90
  626      62        301         20       3310       3630         90
  627     112        251         10       1553       1873         90
  628     184        354         30       1896       2216         90
  629     140        180         20       2929       3249         90
  630     269        428         20       1065       1385         90
  631     123        206         10       1805       2125         90
  632      36        284         10       1618       1938         90
  633     272        233         10       1667       1987         90
  634     320        231         20       2304       2624         90
  635     211        180         20        678        998         90
  636     114        169         20       2532       2852         90
  637     245        239         20       2853       3173         90
  638     117        204         30       1618       1938         90
  639     316        254         20        670        990         90
  640     169        443         30        420        740         90
  641     212         96         10        824       1144         90
  642     119        285         40       2983       3303         90
  643      71        163         20       2705       3025         90
  644      78        361         10       3300       3620         90
  645     354        219         10       3295       3615         90
  646     389        233         20       2407       2727         90
  647      90        391         10        461        781         90
  648     209        307         10       1731       2051         90
  649     363        351         20       2843       3163         90
  650     405         47         10        255        575         90
  651     278        329         10         83        403         90
  652     261        371         20        898       1218         90
  653     302        470         20       2147       2467         90
  654     373        205         40        254        574         90
  655     381         20         20       1748       2068         90
  656      90        277         30        582        902         90
  657      46        341         10       2579       2899         90
  658      50        138         20       1809       2129         90
  659      61        437         20        265        585         90
  660     331        252         10       1054       1374         90
  661     440         81         20       2585       2905         90
  662     384        206         20        659        979         90
  663     232         87         30       1424       1744         90
  664      59        471         20       1404       1724         90
  665     174        304         20         93        413         90
  666     106        248         20       1366       1686         90
  667     410        287         20       3140       3460         90
  668     206        313         20       2011       2331         90
  669     412        367         20        880       1200         90
  670     412        300         20        435        755         90
  671     206        295         10       2729       3049         90
  672     329        459         10       2805       3125         90
  673     177        436         20        199        519         90
  674     266        264         30        523        843         90
  675     308        235         10       3055       3375         90
  676     260        330         40       3123       3443         90
  677      49        136         10       1625       1945         90
  678     356         28         20        920       1240         90
  679     428        384         10       2364       2684         90
  680     220        362         20       1251       1571         90
  681     437         61         20       2008       2328         90
  682     365        360         20       1960       2280         90
  683     107        168         20       2435       2755         90
  684     220        177         20        381        701         90
  685     347         21         20       1306       1626         90
  686     293        245         10       3350       3670         90
  687     267        436         30       2927       3247         90
  688     216         96         10       2486       2806         90
  689     383        351         20        167        487         90
  690     289        240         20        859       1179         90
  691     129        185         20       2734       3054         90
  692     291        450         10       2625       2945         90
  693     387         21         10       1468       1788         90
  694     116        255         20       1159       1479         90
  695      50        368         30       1901       2221         90
  696     121        249         20       2341       2661         90
  697     404        346         10       1083       1403         90
  698      77        360         10       3277       3597         90
  699     447        102         10       3172       3492         90
  700     366         16         20       1898       2218         90
  701     348         16         30       1700       2020         90
  702     353        346         20       3034       3354         90
  703      54        485         30       1693       2013         90
  704     319         77         30       2478       2798         90
  705      83        282         10       1452       1772         90
  706     384         24         10       2521       2841         90
  707      52        469         20       1307       1627         90
  708     199        200         10       2865       3185         90
  709     273        234         10       1576       1896         90
  710      16        281         10       2596       2916         90
  711     151        442         20       2402       2722         90
  712     223        114         20        252        572         90
  713     191        308         20         82        402         90
  714     448        297         10       2552       2872         90
  715     386         28         20       2427       2747         90
  716     106        295         20        973       1293         90
  717     387        224         30       1437       1757         90
  718      96        377         10        199        519         90
  719      86        361         20       3267       3587         90
  720     211        107         10        451        771         90
  721      43        125         30       1523       1843         90
  722     369        351         20        758       1078         90
  723     388        228         10       1155       1475         90
  724     325        228         20       1730       2050         90
  725     490        159         20       1817       2137         90
  726     420         78         20       1318       1638         90
  727     396          4         10        993       1313         90
  728     222        317         30       2335       2655         90
  729     389        198         20        463        783         90
  730     322        454         20        240        560         90
  731     241        391         30       2905       3225         90
  732     256        117         20       3087       3407         90
  733     298        255         10         71        391         90
  734      74        363         40       2683       3003         90
  735     345        496         20       1327       1647         90
  736     167        169         20       1574       1894         90
  737      23        306         20       2102       2422         90
  738     317         62         20        597        917         90
  739     319        257         20        576        896         90
  740     129        255         10       2636       2956         90
  741      59        377         20       2008       2328         90
  742     138        272         20       1741       2061         90
  743     317        251         30        860       1180         90
  744     279        436         20       1439       1759         90
  745     371        207         10        161        481         90
  746     263        372         10        806       1126         90
  747      50        347         10       2482       2802         90
  748     275        236         20       1483       1803         90
  749     334         47         20        251        571         90
  750      50        383         10       1809       2129         90
  751     170        338         20       2204       2524         90
  752     245        109         20       3009       3329         90
  753      69        475         30       1109       1429         90
  754      54        372         20       1911       2231         90
  755     198        334         20       2123       2443         90
  756     380        228         30       1057       1377         90
  757     425        118         10        219        539         90
  758      80        398         10        746       1066         90
  759     366         57         20       2996       3316         90
  760      67        463         30        504        824         90
  761     226         86         10       2515       2835         90
  762      59        480         10       1503       1823         90
  763      40        378         20       1306       1626         90
  764     250        367         20       2033       2353         90
  765     157        436         20       2693       3013         90
  766     463        161         30       2323       2643         90
  767     266        250         10        329        649         90
  768      51        162         20       2133       2453         90
  769     194        353         20       1291       1611         90
  770     383         41         20       2605       2925         90
  771     247         82         30       1748       2068         90
  772     457        142         20        749       1069         90
  773     244         94         20       1715       2035         90
  774     441         63         20       2194       2514         90
  775     244        371         20       2230       2550         90
  776     174        444         10        325        645         90
  777      94        247         30        773       1093         90
  778     320        225         20       1934       2254         90
  779     316         80         30       2572       2892         90
  780     155        447         20       2592       2912         90
  781     211        308         30       1823       2143         90
  782     297        442         20       1732       2052         90
  783     200        342         10        917       1237         90
  784      44        325         20       3101       3421         90
  785     438         60         30       2100       2420         90
  786      80        374         20        419        739         90
  787      59        163         20       2231       2551         90
  788     236         92         10       2130       2450         90
  789     414         66         30       1512       1832         90
  790      34        279         20       1426       1746         90
  791     475        156         40       1333       1653         90
  792     404        310         20        165        485         90
  793     367        239         20       3076       3396         90
  794     210        359         10       1488       1808         90
  795     133        278         10       1930       2250         90
  796     446        169         10       3105       3425         90
  797     188        356         20       1802       2122         90
  798     312        252         20        765       1085         90
  799      69        485         10       2178       2498         90
  800     413        353         10       1570       1890         90
  801      54        446         20        277        597         90
  802      56        357         10       1708       2028         90
  803     230        105         10       2878       3198         90
  804     196        302         20        194        514         90
  805     391        373         10       2980       3300         90
  806     101        295         30        878       1198         90
  807     234        350         10       2537       2857         90
  808     215        108         20       2680       3000         90
  809     142        457         10       1513       1833         90
  810     283        425         20        778       1098         90
  811      77        397         10        839       1159         90
  812     105        317         10       2829       3149         90
  813     382        213         20       1635       1955         90
  814     213         76         20       1220       1540         90
  815     417         56         20       1702       2022         90
  816     183        340         10       2597       2917         90
  817     123        242         20       3110       3430         90
  818     475        136         20        949       1269         90
  819     377        246         20       2974       3294         90
  820     310        484         30        546        866         90
  821      47        280         10        323        643         90
  822      57        456         20        308        628         90
  823     313        266         20        293        613         90
  824     475        145         30       1048       1368         90
  825     400        376         40        682       1002         90
  826     290        416         30        170        490         90
  827     277        369         30        330        650         90
  828      91        303         20       2119       2439         90
  829     194        301         30        286        606         90
  830     254        238         30       2566       2886         90
  831     215         91         30       2210       2530         90
  832     500        162         20       2008       2328         90
  833      56        287         20        197        517         90
  834     289        452         20       2718       3038         90
  835     378        326         30        148        468         90
  836     197        350         30       1106       1426         90
  837     243         88         20       1651       1971         90
  838     250         72         20       1045       1365         90
  839     101        290         20       1070       1390         90
  840     351        480         30       1630       1950         90
  841      67        357         10       2964       3284         90
  842     128        240         10       3205       3525         90
  843     253         81         10        946       1266         90
  844     307        227         30       2773       3093         90
  845     233        441         20       3145       3465         90
  846     311         47         10        990       1310         90
  847     292        456         20       2438       2758         90
  848     183        187         20       1688       2008         90
  849     392         31         20       2810       3130         90
  850     103        251         10       1178       1498         90
  851     300        443         10       1916       2236         90
  852     420        295         10       1672       1992         90
  853     427         64         30       1212       1532         90
  854     372        354         30       1861       2181         90
  855     101        263         20       1076       1396         90
  856     141        454         20       1606       1926         90
  857     146        461         20       1417       1737         90
  858     298        430         30        389        709         90
  859     148        270         10        103        423         90
  860      76        287         20       1734       2054         90
  861     308         55         30        791       1111         90
  862     143        257         10        421        741         90
  863     393          2         30        899       1219         90
  864     385         28         10       2206       2526         90
  865     204        291         20       2823       3143         90
  866     132        272         30       2214       2534         90
  867     206        379         10        387        707         90
  868      69        383         10       2390       2710         90
  869     245         96         20       1623       1943         90
  870     431        301         10       1388       1708         90
  871     448         94         20       3074       3394         90
  872     199        305         30       1540       1860         90
  873      95        356         10       3317       3637         90
  874     328        498         20       1033       1353         90
  875     108        222         10       1417       1737         90
  876     341         26         10       1208       1528         90
  877      63        454         10        404        724         90
  878     222        357         30       1437       1757         90
  879     416        364         20       1858       2178         90
  880     127        278         10       2026       2346         90
  881     140        252         20        517        837         90
  882     218        298         30       2626       2946         90
  883     432         87         10       2778       3098         90
  884     216        300         30       2533       2853         90
  885     438         72         10       1018       1338         90
  886     184        178         10       1374       1694         90
  887     345        468         10       2597       2917         90
  888     150        435         20       2215       2535         90
  889     395        365         30        208        528         90
  890     208        371         20        575        895         90
  891     190        292         10        665        985         90
  892      78        479         30       1009       1329         90
  893     104        198         20       2223       2543         90
  894     346         13         20       1606       1926         90
  895      47        388         20       1113       1433         90
  896     315         57         20       1091       1411         90
  897     110        199         10       2127       2447         90
  898     323         60         10       1190       1510         90
  899     308         82         30       2859       3179         90
  900     216        374         30        955       1275         90
  901     326        253         10        959       1279         90
  902     308        232         30       2868       3188         90
  903     118        223         10        259        579         90
  904     149        444         20       2495       2815         90
  905      95        395         30        252        572         90
  906     117        319         10       3028       3348         90
  907     262        352         10       1556       1876         90
  908     468        135         10        852       1172         90
  909     351         31         20        733       1053         90
  910     361         15         20       2038       2358         90
  911     195        300         10        378        698         90
  912     397         27         20       2308       2628         90
  913     179        311         10        231        551         90
  914      77        133         10        629        949         90
  915      66        397         10       1045       1365         90
  916     366        352         10       2750       3070         90
  917     221         87         20       1323       1643         90
  918     347         23         30       1020       1340         90
  919     176        358         10       1995       2315         90
  920     229         78         20       2416       2736         90
  921     272        246         10        138        458         90
  922     293         67         20        210        530         90
  923     140        265         40       1463       1783         90
  924     238         83         20       1463       1783         90
  925     136        296         30       3195       3515         90
  926     218         98         30       1922       2242         90
  927     290        440         40       1541       1861         90
  928      29        302         20       2005       2325         90
  929     290        425         30        200        520         90
  930     124        247         20       3015       3335         90
  931     442        287         30       2744       3064         90
  932     294         64         10        303        623         90
  933      74        165         10       2798       3118         90
  934     382        245         20       2879       3199         90
  935     405         24         10        298        618         90
  936     211         97         20        732       1052         90
  937      88        390         30        553        873         90
  938      37        295         20       1811       2131         90
  939     359        371         10       2342       2662         90
  940     186        372         20       1605       1925         90
  941     116        446         20       1818       2138         90
  942     293        249         10         43        363         90
  943      83        228         20        569        889         90
  944      96        269         10        885       1205         90
  945     179        284         30        951       1271         90
  946     368        219         20        860       1180         90
  947      66        359         20       3077       3397         90
  948     189        338         10       2874       3194         90
  949     163        277         10       3412       3732         90
  950       5        296         10       2306       2626         90
  951     152        478         20        935       1255         90
  952     366         34         10       2006       2326         90
  953     429         80         20        735       1055         90
  954     464        178         10       2611       2931         90
  955     138        196         30       1913       2233         90
  956      87        481         10       2653       2973         90
  957     425         99         20        231        551         90
  958     241        362         10       2330       2650         90
  959     207        289         20       2917       3237         90
  960     264        365         10       1175       1495         90
  961     102        289         20       1162       1482         90
  962     233        346         20       2631       2951         90
  963      78        141         30        322        642         90
  964     196        348         10       1014       1334         90
  965     216         92         20       2302       2622         90
  966     444        309         20       2345       2665         90
  967     313        263         20        386        706         90
  968     211        198         30       2580       2900         90
  969     314        436         10       2021       2341         90
  970     217        189         20        484        804         90
  971     197        178         20        978       1298         90
  972      60        497         10       1797       2117         90
  973     206        312         40       1920       2240         90
  974     197        351         20       1197       1517         90
  975     305        233         20       2961       3281         90
  976     297        250         30       3253       3573         90
  977      71        348         10       2975       3295         90
  978      11        269         10       1030       1350         90
  979     247        447         10       3040       3360         90
  980     386        213         20       1916       2236         90
  981     292        434         10        675        995         90
  982     436        301         20       1293       1613         90
  983     145        221         20        628        948         90
  984     224         96         40       2018       2338         90
  985      59        128         20       1416       1736         90
  986     489        150         50       1718       2038         90
  987     152        225         30        914       1234         90
  988     426         85         10        547        867         90
  989     415         73         20       1415       1735         90
  990     440         70         10       2291       2611         90
  991     320        476         30        443        763         90
  992      57        132         10       1232       1552         90
  993     405        311         30        166        486         90
  994     109        250         10       1460       1780         90
  995     428        314         20        912       1232         90
  996      40        288         20       1713       2033         90
  997     175        282         10       1046       1366         90
  998     298        456         30       2252       2572         90
  999     208        101         10        547        867         90
 1000     342         52         10        218        538         90
