r110_8

VEHICLE
NUMBER     CAPACITY
 250          200

CUSTOMER
CUST NO.  XCOORD.    YCOORD.    DEMAND   READY TIME  DUE DATE   SERVICE TIME
 
    0     250        250          0          0       1925          0
    1     171         34         21          0       1686         10
    2      67        190         25          0       1723         10
    3      80        400         10          0       1689         10
    4     439        237         11        939        969         10
    5     377        385          6          0       1730         10
    6     449        428         25       1247       1277         10
    7     342        481         18          0       1667         10
    8     466        149         16       1186       1216         10
    9      83        290         14          0       1744         10
   10     251         63         14        987       1017         10
   11     328        491         21          0       1662         10
   12     260        472         33          0       1693         10
   13     290        145          5          0       1803         10
   14     266        221          9          0       1882         10
   15     164        320         12          0       1805         10
   16      52        412         22          0       1660         10
   17     485        104         21        794        824         10
   18     144        331         13          0       1782         10
   19     387        394          8          0       1717         10
   20     472         57         17          0       1621         10
   21     343        276         15          0       1819         10
   22     104        349         20          0       1739         10
   23      28        467         34       1343       1373         10
   24      91        427         14        883        913         10
   25     429        476         23          0       1627         10
   26     210        276          5          0       1868         10
   27      58         39         12          0       1630         10
   28     273        300         30          0       1860         10
   29      41        232         16          0       1706         10
   30      25         53         23          0       1616         10
   31      52         18         28          0       1610         10
   32      27        444         22          0       1620         10
   33     178         72         23          0       1723         10
   34     406        460          2          0       1654         10
   35     250        328         24          0       1837         10
   36     492         34          5          0       1591         10
   37     412        100          1          0       1695         10
   38     233         87         18          0       1752         10
   39      60          5         18       1044       1074         10
   40     406        408         15          0       1693         10
   41     245         42         24          0       1707         10
   42     166        345         14          0       1789         10
   43     440        294         16          0       1720         10
   44     370        382         11        884        914         10
   45      32        319         21          0       1687         10
   46     480        136         22          0       1659         10
   47     371        163         21        828        858         10
   48       0        188         26          0       1658         10
   49     438          5         18          0       1607         10
   50     132        477         25        327        357         10
   51     203        211         20          0       1854         10
   52       2        264         40          0       1667         10
   53     231        167         15          0       1830         10
   54     423        221          9          0       1740         10
   55     459         53         20          0       1628         10
   56     386        154         31          0       1749         10
   57     130        494          6          0       1644         10
   58      31        175         24          0       1684         10
   59      69        423         32          0       1665         10
   60     352        241          5        792        822         10
   61     261        201         15       1514       1544         10
   62      59        276         11        892        922         10
   63     146        188          6       1235       1265         10
   64     451         62          5          0       1640         10
   65     299        285          3       1254       1284         10
   66     142        372         18          0       1753         10
   67     440        201         29        893        923         10
   68     219        210         14         50         80         10
   69      64        198         10          0       1722         10
   70     390        249         21        582        612         10
   71       9        101         16        666        696         10
   72     424        288         13          0       1737         10
   73      77        372         19          0       1704         10
   74     298        264         36         50         80         10
   75     405        454         11          0       1659         10
   76     407         35         11          0       1649         10
   77     225        369         38          0       1794         10
   78     347        459         25          0       1685         10
   79     117        178         28          0       1764         10
   80     132        479         11        257        287         10
   81     201         66         14          0       1725         10
   82     245        176         20          0       1841         10
   83     470        138         16          0       1669         10
   84     115        296         24          0       1773         10
   85     348        476         19          0       1669         10
   86      43        210         20        210        240         10
   87     327        139         13          0       1780         10
   88      49        353         15          0       1690         10
   89     356        256         19          0       1809         10
   90     335         99         25          0       1742         10
   91     363         34         19        272        302         10
   92      33        278         18          0       1697         10
   93     366        288         29          0       1793         10
   94     452        172          9          0       1699         10
   95      86        189         21          0       1741         10
   96     262        369         15          0       1796         10
   97     218        403         15          0       1759         10
   98     218         12          3          0       1675         10
   99     228        399         14          0       1765         10
  100     492        188         33          0       1666         10
  101     267        174         34       1618       1648         10
  102     274        441         12          0       1723         10
  103     210        113         28          0       1773         10
  104     370        262         15          0       1795         10
  105     303        186         10       1354       1384         10
  106     241        180         13       1695       1725         10
  107     100         85         14          0       1693         10
  108     350        199         21          0       1803         10
  109     500        228          8          0       1665         10
  110     251        238         27          0       1903         10
  111     114        102         21          0       1715         10
  112     345        146         27          0       1775         10
  113      21        146         21        487        517         10
  114     330        147         28        848        878         10
  115     476         61         36          0       1621         10
  116     386        245         16          0       1779         10
  117     201        278         13          0       1859         10
  118     421        499         23          0       1613         10
  119     426        231         24       1028       1058         10
  120     105        137         32          0       1732         10
  121      64        437         11          0       1652         10
  122     181        260         23          0       1846         10
  123     413        391          8          0       1700         10
  124     370        493         22          0       1644         10
  125     447        267         19        980       1010         10
  126     232        101         24          0       1765         10
  127     371        332         14        530        560         10
  128     447        383         17          0       1678         10
  129     325        147         14          0       1788         10
  130     489        437         29        707        737         10
  131     415         95         15          0       1689         10
  132     331        356         13          0       1782         10
  133     374        346         27          0       1759         10
  134     108         37         23          0       1660         10
  135       5        224         19          0       1669         10
  136      93        413         17        226        256         10
  137     210         29         13          0       1691         10
  138     136        265         12          0       1801         10
  139     409        155         19          0       1730         10
  140     111        178         18          0       1759         10
  141     291        251         20         41         71         10
  142     322        290         23          0       1833         10
  143      57        183         15          0       1711         10
  144     181        185         19          0       1821         10
  145       7        382         27          0       1639         10
  146     425        448          9          0       1651         10
  147     174         41         15          0       1693         10
  148     161        276          8        133        163         10
  149     398         49         21          0       1666         10
  150     210        379         12          0       1780         10
  151      60        231         32          0       1725         10
  152     453        360         13          0       1685         10
  153     367         97         17          0       1723         10
  154     488          3          3          0       1572         10
  155      44        115         24        246        276         10
  156      48        293         22          0       1709         10
  157      64        135         11          0       1697         10
  158      65         62         15          0       1652         10
  159     404        207          6          0       1756         10
  160      68        303         22          0       1726         10
  161     263        418         25        278        308         10
  162     147         30         26          0       1673         10
  163     384        149         18          0       1748         10
  164     340        416         36          0       1727         10
  165     271        128         12          0       1792         10
  166      89        358         23          0       1722         10
  167      20        480         25          0       1590         10
  168     488        173         25          0       1665         10
  169     439        156          2          0       1704         10
  170     389        156         27        716        746         10
  171     111        392         18          0       1717         10
  172     267        162          6          0       1826         10
  173     248        176         32          0       1841         10
  174     413        476         34          0       1637         10
  175     352        481         15          0       1663         10
  176     264        135          1          0       1800         10
  177      29        462         17       1310       1340         10
  178     148        462         10        727        757         10
  179      44        140         11          0       1682         10
  180     414        378         23        495        525         10
  181     392         95         16          0       1705         10
  182     216        341         19          0       1818         10
  183     211        411         15          0       1750         10
  184     317         45          8          0       1700         10
  185     178        150         33          0       1792         10
  186     428        302         27       1016       1046         10
  187     450         45         24          0       1629         10
  188     453        318         30          0       1701         10
  189     186        135         24          0       1784         10
  190      11        403         18        343        373         10
  191     433        447         20        794        824         10
  192     272        420          7       1386       1416         10
  193     429         59          9          0       1654         10
  194     200         27         22          0       1687         10
  195     498        171         12          0       1655         10
  196     487        320         21        858        888         10
  197      45        166         22       1013       1043         10
  198     490        276         33          0       1674         10
  199     126        391         19          0       1728         10
  200      92         18          8          0       1635         10
  201     293        228         19          0       1867         10
  202     343        205         26          0       1812         10
  203     182        480         31          0       1676         10
  204     385        285         13          0       1776         10
  205      44        344         12          0       1689         10
  206     170        347         15          0       1790         10
  207     457        492          7          0       1597         10
  208     124        448          6          0       1681         10
  209     398        210         31          0       1762         10
  210      75        118         21        409        439         10
  211     105        474         27          0       1649         10
  212     134        211         35        122        152         10
  213     211        248         26         39         69         10
  214     212        186         11          0       1841         10
  215     492        335         10          0       1659         10
  216     497        483         12        353        383         10
  217     440        436         18          0       1650         10
  218     311        203         15          0       1838         10
  219     491        369         28          0       1647         10
  220      67        378         26          0       1692         10
  221     383         17         15          0       1647         10
  222       7         82         25        412        442         10
  223     342        319         36          0       1800         10
  224      78        406         15        960        990         10
  225     103        123          8          0       1721         10
  226     241         38         16          0       1703         10
  227     224          3         10        690        720         10
  228     436        467         12          0       1630         10
  229     438        488         18          0       1612         10
  230     351         60         15          0       1700         10
  231      13        214         21       1354       1384         10
  232     429         67         16        732        762         10
  233     498        456         27          0       1593         10
  234     135        400         20          0       1726         10
  235     215        293         13          0       1860         10
  236     354        416         10          0       1720         10
  237     294        421         26       1575       1605         10
  238     208        445         22          0       1716         10
  239     230        320          8       1192       1222         10
  240     157         38          3          0       1684         10
  241     441        100         31          0       1673         10
  242      61        170         20          0       1710         10
  243      79        467         22        351        381         10
  244     365        190         22       1477       1507         10
  245     282          1         18          0       1664         10
  246     124        111         15          0       1728         10
  247     247        219         17          0       1884         10
  248      28        180         34          0       1683         10
  249     167        488         17        252        282         10
  250     442        289         25          0       1720         10
  251     136        430         14          0       1702         10
  252      38         15          3          0       1599         10
  253     246        314         36       1445       1475         10
  254     176        200         17        568        598         10
  255     337        232          2          0       1827         10
  256     257        133         19          0       1798         10
  257     295        247         12       1303       1333         10
  258      39        162         18        565        595         10
  259      79        257         26          0       1744         10
  260     236        126         23          0       1791         10
  261     259        498         33       1075       1105         10
  262     180        162          9          0       1803         10
  263      53        466          9          0       1623         10
  264     167        291         27          0       1823         10
  265      89        185         16        600        630         10
  266     487        446          9          0       1608         10
  267     308        199         14          0       1838         10
  268     481         84         17          0       1631         10
  269     495        227         20          0       1669         10
  270     397         57         17          0       1673         10
  271     372         39         10          0       1672         10
  272     278        450         29          0       1714         10
  273     292         32         14        229        259         10
  274      90        496         13          0       1622         10
  275      68         53         16        739        769         10
  276     371        423         10          0       1704         10
  277     273        149         14          0       1812         10
  278     297        283         28          0       1858         10
  279     120         37         28          0       1666         10
  280     371        488         10          0       1649         10
  281     206        174         14          0       1828         10
  282     174        347          3          0       1792         10
  283     330        281         14       1330       1360         10
  284      67        451          5          0       1644         10
  285      27        464         21          0       1606         10
  286     361        178          5          0       1783         10
  287     463        406         23        857        887         10
  288     456        157         20          0       1689         10
  289     153        244          5          0       1818         10
  290     153        192         13          0       1802         10
  291     352         63          6          0       1702         10
  292     371         71         21          0       1699         10
  293     163        472          9          0       1677         10
  294     448        495         40          0       1600         10
  295     282         10         30          0       1673         10
  296      66        163          6          0       1712         10
  297     314        205         22          0       1837         10
  298      83        169         21          0       1730         10
  299     221        291          9          0       1865         10
  300     374        116          9        587        617         10
  301     418        269          3          0       1746         10
  302     178        302         19          0       1827         10
  303     250         57         26          0       1722         10
  304     475        352         33          0       1668         10
  305       1        252          5          0       1666         10
  306     286        356         30          0       1804         10
  307      65         82         13          0       1666         10
  308     154        392          9          0       1744         10
  309     196         56         15          0       1714         10
  310     366        390         23          0       1734         10
  311     436         25         19       1282       1312         10
  312      67        352         20          0       1706         10
  313     173        182         25          0       1813         10
  314     390         34          7       1060       1090         10
  315      18        225          8          0       1682         10
  316      57         43         15          0       1632         10
  317     388         44         22          0       1668         10
  318     269        112         19       1263       1293         10
  319     374        260         27          0       1791         10
  320     291        213         23       1258       1288         10
  321     178        420         18       1071       1101         10
  322     389        255         15          0       1776         10
  323     134        194         19       1652       1682         10
  324      93        490          2          0       1629         10
  325      64        294         12          0       1724         10
  326     493        111         26          0       1636         10
  327     150        484         16          0       1661         10
  328     235        316          2        656        686         10
  329     239         15          2          0       1680         10
  330     193        138         30          0       1790         10
  331      40        278         10          0       1704         10
  332     307         52         23          0       1709         10
  333     161        416         25          0       1727         10
  334     381        457         28          0       1671         10
  335      55        318         13        312        342         10
  336      80        279         19          0       1743         10
  337      48        162         15          0       1695         10
  338      91         27         14       1182       1212         10
  339     288         70         24          0       1732         10
  340     177        404         17          0       1745         10
  341      10        237         19          0       1675         10
  342     493        493         20        856        886         10
  343     440        292         24        940        970         10
  344     349         76         15       1031       1061         10
  345      47        208         30          0       1708         10
  346     283        454         14          0       1709         10
  347     486        324         15          0       1668         10
  348     392         87         23          0       1699         10
  349     122        422          3          0       1701         10
  350      37        281         17          0       1700         10
  351     413        127         28          0       1711         10
  352     222        499          7          0       1665         10
  353     211        446         15          0       1716         10
  354      30          7         23       1189       1219         10
  355     398        341         33          0       1742         10
  356      26         67         15          0       1626         10
  357     461        186         16          0       1695         10
  358     313        391          5          0       1761         10
  359     471         94         30          0       1645         10
  360     341         72          9          0       1716         10
  361     130        186         16        136        166         10
  362     257         57         18          0       1722         10
  363      94        344         26          0       1733         10
  364       6         53          8          0       1602         10
  365     146        376          8        234        264         10
  366     244         13         24          0       1678         10
  367      29        336         22          0       1678         10
  368     306         42         11          0       1700         10
  369     177        486         20          0       1668         10
  370     489        338         17       1397       1427         10
  371     179        318          2          0       1817         10
  372     344        203         14          0       1810         10
  373     149        341          6        404        434         10
  374     307        412          8          0       1744         10
  375      68        450         18          0       1645         10
  376     420         80         24          0       1675         10
  377     144        220         35          0       1805         10
  378     497         54         14        978       1008         10
  379      80        458         30        371        401         10
  380      84        377         10          0       1706         10
  381     332        382          2       1010       1040         10
  382       6        196         20          0       1666         10
  383     104         28          8          0       1650         10
  384     224        320         36       1284       1314         10
  385      87          3         13          0       1620         10
  386     149        214          7          0       1808         10
  387      98         29         14          0       1647         10
  388     135         30         12          0       1667         10
  389     287        397         12        564        594         10
  390     107        374          8        914        944         10
  391     355        485         10          0       1658         10
  392      51        286         14       1459       1489         10
  393      49        118          3          0       1675         10
  394     159        226         16         94        124         10
  395     185        431         15          0       1723         10
  396     262         92         25          0       1757         10
  397     475        198         20          0       1685         10
  398     142         30         32          0       1670         10
  399     481        207         34          0       1681         10
  400     174        122         14          0       1767         10
  401      35        263         27          0       1700         10
  402      24         71         11        346        376         10
  403     173         65         12        448        478         10
  404      91        326          4          0       1739         10
  405     470        417         11          0       1639         10
  406     397        153         29          0       1739         10
  407     295        283         26          0       1860         10
  408     174        376          8          0       1768         10
  409      38        190         23          0       1695         10
  410      16         68         11          0       1619         10
  411     179        286          8          0       1836         10
  412     244        422         14          0       1743         10
  413     250        441          5          0       1724         10
  414     497         18         10          0       1577         10
  415     195        111         15        998       1028         10
  416      26        221         28        996       1026         10
  417     442          5         16          0       1604         10
  418      44        496         32          0       1595         10
  419     448        404         15          0       1665         10
  420     471        427          8          0       1632         10
  421     460        424         11       1455       1485         10
  422     461        195         26          0       1697         10
  423     146        313         22          0       1794         10
  424      19        273         25          0       1683         10
  425     245        461          8        649        679         10
  426      69        266         12          0       1734         10
  427     191         84         13        867        897         10
  428      68        160         21          0       1712         10
  429     212         47         20        801        831         10
  430      80        337         28          0       1725         10
  431     412        478          7          0       1636         10
  432     225        488         28          0       1676         10
  433     105        140         27          0       1733         10
  434     389         43         21          0       1666         10
  435     177        156         25          0       1796         10
  436     179        497          1          0       1658         10
  437     377        432         20        831        861         10
  438     497        296         14          0       1664         10
  439     152        476         45          0       1669         10
  440     277        428          7        490        520         10
  441      64          5         14          0       1608         10
  442      44        311         27          0       1701         10
  443     165         59         27          0       1706         10
  444     261        138          1          0       1803         10
  445     268        351          7          0       1813         10
  446      48        150         15          0       1690         10
  447     215         79          5          0       1741         10
  448     109         56         27          0       1676         10
  449     171        188         30        621        651         10
  450     284        457         17          0       1706         10
  451     274        442         17          0       1722         10
  452      33        286         11          0       1696         10
  453     112        433         29          0       1686         10
  454     423        170         27          0       1725         10
  455     213        283         14          0       1866         10
  456     240         34         28          0       1699         10
  457     283        438          3        231        261         10
  458     324         99         10          0       1747         10
  459     259        301         25          0       1864         10
  460     189        402         10          0       1752         10
  461     215        282         21          0       1868         10
  462     166        440         12          0       1708         10
  463     374        232         33        125        155         10
  464     339        113         14          0       1752         10
  465     335         46         18          0       1694         10
  466     313        493         20          0       1664         10
  467     432         66         30          0       1657         10
  468      76        462         18        956        986         10
  469     397        477         13          0       1645         10
  470     196        489         23          0       1670         10
  471     354        156         20          0       1775         10
  472     171         24         11       1383       1413         10
  473     187         73         18        292        322         10
  474     243        408         15          0       1757         10
  475     421        387         15          0       1696         10
  476     141        426         23        531        561         10
  477     415        118         19          0       1704         10
  478     240        255         33          0       1904         10
  479     162        388         11       1126       1156         10
  480     413        493         26          0       1623         10
  481      69        414          6       1263       1293         10
  482     273         70         36        619        649         10
  483     142         14         18          0       1656         10
  484     185        434          9          0       1720         10
  485     360        294          9          0       1797         10
  486     265        240          9         18         48         10
  487     280        245         21         30         60         10
  488      87         51         35          0       1658         10
  489     195        273         22         59         89         10
  490     422        498          5        692        722         10
  491      95         64          4          0       1673         10
  492      63        155          7          0       1706         10
  493      24        259         19          0       1689         10
  494     376         92         10          0       1713         10
  495      83        300         26        500        530         10
  496      72        477         46        288        318         10
  497     380        194          3          0       1774         10
  498      72        227         25          0       1736         10
  499     238        123         24          0       1788         10
  500     188        119         44          0       1771         10
  501     229        322         11          0       1840         10
  502     150         68         23          0       1708         10
  503      67         24         10          0       1625         10
  504      63        420         19          0       1663         10
  505     339        144         13       1099       1129         10
  506     454        201         16          0       1706         10
  507     158         24         18          0       1671         10
  508     365        119         30        382        412         10
  509     440        284         25        852        882         10
  510     417        212         12        910        940         10
  511     404        439          3          0       1672         10
  512     472        248         11          0       1693         10
  513     235        108         12          0       1773         10
  514     174         67         15          0       1717         10
  515     132        151         22          0       1761         10
  516     217        207         26          0       1861         10
  517     162        306         22          0       1811         10
  518      48        366         29          0       1683         10
  519     209         68         27          0       1729         10
  520      94        497         31          0       1623         10
  521     110        122         14          0       1726         10
  522     274        403         17          0       1761         10
  523     421        386         29        824        854         10
  524     399        175         13        747        777         10
  525      56        268         28       1064       1094         10
  526     322        406         17          0       1744         10
  527     244        277         18          0       1888         10
  528     105        181         19          0       1755         10
  529      30         97         23          0       1648         10
  530     359        246         18          0       1806         10
  531     498        457         15          0       1592         10
  532     190        267         36          0       1853         10
  533     334        481         32          0       1670         10
  534      18         24         32          0       1592         10
  535     482        104         19          0       1641         10
  536     460        328         13          0       1691         10
  537     320        211         16        993       1023         10
  538     494        165         19          0       1657         10
  539     167        445          7          0       1704         10
  540     340        291         22        470        500         10
  541     272        234         26          0       1888         10
  542     325         56         13          0       1708         10
  543      71        304         19          0       1729         10
  544      87        311          7          0       1741         10
  545     207        487          4          0       1675         10
  546     332          5         14       1033       1063         10
  547     161        275         21          0       1823         10
  548     268        458         24          0       1707         10
  549     175        352         12          0       1789         10
  550     398        476         25          0       1645         10
  551      51        360         13          0       1688         10
  552      21         70         15        771        801         10
  553      80        251         14          0       1745         10
  554     457        280         17          0       1706         10
  555     423        315         12          0       1731         10
  556      66         88          2          0       1670         10
  557     479        387         13          0       1649         10
  558     436        123         40          0       1690         10
  559     286        244         31          0       1879         10
  560     449        190          2       1140       1170         10
  561     456        113         17       1227       1257         10
  562     480        152         26          0       1665         10
  563     100        266          5          0       1765         10
  564     343         34          7          0       1680         10
  565     374        306          4        994       1024         10
  566      13        465         31        774        804         10
  567     230        487         20          0       1678         10
  568     442        153         29          0       1700         10
  569     240        362         23          0       1803         10
  570     433        319         11          0       1720         10
  571       0        422          8        821        851         10
  572     297        131         25          0       1788         10
  573      71         12          2          0       1618         10
  574      44        440         24          0       1635         10
  575     447        184         27          0       1708         10
  576     341         59         27        790        820         10
  577     132         32         18        784        814         10
  578     411        396         23          0       1698         10
  579     450        416         25          0       1656         10
  580     323         34         13          0       1687         10
  581     244        368         25        414        444         10
  582      90        477         18          0       1638         10
  583      34        169         11        484        514         10
  584     351        128         15          0       1757         10
  585      71        282         29          0       1734         10
  586     157        269         31          0       1821         10
  587     392          1         11        605        635         10
  588      39        153         26          0       1683         10
  589     306        229         10          0       1856         10
  590     415        253         21        367        397         10
  591      92         76          4          0       1680         10
  592     437         98         16          0       1675         10
  593      12        367         27          0       1650         10
  594     448        414         23          0       1658         10
  595     128        113         22        363        393         10
  596      43        360          2          0       1681         10
  597     102        422         23        226        256         10
  598     480        131          5          0       1657         10
  599     210         81          2          0       1742         10
  600     432          2         20          0       1608         10
  601     396         83         15          0       1694         10
  602     489        159         29          0       1660         10
  603      56         75         24          0       1654         10
  604      66         31         25          0       1629         10
  605     460        117         14        520        550         10
  606     175        239         23         75        105         10
  607     217        333         26          0       1826         10
  608      62        375         16          0       1690         10
  609      82        183         17          0       1735         10
  610     248        214         19          0       1879         10
  611     385        239         21        786        816         10
  612     371        315         18          0       1778         10
  613     333        163         32          0       1795         10
  614     100         66         15          0       1678         10
  615     311        422         29          0       1733         10
  616     153        235         10          0       1817         10
  617     168        109         10          0       1752         10
  618     284        319         17          0       1839         10
  619     195        464         20          0       1695         10
  620     382          9         30          0       1641         10
  621     325        210         15          0       1830         10
  622     366        334          5        410        440         10
  623     200         78         31          0       1736         10
  624     351          5         12        496        526         10
  625     197        202         29       1204       1234         10
  626     270        337         20          0       1826         10
  627     125         65         17        788        818         10
  628     120         17         30          0       1649         10
  629      84        255         13          0       1749         10
  630     222        331         10          0       1830         10
  631     332        459         35        369        399         10
  632     226        175         23          0       1837         10
  633     404        140          8       1259       1289         10
  634     223        178         20       1136       1166         10
  635     330        308         24       1170       1200         10
  636     140        108         29          0       1736         10
  637      34        239         16          0       1699         10
  638      94        192          1          0       1749         10
  639     458        213         22       1128       1158         10
  640      13        314         14          0       1670         10
  641     202        391         30          0       1767         10
  642     339         41          6        456        486         10
  643     224         56         13          0       1720         10
  644     345        431         12        345        375         10
  645     292        104         26          0       1764         10
  646     318         99         35       1213       1243         10
  647      46        248          9          0       1711         10
  648     482        184         14          0       1674         10
  649     411        379         25          0       1709         10
  650     293        174         31         87        117         10
  651     169        305         21        162        192         10
  652     394         47          5          0       1667         10
  653     323         29          7       1137       1167         10
  654      65        343         38          0       1708         10
  655     158        179         37          0       1799         10
  656     299        353         34          0       1801         10
  657       9        233         31          0       1674         10
  658     330        138         18          0       1778         10
  659      48        412          7       1032       1062         10
  660     385         17         40          0       1646         10
  661     382        110         24          0       1723         10
  662     336        493         20          0       1658         10
  663     181        441         25          0       1712         10
  664     162        301         16       1613       1643         10
  665       1        101          8       1257       1287         10
  666      80        117         24          0       1700         10
  667     210        219          7          0       1865         10
  668     404         59         13          0       1670         10
  669     288        439         16          0       1723         10
  670     149        458         13          0       1684         10
  671     257        391         22       1633       1663         10
  672     405        349         15        522        552         10
  673     191        215         17         68         98         10
  674     231         29         14       1226       1256         10
  675     253         50         27          0       1715         10
  676     441        177         23       1001       1031         10
  677       5        445         30          0       1602         10
  678     463        253         23          0       1702         10
  679     435        180         37          0       1718         10
  680     198         85         28        263        293         10
  681      59        388         20        663        693         10
  682     373        418          6       1259       1289         10
  683     142         80         12          0       1714         10
  684     441          7         20          0       1606         10
  685      33        268         18        696        726         10
  686     355        174         33          0       1786         10
  687     228        260         12          0       1891         10
  688     114        460         14          0       1665         10
  689     337         41          8          0       1689         10
  690     154        374         36          0       1759         10
  691     235         13         27          0       1678         10
  692     303         78         12        179        209         10
  693     103        464         22          0       1656         10
  694     325        311         22          0       1819         10
  695     306        235         25          0       1858         10
  696     382        360         26        178        208         10
  697     235        288         18          0       1875         10
  698       0        356         13          0       1644         10
  699     178        135         21          0       1780         10
  700     226        423         15        197        227         10
  701      15         11         15          0       1580         10
  702     144         35         26          0       1676         10
  703     176        199         28          0       1826         10
  704     247        306         33          0       1859         10
  705     396        417         13          0       1694         10
  706     289        220         19          0       1866         10
  707      23        235         43          0       1688         10
  708     137        377         23        169        199         10
  709     400         71         17          0       1682         10
  710     261        359         10          0       1806         10
  711     438        127          2          0       1691         10
  712     318        280         21          0       1841         10
  713     333        293         27          0       1822         10
  714     436        295         11          0       1724         10
  715      62         94         16          0       1671         10
  716     495        355          3       1243       1273         10
  717      13        394         15          0       1638         10
  718     172        292         17          0       1827         10
  719      14        232         18          0       1679         10
  720     437         90         12          0       1669         10
  721     214        274         24          0       1872         10
  722     420        383         27          0       1700         10
  723     120        261          5          0       1785         10
  724     179         75         13          0       1727         10
  725     484        224          7          0       1680         10
  726     214        245          8          0       1879         10
  727     395        474         26          0       1649         10
  728     368        311         14          0       1783         10
  729     199        203         20          0       1846         10
  730     485        428         22       1490       1520         10
  731      86        199         23          0       1744         10
  732     447        272         12          0       1717         10
  733      40        304         16       1145       1175         10
  734     475        267          7          0       1690         10
  735     482        141         14       1011       1041         10
  736     489        274         31        534        564         10
  737      26        342         12          0       1673         10
  738     139        438         24          0       1697         10
  739      12        358          7       1224       1254         10
  740     125         61         26          0       1689         10
  741     360        284         19          0       1800         10
  742      29        358         23          0       1670         10
  743     285        247         13          0       1880         10
  744     248        386         22          0       1779         10
  745     415        207         18          0       1745         10
  746     130        247         17          0       1795         10
  747     172         66         18       1303       1333         10
  748      92        259          4        399        429         10
  749     379        486         22          0       1647         10
  750     452        484         26          0       1606         10
  751     268        288         26          0       1873         10
  752     349         43         26          0       1686         10
  753     225        269         30          0       1884         10
  754      50        383         20        260        290         10
  755     110        251         23        498        528         10
  756     461        182         13          0       1694         10
  757     255        487         19          0       1678         10
  758     133        202         33          0       1789         10
  759      34        329          2       1043       1073         10
  760     368        452         16          0       1682         10
  761     242        106         28          0       1771         10
  762     171        303         18          0       1820         10
  763     329        456         19          0       1695         10
  764     490        286         29          0       1673         10
  765      61        214          4          0       1723         10
  766     365         74         24          0       1705         10
  767     321        149         18          0       1792         10
  768      84        453         19          0       1653         10
  769      26        442         23          0       1620         10
  770     180        283         23          0       1838         10
  771     394        322         12       1025       1055         10
  772     348        348         23          0       1777         10
  773     309        161         23          0       1809         10
  774     385         58         24          0       1681         10
  775     228        287         21         43         73         10
  776     312        453          6        550        580         10
  777      35        344         21        863        893         10
  778     393         98         13          0       1707         10
  779     208        488         22          0       1674         10
  780     235         33         30          0       1698         10
  781     140        137         32          0       1758         10
  782     405        187         34       1251       1281         10
  783     330        371          1          0       1770         10
  784     265          0         10          0       1665         10
  785     295         89         23          0       1748         10
  786       3         23         11          0       1580         10
  787     363        225         35          0       1800         10
  788     148        208         22          0       1805         10
  789     466        362         15          0       1672         10
  790     267        290         15          0       1872         10
  791      98          2         14          0       1625         10
  792     131        246         17        832        862         10
  793     418         75         11          0       1673         10
  794     366        260         23          0       1799         10
  795     138         28         23       1097       1127         10
  796     209        212         18          0       1860         10
  797     443        167         17        543        573         10
  798     156         65         22       1037       1067         10
  799     279        355          9          0       1807         10
  800     206        172         29        788        818         10
  801      32         94         14        930        960         10
  802     301        239         31         52         82         10
  803     471        368         19          0       1665         10
  804     133        273         20          0       1796         10
  805     253         74         20          0       1739         10
  806     470        405         17          0       1646         10
  807      77        172         23          0       1726         10
  808      77        465         11          0       1640         10
  809     466         96         22       1383       1413         10
  810     402        277          5          0       1761         10
  811     267        374         23        601        631         10
  812     450        194         27        625        655         10
  813      89         65         16          0       1670         10
  814     429        389         18        424        454         10
  815     202         28         22          0       1688         10
  816      46        389         22          0       1669         10
  817     246        407         12          0       1758         10
  818     452        110         14          0       1670         10
  819     213        185         21          0       1841         10
  820     134        276         15          0       1797         10
  821     262         97         17        947        977         10
  822     469        489          4          0       1591         10
  823     364         71          5          0       1703         10
  824      68        240         11        794        824         10
  825     494        468         31          0       1588         10
  826     439        222         22          0       1724         10
  827     386        225         13          0       1777         10
  828     434        359         13          0       1702         10
  829     103        177         28          0       1751         10
  830      89        322         21          0       1739         10
  831     307        249         10       1377       1407         10
  832      30        155          9          0       1676         10
  833     401        314         25        976       1006         10
  834     217        357         23       1420       1450         10
  835     373        421         21          0       1705         10
  836       5        281         16          0       1669         10
  837     173        474         14          0       1679         10
  838      36        301         21          0       1696         10
  839     429        169          8          0       1719         10
  840     195        450         16          0       1708         10
  841      95        382         19          0       1712         10
  842     225        121         18          0       1784         10
  843      10        407         36        434        464         10
  844     221        269         14          0       1881         10
  845     264        180         33          0       1844         10
  846     168         59          6          0       1708         10
  847     281         96          1          0       1758         10
  848     387        349          9          0       1746         10
  849     398        329         17          0       1748         10
  850     239        486          3          0       1679         10
  851     237        420         15          0       1745         10
  852     346        354          8          0       1774         10
  853     172        314          9          0       1815         10
  854     233        230         20          0       1889         10
  855      79         80         19          0       1674         10
  856     243        402         13          0       1763         10
  857     117        110         13          0       1722         10
  858      66        314         26          0       1721         10
  859      58        391         16          0       1677         10
  860     142        360         20          0       1761         10
  861     492        326         19          0       1662         10
  862     381        328         12          0       1763         10
  863      62        236         29          0       1727         10
  864     344         70         24          0       1712         10
  865     151         81         28          0       1720         10
  866     240        240         35          0       1901         10
  867      46        163          8          0       1694         10
  868     455        168         21        867        897         10
  869     428        202         24        904        934         10
  870     432        199          7          0       1726         10
  871     391        112         24       1000       1030         10
  872     451        305         13          0       1707         10
  873     214        311         14         70        100         10
  874     465        367         14          0       1671         10
  875     164        473         26          0       1676         10
  876     364        173         30          0       1778         10
  877     274        261         20       1707       1737         10
  878     133        455         25          0       1679         10
  879     351        481         10        322        352         10
  880     115        395         11        815        845         10
  881     297        304          4          0       1844         10
  882       7        194         29          0       1666         10
  883     409        255         23          0       1756         10
  884      87        213         18          0       1748         10
  885      60        246         25          0       1725         10
  886       3        471         13          0       1584         10
  887     418        251         21          0       1747         10
  888     153        362          7          0       1767         10
  889     323         77         36          0       1728         10
  890     143        158         12          0       1774         10
  891     351        148         30        461        491         10
  892     426         38         23          0       1640         10
  893     226        316         21         70        100         10
  894     347        192         18          0       1802         10
  895     102          6          3          0       1630         10
  896      41        120         22          0       1669         10
  897     247        443         17        330        360         10
  898     218        271         16          0       1877         10
  899     376        385         12        184        214         10
  900     241        402         11          0       1763         10
  901     213        399         18          0       1762         10
  902      32        191          5        586        616         10
  903     441        374         10          0       1688         10
  904     376        113          8          0       1729         10
  905     215        434          9          0       1728         10
  906     499        316         18          0       1658         10
  907     318        497         21          0       1659         10
  908     256        441         34          0       1724         10
  909     174        397         32       1245       1275         10
  910     468        360         16          0       1671         10
  911     287        256         18          0       1878         10
  912     448        397         33          0       1669         10
  913     352        487         27          0       1657         10
  914     253        118         19          0       1783         10
  915     159        299         12          0       1812         10
  916     351        233         21          0       1813         10
  917     268        113         21          0       1777         10
  918     164        332         19          0       1797         10
  919      88        484          5          0       1631         10
  920     360        488         19          0       1653         10
  921     343        166         28          0       1790         10
  922     497        266         25        748        778         10
  923     138        406          8       1216       1246         10
  924     420        224         10          0       1744         10
  925     231        410         14          0       1754         10
  926     199        438          3          0       1721         10
  927     219        215         32          0       1869         10
  928     365        274         14        117        147         10
  929     481        454         14          0       1607         10
  930     187         61         19          0       1716         10
  931     372         97         13          0       1720         10
  932     187        263         35         64         94         10
  933     371        427         23          0       1701         10
  934      74        215         10        229        259         10
  935     375        145         12        929        959         10
  936     365         28          9        268        298         10
  937     118        314         26          0       1769         10
  938      60         29         32       1363       1393         10
  939     478        300         12          0       1682         10
  940      33        152         17          0       1677         10
  941     347        184         15       1079       1109         10
  942      94         40         24       1068       1098         10
  943     290        328          7        144        174         10
  944      96        346         26          0       1734         10
  945      97        288         22          0       1758         10
  946     176        470         14        547        577         10
  947     206         97         33          0       1756         10
  948     210        133         15          0       1792         10
  949     489        457         13          0       1599         10
  950     418        399         20          0       1691         10
  951     392        491         10          0       1636         10
  952     437         19         15          0       1618         10
  953     495         83         32          0       1619         10
  954     468        352          9          0       1675         10
  955     390        120         24          0       1724         10
  956      80        357          1          0       1715         10
  957     394        310         10          0       1759         10
  958      61        441         27        544        574         10
  959      52        303         25          0       1711         10
  960     391        202         14          0       1767         10
  961      36        451         15          0       1622         10
  962     276         84         20          0       1747         10
  963     130        140         17          0       1753         10
  964      16        287         12          0       1679         10
  965     292        136         28          0       1794         10
  966      53        204          8          0       1713         10
  967     359        287         24          0       1800         10
  968     309         29         11       1294       1324         10
  969     473        491         23          0       1587         10
  970     273        255         18          0       1892         10
  971     263        153         12          0       1818         10
  972     328        458         17        768        798         10
  973     401        164         13          0       1742         10
  974     480        119          7          0       1651         10
  975     488         96         22          0       1632         10
  976     149         98          4          0       1733         10
  977      49        437          7          0       1641         10
  978     440         77         14          0       1659         10
  979      43        135         31          0       1679         10
  980     188        151          7          0       1799         10
  981     175        422         24          0       1728         10
  982      48        437          4        804        834         10
  983     334        403         26          0       1741         10
  984     372        115         13          0       1734         10
  985     111        192         11          0       1765         10
  986     357        290         24          0       1801         10
  987     331        134         11          0       1774         10
  988     495        199         25          0       1665         10
  989     441         60         21       1459       1489         10
  990      51         89         19       1208       1238         10
  991     452        206         31        492        522         10
  992     195        386         13        146        176         10
  993     172         24         17       1452       1482         10
  994     408        318         15          0       1743         10
  995     410        399         25        234        264         10
  996     413        345         20          0       1727         10
  997     215        129         17          0       1790         10
  998     380        350         15          0       1751         10
  999      19         38         15          0       1602         10
 1000     166        247          1          0       1831         10
