10  10
   2  41   3  63   0  28   1  24   4  86   5  19   9  81   7  25   8  33   6  37 713   3  10
   0   5   3  63   2   6   4  92   1  20   6  36   9  79   7  24   8   6   5  98 738   9  11
   1  38   3  57   4  91   0  16   2  16   5   9   7  31   8  41   6  13   9  14 983  13   4
   0   6   2  40   1  20   3  13   4  92   9  86   8  68   6  64   5  61   7  80 777  19  12
   4  82   1  16   2  27   0  87   3  52   9  84   6   8   7  29   5  83   8  23 879  20  15
   2  40   4  76   3  59   0  31   1  90   7  44   5  27   8  51   9  96   6  32 754  20   7
   2  47   4  99   3  43   0  35   1  48   9  85   8  59   7  21   6  14   5   2 994   6   6
   3  71   2  33   4  89   1  84   0   7   8  69   5  75   7   3   9  56   6  69 827   9   5
   0  17   2  34   1  25   3  50   4   6   5   3   8  59   7   2   6  34   9  18 1041  16   8
   0   7   4  85   1  89   3  35   2  86   8  68   7  40   6  14   9  52   5   9 883   2  19
