10  10
   2  41   0  29   1   6   4  53   3  53   6  28   5   5   8  64   9  72   7   4 1056   3  10
   4  96   1  23   2  22   3  10   0  46   5   2   6  16   7  27   9  97   8  32 1093   9  11
   2  47   1   1   4  86   0  80   3  39   8  72   9  76   6  67   5  21   7  64 1454  13   4
   3  61   1  22   0  51   2  36   4  61   7  50   9  84   8  43   6  57   5  62 1150  19  12
   0   6   1   8   4  88   2  64   3  77   6  21   5  23   9  71   8  20   7  41 1301  20  15
   1  24   0  15   4  78   2  68   3  70   6  27   8  70   9  99   7  51   5  62 1117  20   7
   4  99   3  52   2   2   0  94   1  41   6  33   9  92   8  66   5  87   7  39 1470   6   6
   1  21   2  26   0  28   3  42   4  72   5   2   7  45   6  28   8  37   9  55 1224   9   5
   1  30   4  96   2  33   0  93   3  40   5  17   7  28   8  64   6  34   9  62 1540  16   8
   1  23   2  39   3  65   4  91   0  81   9  91   7  46   8  35   5  86   6  17 1307   2  19
