# n=40 p=0.050 seed=1244
  0   9
  0  15
  1  30
  2   6
  2  32
  2  38
  3  23
  3  36
  4   8
  4  23
  5  19
  5  30
  6  21
  6  26
  7  26
  7  38
  8  32
  8  34
  9  15
  9  17
  9  24
 10  26
 11  12
 11  14
 11  32
 11  38
 12  21
 12  37
 13  21
 13  23
 13  34
 14  15
 14  33
 15  17
 15  24
 16  38
 17  23
 17  25
 17  27
 17  36
 18  33
 19  37
 20  31
 21  34
 22  32
 22  34
 23  24
 23  37
 24  38
 26  28
 28  36
 29  31
 31  33
 35  36
