# n=40 p=0.050 seed=1230
  0   7
  0  33
  1   7
  2   4
  2   5
  2  32
  2  35
  3   8
  3  31
  3  33
  6  39
  7   8
  7   9
  7  23
  7  26
  7  33
  7  35
  8  14
  8  19
  8  37
  9  18
  9  20
  9  28
  9  39
 10  12
 10  28
 10  30
 11  18
 11  28
 11  34
 12  21
 13  16
 14  19
 14  22
 14  37
 14  39
 15  38
 16  35
 17  38
 18  19
 18  26
 19  29
 19  31
 20  34
 21  28
 23  29
 25  28
 25  31
 25  38
 26  34
 29  31
 29  38
 30  37
 31  32
 31  36
 32  33
