# Randomly generated data for apersonnel scheduling problem
# ./datagen tightness = 90 Multi-skilling level = 66
# Random number generator seed = 0
Type = 1
Jobs = 208
   7  365
  48  427
  18  433
   0  389
  28  443
  19  347
  35  325
  90  466
 390  610
  21  301
  22  369
  25  442
  19  559
 421  689
 709 1138
   1  334
  87  653
  52  382
  34  418
   2  248
  53  380
 598 1010
   9  501
  54  564
 503  892
  48  565
 265  565
  56  340
   6  404
  40  343
   2  250
 103  574
   5  252
 627  944
 421  831
  10  513
  23  488
  15  291
 492  796
   6  374
 676 1011
  50  567
  68  479
 443  993
 116  429
   7  288
 104  425
  17  380
  33  587
   2  302
 389  644
  11  270
 153  465
 344  596
  98  417
 572  982
   7  331
  72  354
 284  718
 471  946
 307  652
 263  560
 903 1114
  42  392
  19  532
 660  941
   0  361
 417  811
 408  920
 422  671
   9  373
 384  818
 316  775
 308  732
 374  802
 463  980
 822 1050
 587 1050
 619 1000
 589  923
  15  396
 389  813
 350  724
 614 1055
 106  436
 823 1104
 756 1032
  30  432
 282  573
 653  939
 475  988
 452  836
  38  480
  13  263
  12  423
 335  679
 378  793
 671  993
 454 1029
 415  696
   8  428
1052 1399
 724  964
1013 1346
 344  774
 495  982
 687 1136
 946 1435
 516 1056
 831 1376
  18  451
1020 1437
1111 1384
   5  320
 356  765
 708 1133
 408  718
 604  998
 805 1074
  39  459
1010 1392
 789 1306
1012 1410
 546 1083
 978 1415
 267  634
  17  311
 469  996
1017 1348
 477  761
  13  376
 611 1005
 931 1436
 578  947
 318  771
 469 1048
 567 1025
 789 1162
 807 1055
 396  682
 410  663
 880 1165
1147 1418
1021 1345
 501  866
 662  988
 444  956
 787 1055
 668  958
1167 1434
 978 1426
 421  938
 688  944
1081 1403
 324  530
1020 1427
 868 1158
1065 1439
1080 1439
1074 1439
 452  795
1022 1432
 953 1423
 783 1142
1148 1439
 728 1013
1057 1431
 674 1113
1009 1405
1051 1394
 511  977
1075 1433
 803 1379
 448 1005
 965 1400
 705  984
1047 1420
 534  919
 498  808
1057 1398
1150 1417
 845 1314
1008 1423
1084 1402
 992 1414
1140 1428
1083 1414
1095 1424
1015 1350
1177 1429
1016 1329
 974 1427
 988 1408
1157 1439
1024 1426
1122 1438
 966 1430
 936 1425
1190 1437
1090 1401
1024 1427
1073 1404
 879 1408
1065 1437
1098 1403
1037 1398
 945 1438
1035 1355
Qualifications = 75
134: 113 154 177 197   1   2   4   5   6   7   8   9  10  11  12  13  14  17  19  20  21  22  23  26  27  28  29  30  31  32  36  39  40  42  44  45  46  47  48  50  51  53  55  57  58  61  63  65  66  70  76  77  78  79  80  83  84  87  88  89  90  91  93  94  95  96  97  98 100 101 102 103 104 105 106 107 109 110 115 116 119 122 125 127 128 129 130 131 134 135 136 137 141 143 145 146 147 148 149 152 159 160 163 165 166 169 172 173 174 175 176 178 179 180 182 183 184 185 188 189 190 191 193 194 196 198 199 200 201 203 204 205 206 207 
138:  22  24  62 195   0   1   2   4   6   9  10  11  14  15  16  17  18  20  23  25  27  28  29  30  31  32  34  36  38  39  40  41  44  45  47  48  49  50  52  54  55  60  61  63  64  65  66  68  70  71  72  73  74  76  79  80  81  84  85  87  89  90  91  93  94  96  97  99 105 106 107 109 110 111 113 114 115 118 119 120 121 122 124 125 126 127 130 131 132 134 137 139 141 142 143 145 146 147 148 150 151 153 154 157 158 159 160 164 167 168 169 170 171 172 173 174 175 176 177 178 179 180 181 182 183 185 186 188 189 190 191 198 200 202 203 204 205 206 
151:   3   8  33 206   1   2   4   5   6   7   9  11  12  13  15  16  18  19  21  22  23  24  27  28  29  30  31  32  34  35  36  38  39  40  41  42  43  44  45  46  47  48  50  51  52  53  55  56  57  61  62  63  64  68  69  70  72  73  74  77  78  80  81  83  84  86  87  88  90  91  92  93  94  96  97  99 102 103 104 106 107 110 111 112 114 115 117 118 119 120 121 122 123 124 125 129 130 133 134 135 137 138 139 140 141 142 143 145 146 147 148 149 150 152 153 155 159 161 162 163 164 166 169 170 171 172 173 174 175 176 177 179 180 181 183 184 185 187 188 190 191 192 193 194 198 199 200 201 202 204 205 
141:  35 117 183   0   3   6   7   8   9  10  12  13  14  15  19  21  23  24  26  29  30  31  32  33  34  36  37  38  41  42  43  44  45  47  48  49  51  52  54  56  58  59  60  62  65  66  67  68  69  71  72  73  74  76  77  79  81  82  83  84  85  86  88  89  90  91  93  94  96 100 103 106 107 108 109 110 111 112 113 115 116 118 120 121 124 125 126 128 131 132 133 134 135 136 137 138 140 141 142 144 145 146 149 150 152 153 154 155 156 157 158 160 161 162 163 164 165 166 167 174 175 177 186 188 189 191 192 193 195 196 197 198 199 200 201 202 203 204 205 206 207 
136:  54  67 132   0   1   3   4   5   6   8   9  12  13  16  17  18  20  21  22  23  24  25  27  28  30  31  32  34  35  36  37  38  41  42  43  46  47  49  51  52  53  58  59  60  61  62  65  66  69  70  71  72  73  75  76  77  78  79  80  82  84  86  87  88  89  90  91  94  96  97  98 100 101 102 103 104 105 107 108 111 113 114 115 117 120 122 124 125 126 128 129 130 131 134 135 137 138 140 141 142 144 145 146 147 149 150 151 155 158 161 163 166 167 168 171 172 173 174 175 176 177 178 179 180 181 189 190 191 193 194 197 199 200 203 204 207 
138:  23 131 207   0   3   5   6   7   8   9  10  11  12  13  14  15  16  17  18  19  20  21  24  25  26  27  30  32  33  35  36  37  38  39  40  41  42  43  44  45  47  48  49  50  51  52  56  57  58  59  60  61  63  66  68  69  72  74  76  78  83  85  86  87  88  92  94  97  98  99 100 101 103 104 105 107 108 109 110 111 115 116 118 119 120 122 124 125 126 127 128 129 132 136 138 139 145 148 149 151 153 155 156 157 158 159 160 161 165 166 167 168 169 171 172 173 174 175 177 179 181 182 183 186 187 188 190 191 192 195 197 199 200 201 202 203 204 205 
139:  46 146 168   0   1   2   3   4   6  10  11  12  13  15  16  18  21  23  24  26  29  30  32  33  34  35  36  37  38  40  42  45  47  50  51  52  53  54  55  56  58  60  63  64  65  66  67  68  69  70  71  73  77  78  81  83  84  85  86  87  89  91  93  94  96  97  99 101 102 103 104 105 107 110 111 113 114 115 116 117 118 120 121 122 123 124 126 128 129 130 133 136 137 138 140 142 143 144 145 148 149 151 152 154 155 156 158 159 160 162 163 165 166 167 169 173 175 177 178 179 180 181 184 185 186 189 190 192 193 194 195 196 197 198 199 200 201 204 206 
143:  28  68 153   1   4   5   6  10  11  12  13  16  17  18  19  20  21  22  26  27  29  30  33  34  36  37  38  39  40  41  42  44  45  47  48  49  50  51  53  54  55  56  60  61  62  63  66  67  69  71  72  75  76  78  80  81  82  83  84  85  86  87  89  90  91  92  94  96  97  98  99 100 101 102 103 104 106 109 111 112 113 116 117 118 119 120 121 123 124 125 126 127 129 131 132 133 136 139 140 141 142 143 144 145 146 148 149 150 151 154 156 157 158 159 160 164 165 166 167 169 170 171 174 179 181 183 184 185 187 189 190 191 193 194 195 196 198 199 200 201 203 204 205 
141:  64  97 122   1   2   3   5   6   7   8   9  11  12  13  15  16  17  19  20  21  23  24  25  26  27  29  30  32  33  34  37  40  42  43  45  47  49  50  51  52  53  54  55  57  58  62  63  66  67  72  73  74  75  77  78  79  81  82  83  84  85  88  90  91  92  93  95  98  99 100 101 102 104 106 108 109 110 112 113 114 117 118 119 120 123 124 125 126 129 130 131 132 136 138 139 140 141 142 144 146 147 150 154 155 156 157 158 159 161 163 164 165 167 168 170 171 172 173 174 178 179 181 183 185 186 187 188 189 190 191 192 195 196 198 199 200 201 202 203 204 205 
138:  87  90 143   0   2   3   4   6   7   9  11  12  14  15  18  19  20  21  22  23  24  25  26  27  28  29  31  32  34  35  36  39  40  41  43  44  46  47  49  50  53  55  56  57  58  59  61  62  65  66  67  69  70  71  73  75  76  80  81  82  84  85  88  89  91  92  93  94  95  96  97 100 102 103 105 106 109 110 111 114 115 116 117 118 119 120 123 124 125 127 128 129 130 132 133 134 135 136 138 139 140 142 146 150 151 155 157 159 160 161 162 164 167 168 169 172 173 175 177 178 179 180 181 182 184 186 189 190 191 192 193 195 197 198 200 202 203 204 
132:  56  75 194   1   2   3   6   7   8   9  11  12  13  16  17  19  20  22  23  24  25  26  27  30  31  33  36  37  39  40  42  43  45  46  47  48  49  50  52  53  54  55  58  61  62  63  64  68  69  71  72  73  74  76  77  78  79  80  81  82  83  84  85  87  88  90  92  93  94  97  99 102 103 105 106 111 112 116 118 119 120 126 127 129 130 133 138 139 140 141 142 144 147 149 150 151 152 154 155 158 159 161 162 163 164 166 167 168 169 171 172 174 175 176 178 179 180 181 182 188 189 191 192 193 195 196 198 199 200 203 205 206 
137:  41 145 200   0   1   2   5   8   9  10  11  12  14  15  17  19  20  21  23  24  26  27  29  30  34  35  36  38  39  40  44  45  46  47  48  49  51  52  55  56  57  58  62  65  67  71  72  73  75  76  77  79  80  82  83  85  86  87  88  90  91  92  94  95  96  97  98  99 100 103 104 106 108 109 113 115 118 119 120 121 122 123 124 125 128 129 130 131 132 133 135 138 139 141 142 146 147 148 149 150 151 152 154 155 156 159 161 163 164 165 168 169 170 171 172 173 174 176 179 180 181 182 183 184 187 188 191 193 194 198 199 201 203 204 205 206 207 
149:  20 151 155   2   3   4   5   6   7   9  10  11  12  13  14  15  17  18  19  21  22  24  26  27  29  30  31  32  33  34  35  39  40  41  42  43  44  45  47  48  49  50  52  53  54  57  58  59  60  61  63  64  66  68  69  70  71  72  73  74  75  76  78  79  81  82  86  88  89  95  96  97  98  99 100 103 104 105 106 108 109 111 112 113 114 115 116 117 118 122 123 124 125 126 127 128 129 130 132 134 137 138 139 140 141 142 143 148 149 152 154 156 158 159 160 162 163 164 167 168 169 170 171 172 173 174 176 178 179 180 182 183 184 185 187 188 189 190 191 194 195 196 197 198 200 202 204 205 207 
140:   5 114 121   0   2   4   6   7   8   9  11  12  14  17  18  20  21  22  23  24  25  26  27  29  31  32  33  34  37  38  40  42  44  45  46  47  48  49  50  53  54  56  58  59  60  63  64  65  67  68  69  71  72  74  75  76  77  78  81  83  87  88  89  90  91  94  95  97 100 101 102 103 105 106 108 110 111 113 115 116 117 120 122 123 125 127 128 129 130 134 135 137 138 139 140 141 142 143 145 146 147 148 150 155 156 158 160 161 163 165 166 167 168 169 170 171 172 173 174 175 176 177 178 180 181 183 184 185 186 187 188 190 194 195 201 202 203 204 206 207 
145:  25  55 187   0   1   2   3   6   8   9  11  12  13  14  16  17  19  20  21  22  23  24  26  27  28  29  30  32  35  37  38  39  40  41  42  43  45  48  49  50  51  52  53  54  58  59  60  64  65  68  69  72  75  76  77  78  79  80  81  82  83  84  85  86  87  88  89  90  91  92  94  96  98  99 100 101 102 103 104 105 106 107 108 109 110 113 115 117 120 121 123 125 127 128 129 130 133 134 135 137 140 144 146 148 149 150 152 153 154 156 157 158 161 162 163 164 165 166 167 168 170 171 172 173 175 176 177 178 179 180 182 183 184 186 188 189 190 191 192 195 197 198 203 205 207 
127:  84 127 161   1   2   3   4   6   7   8  11  13  14  17  18  19  20  22  27  30  31  32  33  34  35  36  37  39  40  41  42  43  45  48  50  51  52  54  56  59  60  62  64  65  67  69  70  71  72  74  76  77  79  80  82  83  85  86  88  89  90  92  93  98 102 105 106 107 109 110 111 116 117 118 120 121 124 125 128 129 131 132 133 134 136 137 138 140 145 146 147 148 150 151 152 153 154 155 156 157 158 159 160 162 163 166 167 169 170 171 173 175 176 182 183 185 191 195 196 197 199 200 201 203 204 205 207 
140:  17  34 202   0   1   2   3   4   6   7   8   9  10  11  15  16  18  20  21  22  23  24  25  26  28  29  32  33  36  37  38  40  41  42  44  48  49  50  51  52  55  56  60  61  62  67  69  70  71  73  74  75  76  78  82  83  84  85  86  88  89  91  92  93  94  95  96  97  98  99 100 101 102 103 104 105 106 107 108 109 111 112 114 115 117 119 120 121 122 123 126 127 131 132 134 136 137 139 140 141 142 144 145 147 148 149 150 151 153 155 157 162 163 164 166 167 168 169 170 174 175 176 177 179 184 185 186 187 189 190 191 193 194 195 196 197 198 199 201 206 
127:  94 123 186   0   1   2   6   7   9  10  11  13  16  17  18  20  21  22  26  27  28  30  32  33  34  36  37  38  39  40  42  48  50  53  54  55  56  57  58  59  61  62  63  64  65  66  69  70  71  72  73  74  75  76  80  82  83  87  88  89  91  92  93  95  98  99 101 102 103 106 107 108 109 112 113 115 116 117 119 124 130 131 134 135 137 138 139 140 141 145 153 154 156 158 161 162 163 164 165 167 168 170 171 174 175 176 177 178 181 184 187 189 190 191 192 193 194 195 197 198 199 200 201 202 203 206 207 
141:  42 108 201   0   1   3   4   6   8   9  11  14  15  18  19  20  21  22  23  24  25  26  27  28  30  32  34  35  36  38  40  43  44  45  46  47  48  49  51  56  57  58  61  62  63  64  65  66  67  68  69  71  72  76  78  79  80  81  82  83  84  86  87  89  90  91  94  95  97 103 104 105 106 107 110 111 113 115 116 117 118 119 121 122 123 124 125 128 130 132 133 135 137 138 139 140 142 143 144 145 146 149 150 151 152 153 155 156 158 159 160 161 164 165 166 167 168 169 173 174 175 176 177 178 179 180 181 182 185 186 187 188 190 191 192 193 197 198 200 202 206 
137:  12  21 128   0   2   3   4   5   7   8   9  10  13  15  16  17  19  23  25  26  27  30  31  33  34  35  36  37  38  39  40  41  42  44  45  49  51  52  54  56  57  59  60  65  69  71  72  73  76  77  78  80  81  82  83  84  86  87  88  90  92  93  95  96  99 100 101 103 104 106 108 109 110 111 112 113 114 115 117 118 119 120 121 122 123 125 126 127 129 130 131 136 137 139 140 143 145 146 147 148 149 150 151 154 157 158 159 160 161 163 164 166 167 168 170 174 177 178 179 180 182 183 184 185 187 188 190 191 192 193 194 196 197 199 202 204 205 
137:  15  96 109   1   3   4   6   7   8   9  11  13  14  16  17  18  19  20  22  24  25  26  27  28  29  30  32  33  34  36  37  38  39  40  41  43  46  48  49  51  52  53  54  55  56  60  61  62  63  64  65  73  74  75  79  81  82  83  85  86  87  89  90  91  93  98  99 100 101 102 104 105 106 110 112 113 117 118 119 120 121 124 125 127 128 130 132 134 136 137 139 140 141 143 144 146 147 148 150 151 152 154 155 156 157 158 160 161 162 163 164 165 166 169 172 173 175 177 181 182 183 186 187 189 190 191 192 193 195 196 199 200 201 202 203 205 207 
137:   2  43 103   0   4   5   6   7   8   9  10  12  13  15  16  17  20  21  26  27  29  31  32  33  34  36  38  39  40  41  47  48  49  51  52  53  54  57  58  59  60  61  65  66  67  68  71  72  73  75  76  77  78  80  81  83  85  87  89  90  91  92  93  94  96  97  98 100 102 104 107 108 109 110 111 113 117 118 119 120 121 123 124 126 128 129 132 133 137 138 140 142 143 145 146 147 148 149 150 151 153 154 155 157 159 160 161 162 163 164 165 166 167 169 170 171 173 174 176 178 179 180 183 184 188 189 191 192 193 194 195 197 199 200 204 206 207 
146:  48  79 182   2   3   5   8   9  10  11  12  13  14  15  16  18  20  21  23  24  25  26  27  28  29  30  31  32  33  34  36  37  38  39  41  42  43  45  46  47  51  52  53  54  55  56  57  58  61  63  64  67  70  71  72  73  74  76  77  78  82  84  85  86  87  89  90  91  92  95  96  97  98 103 106 108 109 110 111 112 113 114 116 117 118 120 121 122 123 124 126 128 129 130 132 134 136 137 138 139 142 143 144 145 148 149 151 152 153 154 155 156 157 159 160 161 162 164 166 167 168 169 170 171 172 175 176 177 178 179 180 185 189 190 191 192 194 196 197 198 199 200 201 203 204 205 
139:   4 173 188   0   1   5   6   7   8  10  11  12  13  14  15  16  17  19  20  21  22  23  25  26  28  32  34  35  36  39  41  42  43  45  46  47  48  49  50  52  54  55  56  57  58  60  61  62  64  65  66  68  72  73  75  76  77  78  79  81  86  88  90  91  92  93  96  98 100 101 102 103 104 105 106 109 110 111 113 115 116 118 120 121 123 127 128 129 130 131 132 133 134 136 137 138 139 141 142 145 146 147 150 151 153 154 155 156 157 158 159 160 161 164 166 167 168 170 171 174 179 180 182 183 184 187 189 190 191 193 195 197 198 200 203 204 205 206 207 
147:  16  40 111   0   1   2   3   4   6   7   8  11  12  14  15  17  18  20  21  22  24  25  27  30  31  35  36  37  38  39  41  42  43  44  45  49  50  52  53  54  57  59  60  61  62  63  64  65  66  67  68  70  74  75  78  80  81  83  84  85  86  87  89  91  92  93  94  97  98  99 100 101 103 104 105 106 107 108 114 115 116 118 119 122 123 124 125 126 127 128 129 130 131 132 134 135 136 137 139 140 141 142 143 144 146 147 148 151 152 153 155 156 157 158 159 161 162 165 166 167 170 171 172 175 180 181 182 183 184 185 186 187 188 189 190 191 192 193 195 196 197 198 201 202 203 204 207 
142:  11  98 179   0   1   2   3   4   6   8   9  12  13  15  25  26  27  28  29  30  31  32  34  35  36  39  40  42  43  44  45  46  47  48  51  54  55  56  58  59  61  62  64  66  67  69  70  71  72  73  74  75  76  79  80  82  83  85  86  87  88  89  90  93  94  96  97  99 102 103 104 106 108 109 110 111 113 116 119 120 121 123 124 125 126 128 129 130 132 134 139 140 141 144 145 146 147 149 151 153 154 155 156 157 158 159 160 161 162 163 164 165 166 167 170 171 173 175 177 178 180 181 183 184 185 186 188 189 190 192 194 195 196 197 199 200 201 202 203 204 206 207 
145: 100 160 172   5   7   9  10  11  12  13  14  15  17  18  19  20  21  22  23  24  25  26  27  28  30  32  33  35  37  40  42  43  44  45  46  47  51  54  55  56  57  58  59  60  61  63  65  66  67  68  69  70  71  73  74  75  76  81  82  83  84  86  87  88  89  90  91  92  93  94  95  99 101 102 104 105 107 108 109 110 111 114 115 116 117 118 120 121 122 125 127 133 134 136 137 138 139 140 141 143 144 145 146 148 150 151 152 153 154 155 156 157 161 162 163 164 165 166 167 169 170 171 173 175 177 178 179 180 181 182 184 188 189 190 191 192 194 196 198 199 200 201 205 206 207 
139: 119 135 169   2   3   4   5   6   8   9  12  13  14  15  16  17  18  19  20  21  22  24  25  26  27  28  31  32  33  34  35  36  37  38  39  40  41  42  43  45  47  48  49  50  52  53  55  56  57  58  60  63  64  65  66  69  71  72  73  74  75  76  78  79  80  82  84  85  86  89  91  92  93  94  97  98 101 102 103 105 110 111 113 115 116 118 120 121 122 124 128 129 130 131 132 133 137 141 142 144 145 146 148 149 152 153 155 157 161 162 163 164 165 166 167 170 171 172 173 175 176 177 178 179 180 182 188 189 190 192 194 195 196 200 201 202 203 204 205 
145:   9  95 175 192   0   2   3   5   6   7   8  11  13  15  18  19  20  21  22  25  26  27  28  29  30  32  33  34  35  36  37  38  39  41  42  43  44  47  48  51  52  53  55  57  58  59  63  64  65  67  68  69  70  71  73  75  76  77  78  79  80  81  82  84  85  87  88  91  93  96  97  98 101 102 103 104 106 107 108 109 111 113 114 115 118 120 121 122 123 124 125 127 128 131 133 135 136 137 138 139 140 142 143 144 145 147 148 149 150 151 153 154 156 157 158 159 161 163 164 165 168 169 171 173 176 177 178 179 181 182 183 184 185 186 189 190 191 194 195 196 198 199 201 202 204 
130:  37  60  65 184   0   1   2   4   5   6   7   8  10  11  12  15  16  19  20  21  22  23  24  28  29  30  33  36  44  45  46  47  48  51  52  54  55  57  58  61  62  63  64  66  67  68  70  71  73  76  78  80  81  85  86  88  89  90  91  92  93  94  97 100 101 102 103 105 107 108 109 110 112 113 117 118 120 122 123 125 130 131 133 134 135 136 138 140 141 142 143 144 145 147 148 149 152 156 157 159 160 161 162 163 164 165 167 168 169 172 173 174 175 177 178 179 180 182 186 187 190 192 194 196 198 201 202 203 205 206 
131:  45  73  86 101   1   2   4   5   7  10  11  12  14  15  18  19  20  21  22  23  24  26  27  28  29  31  32  33  36  37  39  40  41  46  47  48  51  53  54  55  56  59  62  63  64  66  69  70  76  78  80  81  83  85  87  88  89  91  92  94  95  96 103 104 106 108 112 115 116 117 118 120 121 122 123 124 125 126 127 130 133 134 135 136 137 138 139 140 141 143 145 148 149 150 151 153 155 156 157 159 160 161 162 163 164 165 166 167 169 172 173 175 176 178 179 182 183 184 185 186 189 191 192 194 198 200 201 202 203 204 206 
139:  10  81  85 112   2   4   6   8   9  12  13  14  15  16  17  18  19  20  22  23  24  25  26  32  33  36  37  38  39  41  42  43  44  45  46  47  49  50  52  53  54  55  56  58  59  60  61  63  64  68  69  70  72  77  78  79  84  86  87  90  91  94  95  96  97  98 100 101 102 104 107 108 111 113 114 115 116 117 118 120 124 125 127 128 131 132 134 135 136 137 138 140 141 142 145 147 148 149 152 154 155 156 157 158 159 162 167 168 169 170 171 174 176 177 178 179 180 181 182 183 185 186 188 190 191 192 193 194 195 196 197 198 199 200 201 203 204 205 206 
137:  63  99 115 142   0   2   3   4   5   7   8  10  11  12  13  15  16  17  20  21  25  26  27  33  37  38  39  42  43  45  46  48  49  50  51  52  53  54  55  56  57  58  59  60  64  66  68  69  70  73  74  75  76  77  78  79  81  82  83  84  87  88  89  90  91  92  94  96  97 100 101 102 104 105 107 108 109 111 114 116 117 118 119 120 122 124 125 126 127 128 129 131 132 134 137 138 139 141 143 146 147 148 149 151 152 153 155 156 157 158 159 160 161 162 164 167 168 169 170 171 172 174 175 181 184 186 188 190 191 192 193 194 196 201 203 205 206 
139:  57  74 118 171   0   1   2   3   4   6   7   8  10  12  14  16  17  19  21  22  25  26  27  28  30  31  32  33  34  36  37  39  40  41  45  46  48  49  51  52  53  54  55  56  58  59  61  62  63  64  68  72  73  76  79  80  81  82  85  86  87  88  89  90  93  95  96  97  99 102 103 104 105 107 109 110 111 113 114 115 116 117 119 120 123 125 126 127 128 129 131 132 133 134 135 136 138 139 140 141 142 143 144 147 148 149 150 152 154 155 156 160 161 162 163 165 166 167 168 170 172 177 179 182 185 186 188 189 191 192 194 195 196 197 198 202 204 205 206 
134:   0  13  14 193   2   3  11  12  15  18  19  20  22  23  24  26  27  28  29  30  31  33  34  35  38  39  40  42  43  44  45  46  47  48  49  50  52  53  55  56  57  58  59  60  61  62  63  64  66  69  70  72  73  74  76  77  78  80  81  82  83  84  85  86  87  88  90  91  93  96  98  99 100 101 103 105 106 107 109 111 112 113 116 120 121 124 125 126 129 130 133 135 136 137 140 141 144 145 147 148 150 151 152 153 154 155 157 160 161 162 165 166 169 171 172 174 176 178 180 183 184 186 187 192 194 195 196 198 199 201 204 205 206 207 
135:  27 104 147 158   3   4   5   8  11  12  13  14  15  16  18  19  21  23  25  29  30  33  34  36  38  40  41  42  45  46  47  49  50  51  52  53  54  55  56  58  59  61  62  63  64  65  66  67  68  70  72  74  75  76  77  78  79  80  81  82  84  85  86  87  88  89  91  93  96  99 102 106 107 108 110 111 112 115 116 117 120 121 123 124 125 126 127 128 129 131 133 135 138 139 140 141 142 145 146 149 150 151 153 154 156 161 164 168 169 171 172 175 176 177 178 179 180 181 182 183 188 189 190 191 192 193 195 196 197 198 199 201 202 204 207 
145: 110 129 163 180   0   1   3   4   5   6   8   9  10  11  12  13  14  15  16  17  20  21  22  23  24  25  27  31  32  34  35  36  38  39  40  41  43  44  45  46  47  48  50  52  54  55  57  61  62  63  64  65  66  68  72  73  74  75  76  77  78  79  81  84  86  88  90  91  94  95  96  98  99 100 102 103 106 107 108 109 112 113 115 116 118 119 121 122 124 125 126 127 128 132 133 134 136 137 138 139 141 144 145 146 147 149 150 151 152 153 155 162 164 165 166 167 168 169 170 171 172 173 174 175 177 178 179 183 184 185 186 187 188 189 190 191 193 194 195 196 201 202 203 204 207 
149:  66  71 141 149   0   1   2   5   6   8   9  10  11  12  13  14  15  16  17  20  23  24  28  29  30  34  36  39  40  42  44  45  46  47  48  49  52  53  54  55  56  57  58  60  62  63  65  67  68  69  70  73  74  75  76  77  78  79  80  81  82  83  84  85  86  87  88  89  91  92  94  95  98 101 102 103 104 105 106 108 109 110 111 112 113 114 116 118 119 121 122 123 124 125 127 128 129 132 135 136 137 140 142 143 146 147 148 150 151 153 155 156 157 159 160 162 163 164 165 166 167 168 169 170 171 172 174 176 177 178 181 182 185 189 190 191 192 194 195 196 198 199 201 202 203 204 205 206 207 
142:  51  58 165 205   0   1   3   4   5   7   8   9  10  12  13  14  16  17  18  19  22  23  24  25  27  28  29  30  34  35  36  37  38  39  42  44  46  48  49  52  54  55  56  59  61  63  64  65  66  70  72  73  77  79  80  83  84  85  86  88  89  93  94  97  98  99 102 103 104 105 106 107 108 110 112 113 114 115 116 117 118 119 120 122 123 124 125 126 127 128 129 130 131 133 134 135 136 137 139 140 141 142 144 145 146 148 149 151 152 153 154 158 160 161 162 164 166 167 168 170 171 172 174 175 177 180 181 182 183 184 185 186 192 193 194 195 196 200 201 202 203 206 
150: 130 139 152 174   0   2   3   4   5   7   9  10  12  13  14  15  16  17  18  19  20  22  23  24  25  26  27  28  29  30  31  38  39  40  43  44  45  46  48  49  50  51  53  55  56  57  58  59  60  61  62  64  65  66  67  68  69  71  72  77  78  79  81  82  83  84  85  88  92  94  95  96  97  98  99 100 101 102 103 106 107 108 109 110 113 114 116 118 119 120 122 123 124 125 126 127 128 131 133 134 135 136 137 138 140 141 142 146 147 148 149 153 157 158 161 162 164 166 168 170 171 172 173 176 177 178 179 180 181 182 183 185 187 188 189 191 192 193 194 195 196 197 198 199 200 202 203 204 206 207 
131:  47  50  89 124   0   1   2   3   4   5   6   9  10  12  14  15  16  18  19  20  21  24  25  26  30  31  32  37  38  39  40  43  44  45  46  49  51  53  56  57  58  59  60  62  63  65  66  67  68  69  70  71  73  76  80  82  83  84  85  86  90  93  95  96  99 101 104 105 106 108 109 110 111 113 114 115 117 119 120 122 125 127 128 129 130 131 134 136 137 138 139 141 142 143 144 149 151 155 156 157 159 160 161 162 163 167 170 171 172 177 178 179 180 183 185 187 189 190 192 194 195 197 198 199 201 202 203 204 205 206 207 
142:  70 140 167 185   0   1   2   4   8   9  10  11  12  13  14  15  16  17  18  19  22  23  25  26  28  30  31  32  35  36  38  40  41  42  43  45  46  47  48  49  51  53  55  56  57  58  59  60  62  63  64  66  69  71  72  73  74  77  80  81  82  83  88  89  90  91  92  93  94  97  98 100 101 102 103 105 108 109 110 112 114 115 116 117 120 121 122 123 124 127 128 131 134 136 137 138 139 141 142 143 144 145 146 147 150 151 152 153 154 156 157 158 159 161 162 164 168 169 178 179 180 181 183 186 187 188 190 191 192 193 194 195 196 197 198 199 200 202 203 205 206 207 
133:   6  53  83 159   0   3   4   7   8   9  10  11  12  13  15  16  17  19  20  21  22  23  24  27  32  35  36  37  42  44  45  47  48  49  50  54  55  56  58  61  62  63  64  65  66  68  70  73  74  75  76  77  79  80  81  84  85  87  88  89  91  92  94  95  98  99 100 101 102 103 105 106 108 109 110 112 114 115 117 118 121 123 125 128 131 132 137 138 140 141 142 143 144 146 147 149 150 152 154 155 156 158 160 161 163 164 165 167 170 171 172 174 175 177 179 184 185 186 187 189 190 191 192 193 194 195 196 198 200 202 204 206 207 
145:  92 144 156 189   0   1   2   4   6   9  10  11  12  13  14  17  18  19  20  25  26  27  28  29  30  31  32  33  34  35  36  38  39  40  41  44  45  48  49  50  52  53  55  56  58  59  61  62  63  64  65  67  68  69  70  71  72  73  74  75  76  77  78  80  81  84  85  86  88  89  90  91  94  95  96  97  98  99 100 102 103 104 105 107 108 109 110 113 114 115 116 117 118 120 124 125 128 129 130 132 133 134 136 138 140 143 145 146 148 149 152 154 157 159 160 162 163 166 167 168 169 171 172 173 176 177 178 183 184 185 186 188 193 194 196 197 198 199 200 201 202 203 204 205 206 
154:  93 125 148 150   0   1   3   7   8   9  11  12  13  16  18  19  20  21  22  23  24  26  28  29  30  31  32  33  34  35  37  38  39  40  41  42  43  44  45  46  47  48  49  51  53  57  58  59  62  63  64  67  68  69  70  71  73  74  75  76  77  78  80  81  83  84  86  88  89  90  91  92  94  96  97  99 100 101 102 103 104 105 106 107 108 110 112 113 114 115 116 117 118 119 120 121 122 124 127 128 129 130 131 133 135 137 138 140 141 142 144 145 147 149 151 152 153 154 156 157 158 160 161 162 164 165 166 168 169 170 172 175 178 179 181 182 183 184 185 186 188 189 190 193 194 195 197 198 199 201 203 204 206 207 
135:  39  69 106 164   1   2   3   4   6   7  11  12  13  15  17  18  19  20  22  25  26  27  28  29  30  32  33  35  36  38  42  43  45  52  54  55  57  58  59  60  62  64  65  67  70  71  72  73  74  76  77  80  81  83  85  86  87  89  90  91  92  93  94  95  96  97  98  99 100 102 104 108 109 113 114 115 116 117 120 121 123 124 126 127 128 130 131 132 133 135 136 137 138 139 141 142 144 145 146 147 148 150 151 152 155 156 157 158 160 161 165 166 167 170 172 174 175 178 180 181 183 185 188 191 194 196 197 198 199 201 202 204 205 206 207 
124:  30  88 133 191   0   1   2   4   5   7   9  10  11  14  17  18  19  20  22  23  25  26  28  29  31  32  35  36  40  41  43  44  48  50  55  56  58  59  60  61  62  63  65  67  69  71  73  74  76  80  85  90  93  94  96  97  98  99 100 101 104 107 109 110 112 113 114 115 116 118 120 122 123 126 127 128 129 132 134 135 136 137 138 139 140 142 145 146 147 148 153 155 156 158 159 161 164 165 166 167 168 169 171 172 173 174 175 178 181 183 185 186 187 188 193 195 196 197 198 201 202 204 205 206 
144: 126 134 138 203   0   2   3   4   5   6   8   9  12  13  16  18  19  21  23  24  25  27  28  29  30  31  32  33  35  36  37  39  40  41  42  43  45  46  52  54  55  56  58  59  60  62  63  65  66  67  69  70  72  73  74  75  76  77  78  79  81  83  84  86  88  89  92  93  94  95  96  97  98 100 102 104 105 106 107 108 109 110 114 115 116 118 120 122 123 125 129 130 132 136 137 139 142 143 144 145 146 147 149 150 151 153 155 156 157 159 162 163 164 166 167 168 169 170 171 172 174 175 176 177 178 179 180 182 184 186 189 190 192 193 194 195 196 197 199 200 201 202 204 205 
129:  32  61 136 176   0   1   2   3   5   6   9  10  11  12  14  17  21  23  24  25  26  27  29  30  31  34  36  37  39  42  44  45  46  48  50  52  53  54  58  59  63  64  65  66  68  70  71  72  74  76  77  78  79  81  82  83  84  87  88  89  91  92  93  96  97  99 100 101 102 104 105 106 108 109 113 115 117 118 119 120 121 122 123 125 126 129 130 132 133 134 135 137 138 141 142 144 146 150 154 155 157 158 161 163 164 166 167 168 170 173 174 175 180 181 185 186 187 189 191 192 194 195 196 197 198 199 200 201 203 
139:  49  72 137 198   0   1   2   5   8   9  10  11  14  16  17  19  20  22  23  25  28  29  30  31  32  33  34  35  36  37  38  39  40  42  44  45  46  48  50  51  53  54  56  57  58  60  61  62  63  64  65  66  67  68  69  73  74  75  76  77  78  79  82  83  84  86  87  88  89  98  99 101 102 103 104 107 108 110 111 112 113 115 116 118 119 120 122 126 128 129 130 135 136 138 139 141 142 143 147 149 150 151 152 154 155 156 157 158 160 162 163 164 165 166 167 168 169 170 171 173 179 180 181 183 185 186 189 191 192 193 196 197 199 200 201 202 203 204 206 
137:  19  26  77 157   0   3   4   5   7   8   9  11  12  14  15  17  18  20  21  22  23  24  25  27  28  29  30  32  33  34  35  36  39  40  42  47  48  49  51  53  55  56  57  58  59  60  62  63  64  65  67  69  70  73  74  75  76  78  81  82  87  88  89  90  91  93  94  97  99 103 106 107 108 112 115 116 117 118 119 120 122 123 124 125 126 127 128 131 133 134 136 138 140 141 142 143 144 145 146 147 149 150 151 152 153 155 156 158 159 160 161 162 165 166 168 169 170 171 173 174 175 176 177 179 182 187 189 190 192 193 194 198 199 200 201 202 204 
148:  29  82 102 196   0   1   2   4   5   6   8  11  13  14  15  16  18  19  21  22  23  24  25  27  28  30  31  34  36  38  39  40  41  42  43  47  49  51  52  55  56  57  58  60  62  63  64  65  66  67  68  69  70  72  73  75  76  77  78  79  80  83  84  86  87  89  90  91  92  93  95  97  98  99 100 101 103 104 105 107 108 109 110 111 112 113 114 115 116 117 118 119 120 122 125 127 128 131 132 133 135 136 140 143 144 146 147 149 150 155 156 157 158 159 160 161 163 165 166 167 168 169 170 171 172 173 175 176 177 179 180 181 182 183 185 187 188 189 190 192 194 197 198 200 201 204 205 207 
137:  36  38  76 166   0   1   2   3   4   5   7   8   9  11  13  14  15  16  17  18  19  20  21  24  26  30  31  32  33  35  37  41  42  44  45  47  48  50  51  52  53  55  56  57  59  60  61  62  63  64  65  66  67  69  70  71  74  77  78  80  81  82  83  84  85  86  87  88  90  92  94  95  97  98  99 100 101 105 106 107 108 109 110 111 113 115 116 117 123 124 125 127 128 129 131 132 133 136 138 140 141 142 144 145 146 147 148 152 153 154 156 160 161 162 165 169 172 173 174 175 178 180 182 184 185 189 191 192 193 195 196 197 198 199 200 204 207 
134:   7 170 204   0   1   2   3   5   9  10  15  16  17  18  20  21  22  23  24  26  27  28  29  30  32  33  35  36  37  39  41  42  45  48  50  53  54  58  59  60  61  62  63  66  68  69  72  73  74  75  76  78  79  80  83  84  85  89  90  91  92  95  96  99 100 103 105 107 109 110 111 112 115 116 117 119 120 121 122 123 126 128 129 130 131 132 133 134 136 137 139 140 141 147 148 149 150 151 153 154 156 157 158 160 163 167 168 171 173 174 175 176 178 180 182 183 184 185 186 187 188 189 191 192 194 196 197 198 199 200 201 203 205 206 
151:   1 178 181   0   3   4   5   7   9  10  12  13  14  15  16  17  18  20  21  22  24  26  27  28  29  31  34  35  36  39  40  41  42  43  45  46  48  50  51  52  53  54  55  57  58  59  61  62  64  65  66  67  68  70  71  76  77  78  80  81  82  84  85  87  89  90  91  92  94  95  98  99 100 101 102 103 106 107 108 110 111 112 113 114 115 116 117 118 119 120 121 122 123 124 125 127 128 129 130 131 132 133 134 136 137 138 139 140 141 143 144 145 148 149 150 151 152 153 155 157 158 159 161 162 163 164 167 169 170 171 173 175 176 177 179 183 184 186 187 188 189 191 193 195 197 199 201 202 205 206 207 
135:  80 116 162   0   1   3   5   6   8  12  14  15  16  18  19  20  21  22  24  25  27  31  34  40  41  42  44  46  47  50  51  52  53  54  55  56  57  60  61  62  63  66  68  69  73  74  75  76  77  79  81  83  84  85  87  89  90  91  93  94  97 101 102 103 104 105 109 111 112 113 114 115 117 118 120 122 123 124 125 126 127 128 129 130 132 133 135 136 137 138 139 140 142 143 146 150 151 156 157 160 164 166 167 168 169 170 172 174 176 177 178 179 181 182 183 184 186 187 188 189 190 191 193 194 195 196 197 198 199 200 201 203 205 206 207 
129:  31  78 199   4   5   8   9  12  13  14  15  17  18  19  22  25  26  27  28  29  30  32  33  34  36  40  41  42  43  44  45  46  48  49  51  52  53  56  58  59  60  61  62  63  64  66  69  71  72  73  74  77  81  83  87  88  90  93  94  95  96  98  99 101 104 105 107 108 110 111 112 114 115 116 119 121 122 123 129 132 133 135 136 137 140 141 143 144 145 146 147 149 150 153 155 156 158 161 162 163 164 167 168 169 172 173 175 177 178 179 182 186 187 188 189 190 191 192 193 194 195 196 198 200 202 203 204 206 207 
143:  52  59 120   0   1   2   3   4   5   6   7   8   9  11  12  13  15  16  17  19  21  23  24  25  26  27  29  30  31  33  34  38  40  43  45  46  47  48  49  51  54  55  56  57  60  61  62  63  64  66  69  74  75  76  77  78  79  80  81  85  87  88  89  91  92  93  94  95  97  99 100 101 102 103 105 106 107 110 115 116 117 118 119 121 122 123 125 126 127 128 130 132 134 137 138 139 140 141 143 144 145 146 147 149 153 154 155 156 158 159 160 161 162 163 164 166 168 169 170 172 175 177 178 181 182 185 186 187 189 190 191 193 194 195 196 197 199 200 202 203 205 206 207 
142:  18 105 190   0   1   4   7   8   9  11  13  14  15  16  23  24  25  27  28  29  30  31  33  34  37  38  40  41  42  43  46  47  48  50  52  53  55  56  57  59  60  62  63  64  66  67  70  71  72  73  78  79  80  81  82  83  84  85  86  91  92  95  96  97  99 100 101 104 106 108 109 110 111 113 115 116 117 118 119 120 121 123 124 126 127 128 131 133 134 135 136 137 138 140 141 143 146 147 148 149 151 152 153 154 155 157 159 160 161 162 163 164 165 166 167 169 171 174 175 176 177 178 180 181 182 185 187 188 189 192 193 194 195 196 198 199 200 201 202 203 206 207 
137:  44  91 107   1   3   5   6   8   9  11  14  15  16  17  18  20  22  23  24  25  28  29  30  31  32  35  36  38  42  45  48  49  51  52  53  54  55  58  59  60  61  62  63  64  66  67  68  71  72  75  76  77  80  82  85  86  87  88  90  92  93  94  99 102 103 105 106 108 110 111 112 113 114 115 116 117 118 119 120 121 123 124 126 127 128 132 133 134 135 137 138 139 141 143 146 147 148 149 150 151 152 153 154 155 156 157 158 160 161 163 164 165 167 169 171 172 173 174 175 177 180 182 183 184 186 188 190 191 192 194 195 196 198 199 201 206 207 
130: 159 148  70 202 160  78 163  27   7  93 125 102 117  34  99 194  86 198 164  14  98 105  16 207  42  31  15  64 156 134 150 116  85 172 199 140 146 188  46  37 174 133   2 147 206 108  35  77  22  67 100 144  83  92 119 171 114 128  11 122  82  54  30  62  47 111  45  33 179 189 115 170  79  55   5 193 162 205  76  17 183 195  80 196 153   1   6  28 151 131 109 192  18 176 167  39  68  57 175 182  59 126  75 157 180  90 130  74  26 106 197 152  97 137  61 120   0  87 149 141  10 158 204 107  48  66 138  23  60 161 
125: 182  81 187  87  48  32 156  57 173  68 124 174  28 141 115  41  90 193  52  40 190  10  19 110 158   6 185 167  31 171  18 199  22  66 103 179 203 119  34 147  53 149 189  15   7 113 135  69 123 154  71 104 128  67 144  30 162  23 133 100 126  96 194 101  35  12 122  16  27 129   1 198 170 165  24  36  60 139 107 131   0 166  54 138  55  93  51 157 111 136  84  79  63 155  74 195  94 175 201 130 127  61 183  26 153 106 180  17  83  76  91  21 204  88 205  97 102 160 134 186  33 207  77 191 125 
148:  60  88  50  57 143   9  26  37 169  46  53 120  78 156 127  76  32 167 178 162 153 176  33  23  25 207 124 148 164  55 104  73  96  22 101 155   8  30 103  40 197  74 121 188  38  18 117 107 180 113  47 200 160 205   7 102 193  97  48 151  59 132  90 119  42 108  31 159  87   3  64  16   4 186 206  80  99  65  19  10 170 203 109 134  21 129  77 106  89 161  29 139 100 133  35  79 115  54  52 126 123 142 118 165 137  63 187   0 140  41 111  68 174 147   5 154 149  71 110   2   6 192 125 166  95 183 116  67 157  12 105 177 141 194 179  14  93 130 163  72 144  84 189  94  69 198 181 131 
138: 183  86 164  48 117 200   6 143  96  75  88  97  41  24  53 184 182  35  70  43  74 198  98  26 158 205 116 178 180 120  25  58 156 153 175 148  31 190 106 147  59 203 149 174 146  64   8  34  18 167 114 155  81  67  16  52 191  36  83  46 159   1 163  90  57  15  40  49  23  68 186  54  10  60 141 157 166  29  45  93  82 139  27  28 127  20 121 207 145 185  89 134 119  76 129 118   4  17  32  62 142 154 162 206 124 179  50  12 172 111 131  87  78   0 195 140 171 170 100  56 204 181  22  13 109 194 165  11  37  85  79 177 187 115   9   5  84  42 
139:  56 117 148  72 109  77  29 179 168 147  39 116 185  40  32 164  82  49 121  36 161 206 198 207 181  47 138  58  89  66 110  28 187  79 135  59 175 112  99   0 149  53  13 174 165 173  27 126 146  74  76 122 203 132  23 125  44 102 144 103  71  14  35  20 200 129 194 176  31  94  50 131  22 167  16 202 105  17  65 166 162 111 196 128  54  24  25  87 155  73 118   4   7  61  33  97 186   5 113   6 143  38  96 150  48 139 145 171 104 180  85 107  10  19  45 163 123 134 182  57 199  12 140 120  51  52  81  11  98 137 142  68 160 156  63 119 101  67  55 
153:  75 178 197 142  73 137  33  11  90 145 167 108  47 184 172   1 199 112 169 126  24  26  99 191  15 154 202 179  92 141  39 192  95  53  57  25 148 195 104 187 151 163 139  44 193 153  91 124 131 106 150 205  78  34 203 152 207 132 177  38  72  36 143  51   3 166   7  48  58 127  12 183 130 118 125 128  68  32  45   6 138 176   2  74 111  77 149 140   4  46  71  70  65 159 201  55 204 189  41  10 110  20 144  22 174 155 123  69 168   8 206 190  67 188 134  31 156 175 116  35  62  60   5  76 180 147  56 194  87 135 109  43 105   0 129 114  14 181 133  40 103  88 115 182 170  54  98 113 186 165  63  49   9 
151:   9 149 124 137 188  69 191 151 204  81 152  63 157 154  47 142   5 111  34  78  58  38  91 174 119  27  41 193 168 130   7 164  59  67  26 123  10 102  35 165  25  61  84  66  68  74  16 132 135 100  98  46 127  49 167  89  90 200  45  21 144 150  13  57  83 118  39 107  73 116   0   8  48  86 176 145  55 198  77 206   6  99  19 156  79 161 190 175 109  56 158 155 129  87 203 147  14  65  72 115   1 110 205 128  54  76 184 103 112  51  36  43 197  92 173 133 141 185  33 192  71 162 202  20  50 195 117 160 194 114  75  40  53 183 126  32  80 153  82 186 105 172  11 131  60  30 101  88 182  42  64 
140: 182 173 184 105  25 100  82 140   4 152  62 114  13  69 169 194  29 145 142  83  14 163  11  57  76 204 134 176  87  37  32  61   8 166 188 120 201  64 135 179  30  16 106 158 189  44 193  72 101  27 110  28  22 207  80   3 200 153 147 137 118 167 157 131  55  81  85 116 125 150  99  84 130 206  15 128 199 115  23 198  68  26 190 119 174 164 123   5  50  40  90  33  19 136 117  21   7 104  42  10 127  78  95 171  71   9 107 132  43 133 143  38 112 156  79 185 181 108  20 191 141  41  58  24  52 177 186  56 154  31  36  46  39 162 202  51  77  74 124 205 
131:  91  95 106 193 167  63  35 139   7 141 127 150 161 176   3 200 130 122 194 188 204  87 170 166 128 148 202 120 146 165  88 124 187 186 138 195 119  58   9  72  12 144  28   6   2  89  50   1 206  68  44 198  86  82 158  24 189  48  18  66  22  83  29  85 112 111  47 162 113  46   4 191 129  53 154  27   8 110  56 137  45 118  21 101 105 197 163  43 109  54  62  75  15  57 185 103  52 157  11 164 153 159  59  77  96  37 172  94 149 168 117   0  74  69  99 114 155  41 125 134  19  30  51  17  70  60  76 203 156  13 171 
131:  61  23 112  77 182  97 150 179 104 169  81 155 186 152 180  65   4  48  11  43 100 117  69  86 183 184 185  68  85 149   2 188 133  79 162 103  21   6 190  87  26  41  31  78 116 127 130 207  42 102 191  60 171 167 118 111 125  59 113  64 193  12  39  18 105  16   9  95 168 205  14 170 204 136 144 192 120 159 115  58 156  46  44 134 109 146 195  36 141  29 198  22  30  19  90 200  10 106 201 165 119 124 181 142  75  49 178  88 197 176  71  73  45  80  25  56 166 131  98  99 151 153  70  92  37  50 202 110 154  38 172 
150: 136  96   5 119  46 181 195 150 153 138 175  15  42 178  21  14 149 113 132  72  56 196 146  98  92 193   8 157  16  34  37 161 166  24 183 111 206 156 120  99  43 141 163 151 134 116 198 142  65  19 159 191  54 144  20   7 182 124 190  86   4 164 187  22  57  69 143  74  25  31  45  12  40  76 203 174  53  67 140 115 171 189  35 117 173  50 108 204  66 155 123  13 168   9 100   1  29  68 129  93  75 192  33 112  59 107  27 147  58 201 126 103 145 167  55 197 188 106 172  81  71   0  10 114 179 205 154 128  83  23  82  85  79  61  38   6 135  73   2  88 131 137 101 165  51  39 186 102 105  91 
137:   9 119  93  80  11 174   4  20 203  14 177 160 107  22  44 144 153  47 192 202 178  30 120  70 132 147 175  96  28 166 189 108  27 207  84 199  31  63  75  38 122  32 117   2 114  19 184  23 142 170 180  71 135 101 102 134  57  37  59 193  97 200  26 106 195 162 125 183  68 149  54 156 130 179  39  91 181  24 163 150 186 168 105 154  51   3  53  58 191  29 161 201 158  62   6  34 188  74 127  10  79 100  67  12  98  18  48  66 194  17  46  61  85 157 141 109  33  15 126 113  52 131  87 190 124   8  50 206  82  88 148   1 129 173 112 151  13 
139: 191 178   9  71  88  68 109  10 146 128 174  23 163  48 183  55 184  74 177 144  75  15  62  59  38 132  12  56  18 106  27 147  66 176  77 114 129  43 164 172 201 139  19 195  93  97 131  40 112 193 100  22 197 192  78   7  60  57 115  79 123  83  72   0 196 160 175 179 200  34  89  37 202 102 156  16  92 141  73 104  86 152 169 103  31 110 140  54 188  46  14  99 135  52 155   1 154  98 118 117 145  90 190  41   6  85 136 120  29 206 162  64  36  91 171  69  76 182  53 189 150  51  30  49  42 187 170  20  26 151   8  11 153 122 105 173  50 107   2 
126: 128  51 142 154 202 161  76 189  41  61  60 204 123 193   7 110  85  33  79 207  10 101  44 146 173  39  68 147 177 167  67  20 181  93  94 134 169 156  47  23  88  43  74 131 129 159  36   0  31  46  75  64  19 195 132 104 201 117  86 168 124  48 116 171 151 150  90 182 170  92 144 160  29 163  59 153 135 203  18 185 109 105  72  25   9 100  21  62 106 206 139 158 114 184  40 122  82 111 136  30 183 152 186  77 120  55  35 199 194 196  24  17 103  69  73  16   4  22  80  63 130  50  32 157 198 133 
131: 109  32 142 105  78 118 168   0  65 128  20 115 158 112 134 169 144 163 108 167  77  61   2 147 107 188  13 149 141  18 130 173 162  70 110 152  31 111  10 131 205  23  52 166   3  91  35  54  44 154  67  87 198 101 203  46  26  84 136 137   5 199 202  94 126 175  97  34 183  57 159   1  16 164  93  25  88 206 194  82 191 123  41 197  36  80  50  48 100 186 181 132  27  17 195 114 201  68  56 176  45  43   9  37 177 122  69  29  42  90 161 180 121 139  22   4  60 106  79  21  66 104  40  98 155 127  19  76 170  74 124 
