# Randomly generated data for apersonnel scheduling problem
# ./datagen tightness = 90 Multi-skilling level = 66
# Random number generator seed = 0
Type = 1
Jobs = 351
   6  212
   9  135
   5  143
  60  207
   8  103
  24  162
   1  114
   8  111
   1  113
   2   79
 142  292
   3  132
   0  255
 137  350
  20  166
 217  288
   4  190
 257  439
  26  134
   1  142
  51  166
  20  167
 171  318
 181  372
   2  100
 114  212
   1  157
  24  117
 161  284
  19  275
  14  136
 136  225
 144  220
   8  175
 314  432
 262  451
  51  285
 109  293
  90  232
   4  109
 147  256
  16  193
 315  496
 210  332
 116  283
  12  142
 371  539
 275  451
 438  666
   7   98
 208  432
 549  739
  27  196
 114  352
 101  246
 447  572
 211  344
 194  321
 743  842
 307  418
 351  445
 446  586
 589  700
  15  115
 144  242
 511  593
 139  365
 232  344
 322  592
  23  128
 130  302
 224  351
  24  146
 296  467
 523  648
 666  719
 342  581
 286  377
 137  304
 174  282
   1   59
 670  838
  50  183
 169  236
 213  342
 195  296
 464  562
 302  388
  20   83
 587  749
 246  464
 354  490
 593  683
 181  259
  77  228
 119  325
 343  495
 509  642
  83  188
 487  623
 100  304
 565  763
 696  852
 764  850
 593  670
  16  107
 703  865
 645  760
 119  297
  15  101
 419  494
 264  361
 285  501
 165  283
 783  975
 623  822
 306  429
 250  471
 870  985
 513  591
 364  476
 382  584
 305  450
 904 1074
 345  531
 280  406
 400  500
 447  616
 482  563
 432  612
 332  403
 293  396
 833 1072
 361  589
 411  573
 593  722
1001 1100
 494  753
 146  282
 752  827
 278  398
 584  653
 416  612
 302  370
 547  662
 518  670
 679  913
 259  505
  11  152
 450  637
 466  653
 286  461
 921 1052
 163  289
 192  430
 275  365
 653  792
  13  218
 554  759
 476  751
 777  848
 343  562
 996 1144
 681  861
 601  701
 654  733
 492  552
 453  706
 576  727
 861 1061
 292  555
 393  594
 595  722
 871 1011
 757  886
 343  481
 731  817
 639  754
 735  902
 562  642
 904 1033
 674  769
 816 1005
 573  684
 229  354
 463  616
 655  719
 749  864
 708  847
 362  527
 569  645
1046 1118
 768  894
 403  580
 591  830
 769  856
 849 1046
 839 1040
 689  753
 534  630
1054 1135
 599  755
1048 1155
 435  587
 849  960
 640  767
 497  621
 605  778
1169 1291
 887 1104
1035 1203
 915 1086
 528  798
 644  932
 799  892
 645  925
 723  910
1275 1421
 776 1017
 727  832
 371  552
 867 1005
 641  711
 778  992
 850  974
 907 1120
1085 1239
1242 1348
 735  883
 646  763
 629  699
 849 1031
 911 1007
 914 1030
 865 1103
1148 1233
 399  548
1241 1410
1091 1177
 802  897
1026 1268
 558  650
 895 1147
 755  843
 686  780
1106 1298
 646  831
 656  794
 588  722
1076 1183
 715  958
1084 1218
 933 1121
 773  915
1037 1145
 826 1019
 795  905
 831  942
 928 1094
 864  984
1305 1390
1279 1436
 947 1111
 991 1051
 993 1174
1033 1158
 718  887
 762  931
1042 1325
 701  882
 781  965
 944 1103
 962 1156
 930 1014
1150 1260
 975 1233
 896 1054
1265 1425
 964 1166
1111 1310
1229 1424
1126 1271
1154 1277
 867 1034
1041 1173
1120 1261
1097 1209
1121 1334
 912 1023
1032 1218
1315 1404
1192 1328
1192 1415
 925 1003
 918 1092
1177 1268
1057 1191
1124 1335
1061 1298
1342 1435
1106 1250
1183 1317
1096 1217
 994 1160
1076 1322
1007 1104
1304 1439
1120 1200
1273 1430
1207 1426
1200 1320
 825  961
1341 1436
1176 1267
1162 1272
1007 1151
1250 1437
1325 1428
 981 1193
1044 1272
1216 1430
1106 1358
1155 1429
1272 1439
1327 1439
1273 1421
1185 1413
 968 1167
1108 1325
1281 1418
1323 1432
1210 1434
1100 1291
1235 1419
1224 1438
1206 1346
1333 1436
1192 1312
1301 1432
1366 1437
1271 1435
1166 1437
1234 1433
1372 1439
1340 1428
1278 1438
1292 1429
1270 1429
1326 1438
1360 1427
1353 1427
Qualifications = 45
238:   7  10  34  48  75 103 123 251 280   0   1   2   6   8   9  11  12  16  18  19  21  22  23  25  28  30  32  36  38  39  40  43  44  45  46  47  50  51  53  55  56  57  58  59  63  68  69  70  71  72  74  76  77  78  79  80  81  83  84  85  86  88  89  90  91  92  93  96  97  98  99 100 101 104 105 107 108 109 111 112 114 115 117 118 121 125 126 128 129 130 131 132 133 134 135 138 139 140 141 142 144 146 147 148 149 150 152 153 154 155 156 158 159 160 164 165 166 167 169 170 171 173 175 176 178 179 180 181 182 183 186 187 188 190 191 192 193 194 196 197 198 201 203 206 207 208 209 210 211 212 215 216 217 221 223 227 228 229 231 232 234 237 238 239 241 242 243 246 250 252 253 255 257 258 259 260 262 263 265 266 267 268 269 270 271 273 274 275 279 282 284 285 286 287 289 290 291 293 294 295 296 298 299 300 301 302 303 306 307 308 309 311 317 318 319 321 323 324 326 327 328 330 331 332 335 336 338 339 340 341 343 344 345 346 347 348 349 350 
247:  80  94 140 142 146 211 238 301 336   0   4   5   6   7   9  11  12  13  14  15  16  17  18  19  20  21  22  23  24  26  28  29  30  31  33  34  37  38  39  40  43  45  47  48  49  50  51  52  53  54  57  58  59  60  62  68  69  70  72  73  75  76  77  78  79  81  82  83  85  86  87  88  89  90  91  92  93  96  98  99 100 101 102 103 104 105 106 107 108 109 110 111 112 113 115 116 118 119 120 123 124 126 129 130 131 132 133 135 136 137 138 141 143 144 145 147 151 152 153 154 156 157 159 160 161 164 165 168 169 170 171 173 175 178 179 180 181 182 183 186 187 188 189 191 192 195 196 197 198 199 200 203 204 205 207 208 210 212 213 215 216 219 220 221 222 223 224 225 226 227 230 232 233 234 235 236 237 239 241 244 245 247 249 250 251 252 253 254 256 257 258 260 261 262 264 265 267 268 269 271 272 274 275 276 277 278 279 280 282 284 285 286 287 288 292 294 295 299 300 302 304 305 306 307 308 309 310 312 313 315 318 319 320 321 322 326 329 331 332 333 337 338 341 344 347 348 349 
233:  36  73 166 168 176 196 296 310 317   0   2   4   5   7   8   9  10  11  13  14  15  18  19  20  23  24  25  26  27  28  29  30  31  32  34  37  38  40  41  43  45  46  47  48  50  51  52  53  55  56  57  58  61  63  65  66  69  70  71  75  76  77  78  79  83  84  85  87  89  91  94  95  98  99 100 103 104 105 106 108 109 110 111 112 114 116 117 121 122 123 124 126 127 130 131 133 135 136 137 139 142 144 146 147 148 149 154 155 156 157 160 161 162 163 164 165 169 170 171 172 173 174 175 178 179 180 181 183 184 185 186 187 189 190 192 194 198 199 203 206 207 208 209 210 212 213 214 216 217 218 219 220 222 223 224 229 230 231 233 234 238 239 240 241 244 245 246 247 248 250 251 255 257 258 259 261 262 263 264 265 266 268 269 271 272 275 276 277 278 279 281 282 284 286 287 291 293 295 298 299 300 303 304 305 307 309 311 313 314 315 316 319 320 321 322 323 324 325 326 329 330 332 333 335 336 339 341 342 344 346 347 349 350 
243:  69  70  96 101 195 259 263 298 306   0   1   3   6   7   8  10  15  17  19  20  22  23  24  26  28  30  31  33  34  35  36  37  38  39  40  41  42  43  44  46  47  48  50  51  52  53  54  56  57  60  62  63  64  65  66  67  68  71  72  73  74  75  76  77  79  80  81  82  85  86  87  88  89  91  92  94  98  99 102 104 105 108 109 111 112 113 114 115 117 119 120 121 125 128 129 130 131 132 133 134 135 137 138 141 142 143 144 146 147 148 149 150 151 153 154 155 157 158 159 160 161 162 163 164 165 167 170 171 172 176 178 179 180 182 183 185 188 189 190 193 194 196 197 198 199 200 201 202 203 204 207 209 212 213 216 219 220 221 223 224 226 227 228 229 230 231 232 233 238 239 241 242 244 246 247 248 250 251 253 254 256 258 260 261 264 265 266 267 269 270 271 272 273 274 275 276 277 279 281 284 286 287 288 290 291 293 296 297 300 301 302 303 304 305 307 308 309 311 312 313 314 318 319 320 321 322 323 328 330 332 333 334 335 336 337 338 339 340 342 343 345 346 347 
242:  88  98 154 203 207 311 327 337 344   0   1   2   3   4   5   6   8   9  11  12  13  14  15  16  17  18  20  21  22  26  27  29  32  34  37  40  41  43  44  45  47  48  49  50  51  52  53  54  57  58  60  61  62  66  67  68  69  72  73  74  75  76  77  79  80  81  82  83  84  85  87  91  92  93  95  96  97 100 101 102 103 104 106 108 109 110 111 112 113 114 115 116 117 118 120 121 123 124 125 126 127 129 130 134 135 137 139 140 143 144 147 149 150 152 153 155 156 161 163 164 165 166 168 170 171 172 174 175 176 177 179 180 181 183 185 187 189 190 191 193 194 196 197 199 200 205 206 208 209 210 211 212 213 215 217 218 219 220 221 223 224 225 226 227 229 230 231 233 234 236 237 238 239 240 242 243 244 245 247 248 249 250 251 253 255 256 257 259 260 261 266 267 268 269 271 272 273 274 275 277 278 279 280 281 282 283 285 287 289 290 293 295 297 298 300 301 303 304 305 307 314 315 316 318 320 321 322 323 325 326 328 329 330 331 332 334 336 340 343 347 348 349 
235:  39  53  91 145 198 243 294 302 342   0   1   3   4   5   6   7   8   9  11  13  14  15  19  20  22  24  25  26  27  28  29  31  32  33  34  35  36  37  40  41  42  43  44  45  46  48  50  54  55  56  57  58  60  61  62  63  64  65  69  72  75  76  77  78  80  81  82  83  84  85  89  90  92  94  95  96  97  98 102 103 106 107 109 112 114 116 117 119 121 122 123 124 129 130 133 134 137 140 141 143 144 146 148 149 152 153 156 157 159 160 162 163 164 166 167 168 169 170 171 172 173 175 178 180 181 182 183 186 187 188 189 191 192 193 194 195 196 199 200 201 202 204 205 206 207 208 210 211 212 217 218 220 221 222 226 227 228 230 232 233 234 236 237 238 239 240 241 245 246 248 249 250 252 253 254 257 258 259 261 262 263 264 265 266 271 273 274 275 276 277 278 279 280 281 283 284 286 288 290 293 296 298 299 301 303 304 305 306 308 309 311 315 316 317 319 320 321 322 324 325 326 327 328 329 331 333 334 335 336 338 339 340 347 348 350 
223:  72 138 151 185 186 219 234 279 290   2   3   4   5   6   7   8   9  10  11  12  14  17  18  19  21  23  25  28  29  30  31  32  33  34  35  36  38  39  40  42  43  45  46  47  48  49  50  51  52  53  54  55  56  57  58  59  60  63  66  67  68  69  74  75  77  80  81  82  84  85  86  87  88  89  90  91  93  94  96  97  98 100 103 106 107 108 109 110 111 112 113 115 117 119 123 126 127 129 130 131 132 133 134 135 137 139 140 141 142 143 144 145 152 155 156 159 160 162 164 165 166 167 170 171 172 174 179 181 182 183 184 187 188 194 195 196 198 204 208 209 210 211 213 214 215 217 218 221 222 223 224 225 226 227 228 230 231 232 233 235 236 237 238 239 241 242 244 246 251 253 254 255 257 260 261 262 263 265 266 268 271 272 273 276 278 280 281 285 288 294 297 299 300 303 304 305 306 307 308 309 312 314 316 317 318 319 321 325 327 328 330 331 332 333 334 338 339 340 344 345 347 348 349 
251:  30  31  47  99 115 132 226 227 349   3   4   5   8   9  10  11  12  13  14  15  16  19  21  22  23  24  25  26  27  28  29  33  34  35  38  39  43  45  46  50  51  53  54  55  57  58  59  60  61  62  63  64  65  66  68  69  73  74  75  76  77  78  79  81  82  84  85  86  87  88  89  90  91  93  94  95  96 106 107 108 109 110 111 112 113 114 116 117 119 121 122 123 124 125 126 127 129 130 131 133 134 135 137 139 140 141 144 149 150 151 152 154 155 156 157 159 160 162 166 167 168 169 170 171 172 174 175 176 177 179 180 181 183 185 186 187 188 189 193 195 196 199 200 202 203 204 205 207 208 210 212 213 214 215 216 218 219 220 221 223 224 228 229 230 232 233 234 235 237 239 240 241 242 243 244 245 247 248 250 251 252 253 254 255 256 257 258 261 262 263 264 265 266 268 269 271 272 273 275 276 278 279 280 282 283 284 287 288 289 290 293 294 295 296 297 298 299 300 301 302 304 305 306 307 310 311 312 313 314 315 317 319 320 321 322 327 329 330 331 332 333 337 338 339 340 341 344 345 346 348 350 
240:  41  43  76  92 102 169 249 291 343   0   1   2   3   4   5   6   7   9  12  14  15  16  18  20  21  22  23  24  25  26  27  29  30  31  33  34  35  37  38  40  42  45  46  47  48  49  50  52  53  55  56  57  59  61  63  64  65  68  69  73  74  75  79  80  82  83  86  88  89  90  91  94  95  97  98 100 101 103 104 107 109 111 112 113 114 116 117 119 120 121 122 123 125 126 127 128 129 130 134 135 139 140 141 142 143 144 145 146 147 150 152 154 155 156 157 159 160 163 164 165 166 167 171 175 178 179 180 181 182 183 185 186 191 192 193 194 195 196 197 200 202 203 204 206 209 210 212 213 214 215 216 218 221 222 223 224 225 226 227 228 229 230 232 233 235 236 237 240 241 243 245 246 247 248 250 251 252 254 255 259 260 261 262 263 264 265 266 267 272 275 276 277 281 282 283 285 288 289 293 294 296 298 301 302 303 304 305 307 308 309 311 312 314 316 317 320 321 323 324 325 326 327 328 331 332 333 335 336 337 338 339 340 341 342 344 345 346 347 348 349 
230:  26  83 155 193 194 197 202 208 346   0   2   4   6   7   8  10  11  13  14  16  17  18  19  22  23  25  28  29  31  32  33  34  35  38  41  43  44  45  47  49  50  51  52  54  56  57  58  60  61  62  63  64  65  66  67  68  69  70  71  72  73  74  76  77  78  79  80  81  84  86  90  93  94  95  96  97  98 100 102 103 105 106 107 108 109 111 112 114 115 116 117 118 119 121 126 128 129 131 132 133 134 136 137 138 139 140 141 143 144 146 150 151 152 154 156 158 160 164 166 167 170 171 172 173 176 180 183 184 186 189 192 195 200 201 203 204 205 207 209 211 213 214 215 217 218 220 221 222 223 225 226 227 228 229 230 231 232 233 234 235 237 239 240 241 242 243 245 246 247 248 251 252 254 256 257 258 259 260 261 262 263 266 268 269 270 271 272 275 276 277 278 281 282 285 287 289 290 291 292 293 294 297 298 301 302 304 305 306 307 308 311 312 313 315 318 323 324 326 327 329 332 337 338 339 340 341 342 344 347 349 
237: 105 108 143 171 201 218 254 282 329   1   3   6   7   9  10  11  12  14  15  17  18  20  21  23  24  25  27  28  29  30  31  33  34  36  38  39  42  43  47  48  49  50  51  52  53  56  57  58  59  60  62  66  67  70  71  72  73  74  76  77  78  79  80  83  85  86  87  89  91  93  94  98  99 100 103 104 106 109 111 114 115 117 119 120 122 124 125 126 127 128 129 132 133 135 136 137 139 140 141 142 144 145 146 147 149 150 151 152 156 157 158 161 162 164 166 167 168 169 170 172 173 175 177 178 179 181 182 185 186 187 188 189 190 191 192 193 195 196 199 202 203 204 208 209 210 211 213 215 216 219 220 222 223 224 225 227 228 229 230 234 235 236 238 239 240 242 243 244 246 248 249 250 251 252 255 256 261 262 264 265 267 270 275 276 278 279 280 283 284 286 287 289 290 292 293 294 296 297 298 299 300 301 302 303 305 307 308 309 310 311 312 314 315 316 317 321 322 323 324 325 326 330 331 332 333 334 335 336 337 340 341 343 345 346 347 348 349 
231:  18  28  77 121 141 163 221 240 261   0   3   4   7   8  10  12  14  16  17  19  20  22  24  26  31  32  33  34  36  37  38  39  41  42  44  45  46  47  48  49  50  51  52  53  54  55  56  60  61  63  67  68  69  70  73  74  76  78  79  80  82  83  85  87  89  91  93  96  97  98  99 101 102 103 104 105 108 111 114 117 119 123 124 128 129 130 131 132 133 134 135 136 137 139 143 144 145 146 147 148 149 151 152 153 154 156 158 161 162 165 166 168 170 171 172 173 175 176 177 178 179 180 181 182 183 184 185 186 187 188 189 190 194 195 196 197 198 200 201 202 204 206 210 214 215 217 220 222 224 225 226 227 228 229 232 233 234 237 242 243 245 247 248 249 251 252 253 254 255 256 258 260 266 267 268 270 271 273 274 276 278 281 282 283 284 285 287 288 289 290 291 293 294 297 299 300 301 302 303 304 305 306 307 308 309 310 315 316 317 319 320 321 322 323 324 326 328 329 332 335 336 341 342 343 344 345 346 347 348 349 350 
218:   5  79 116 129 222 250 278 295 308   1   2   3   6   7   8  10  13  14  15  17  19  20  21  24  25  27  30  33  34  35  36  38  39  40  44  46  47  49  51  52  53  54  55  57  58  59  60  62  68  70  73  74  75  77  78  82  83  85  88  89  91  92  94  95  97  99 102 103 104 106 107 108 109 112 113 115 117 118 120 121 122 123 130 132 133 134 138 139 141 144 145 146 147 148 149 150 151 152 156 157 158 159 160 161 162 166 169 170 171 172 174 176 177 178 179 180 182 183 184 186 187 188 189 190 191 193 196 197 198 199 200 202 204 206 208 209 210 211 212 213 216 217 220 221 223 224 228 229 230 231 232 235 236 237 239 242 244 245 246 248 251 254 255 256 258 259 262 263 265 266 267 269 271 273 274 275 276 279 280 281 288 289 290 291 293 294 296 299 300 301 304 305 306 309 311 312 313 314 315 317 318 319 320 322 323 325 327 328 329 330 332 333 337 338 340 344 345 348 
243:  49 100 175 206 230 269 276 304 330   3   5   6   7   8   9  10  12  13  15  16  17  19  20  21  22  23  24  25  28  29  30  31  32  33  34  35  37  38  39  42  43  45  46  48  50  51  52  53  56  57  59  60  62  63  65  66  68  69  70  71  72  75  76  77  79  80  81  85  86  87  88  89  92  95  96  97  98 103 107 108 109 110 111 112 115 117 118 119 122 123 124 125 128 129 130 135 136 137 138 140 143 144 146 147 149 150 151 153 154 155 156 158 160 161 166 167 168 169 170 172 174 176 177 180 181 183 184 185 187 188 190 191 194 195 196 197 198 199 200 201 203 204 208 211 212 214 217 218 221 222 224 225 226 227 228 233 235 236 237 238 239 243 244 245 246 248 249 251 252 253 254 255 257 258 259 260 261 264 265 266 267 268 270 271 272 274 275 277 278 279 280 281 282 283 284 285 286 290 291 292 293 295 296 297 298 299 300 301 302 303 306 308 312 313 315 316 317 318 319 320 321 322 324 325 326 328 332 333 334 335 336 337 338 339 340 341 344 345 346 347 348 349 350 
215:   2  40 147 158 160 224 264 313 347   1   4   5   6   7  13  16  17  19  20  21  22  23  25  26  27  28  30  33  34  37  41  42  43  46  47  49  50  51  52  54  55  56  58  59  60  61  62  63  64  68  69  71  72  73  74  76  78  80  81  83  84  85  87  88  89  90  92  93  94  96  97  99 102 103 105 107 108 112 113 114 116 117 120 121 122 126 127 128 129 130 131 132 133 137 138 139 140 142 146 151 152 153 154 156 157 162 165 167 168 169 171 173 175 176 177 182 183 185 186 187 188 189 191 193 194 195 196 197 198 199 202 204 205 206 209 210 211 212 214 215 221 222 227 228 229 230 233 234 240 244 245 247 248 251 252 253 254 255 258 259 262 266 267 268 269 270 271 272 273 275 276 277 279 280 282 283 284 287 288 291 294 295 298 302 304 305 306 307 308 309 310 312 314 316 319 320 321 322 323 324 327 329 330 331 332 333 334 336 337 338 341 342 345 346 348 
231: 157 184 220 241 247 256 271 321 339   2   3   5   6   8   9  10  11  12  13  14  15  16  17  18  20  23  24  26  27  28  30  31  34  35  38  41  42  46  47  48  49  50  51  53  54  55  56  57  58  59  60  61  65  68  71  72  73  75  76  77  78  79  80  81  83  84  85  86  87  88  89  91  92  95  97  98  99 100 101 102 104 105 106 107 108 109 110 111 112 121 122 125 127 129 130 131 132 133 135 136 139 144 146 147 148 149 151 154 155 156 159 161 162 164 166 168 169 170 174 176 179 180 181 185 186 187 188 190 191 196 197 198 201 202 203 204 205 206 208 210 211 212 213 214 215 216 217 218 219 221 222 223 225 226 227 228 229 231 234 235 236 237 239 242 243 245 246 248 250 251 253 254 255 257 258 259 260 262 264 265 266 267 269 272 273 274 276 278 279 280 284 286 288 290 291 294 295 296 297 300 301 303 304 305 306 307 308 309 312 313 316 317 318 320 322 323 325 330 332 334 335 336 337 338 341 342 343 345 346 349 350 
229:   0  15  42  74 156 214 242 274 277   1   2   3   6   7   9  10  11  12  14  18  19  20  21  22  23  24  25  28  30  32  33  34  35  36  37  38  39  40  41  43  45  47  48  49  51  53  54  55  57  58  59  63  65  66  67  68  70  75  77  79  80  82  83  84  85  86  87  88  89  91  92  93  95  96  97  98  99 100 102 103 104 106 109 112 114 116 117 118 119 120 121 123 124 126 127 128 130 132 138 139 140 143 145 146 149 151 153 155 157 158 160 161 163 164 166 167 169 170 172 174 175 176 178 179 181 183 185 186 188 189 190 195 196 200 201 202 203 207 211 212 213 216 217 219 220 221 223 226 228 229 231 234 235 236 237 238 239 240 241 243 244 245 246 249 250 251 252 254 256 259 260 261 262 263 268 269 271 273 278 279 280 281 282 284 285 286 289 290 291 292 293 296 297 298 299 302 303 304 305 306 307 308 309 310 311 312 313 315 316 317 320 321 323 325 328 330 331 332 333 336 338 341 343 344 346 347 348 349 350 
245:  27  95 130 167 188 231 265 314 345   0   1   2   3   4   6   7   9  10  12  14  15  17  19  20  21  22  23  24  25  28  29  30  31  32  33  34  35  36  37  38  39  40  41  43  45  48  51  54  55  56  57  58  60  61  63  64  65  67  68  70  71  72  73  75  76  77  78  79  82  83  84  85  86  87  89  92  93  94  96  97  99 100 101 102 103 104 105 106 110 111 112 113 114 116 118 119 121 122 124 125 126 127 129 131 132 135 136 139 142 143 144 147 148 149 150 152 153 154 155 156 157 158 160 161 162 164 165 166 168 169 170 171 173 174 175 177 179 180 181 182 183 184 185 186 187 191 192 193 195 196 198 199 200 201 202 206 208 210 213 216 217 218 219 221 222 223 224 225 226 229 230 234 235 236 238 241 242 243 245 247 248 250 251 253 254 259 261 262 264 266 267 272 273 274 276 278 283 284 287 288 290 291 292 293 294 296 297 299 300 301 302 303 307 310 311 312 315 316 317 319 320 321 322 323 324 327 328 329 330 331 332 333 334 335 337 338 339 341 342 343 344 346 347 348 350 
235:  12  17  55  62 106 173 191 297 299   0   1   2   6   8   9  10  11  13  14  15  19  20  22  23  24  26  28  29  33  35  36  37  39  40  41  42  43  44  45  46  49  50  51  52  54  56  59  60  61  63  64  66  67  68  70  71  72  73  74  75  76  79  80  83  84  85  86  89  90  92  95  96  97  98  99 101 105 109 110 112 113 115 116 117 120 122 123 124 125 126 128 129 130 131 133 134 135 136 137 138 140 142 143 144 145 146 147 148 150 151 152 153 154 156 157 158 159 161 162 165 166 169 171 172 175 176 177 178 179 180 181 183 188 189 192 195 196 197 198 199 201 202 203 204 206 207 210 212 213 215 216 217 218 219 220 229 230 231 233 234 235 237 240 241 242 244 245 246 247 248 249 251 252 253 254 255 256 257 258 261 262 267 268 269 271 272 273 274 277 278 280 281 284 285 287 288 289 290 291 292 296 298 300 304 305 307 308 309 310 311 312 313 317 320 321 322 323 324 326 327 328 329 330 333 334 335 336 337 338 339 341 342 343 345 349 
241:  29 125 134 183 244 270 318 335 350   0   2   3   5   6   8  11  14  15  16  17  19  20  22  23  25  26  27  28  30  31  32  33  34  35  36  37  38  40  42  44  45  47  48  50  52  53  54  55  57  58  59  64  65  66  67  68  69  71  74  76  78  79  80  82  85  86  87  88  89  90  91  92  93  94  96  97  98 102 104 105 106 107 108 109 110 111 113 115 118 119 121 123 126 127 128 129 130 131 135 136 138 139 140 141 144 145 146 147 149 150 151 153 154 155 156 157 158 159 160 161 164 165 166 167 170 171 172 173 174 175 176 177 179 180 181 182 184 187 188 189 190 191 192 194 195 196 197 198 199 200 201 202 204 208 209 211 215 216 217 219 224 225 226 227 228 229 230 231 232 233 234 235 237 238 241 243 248 249 250 252 253 254 255 256 258 262 264 266 267 268 269 271 273 274 275 277 278 279 281 282 283 285 287 288 290 291 292 294 296 300 302 304 305 306 307 310 311 314 315 320 321 322 323 324 327 328 330 331 332 333 334 336 337 341 342 343 344 345 347 348 349 
230:   1  13  60  61  89 139 204 275 333   0   3   4   5   6   7   8   9  10  12  14  15  16  18  19  20  22  23  24  25  26  28  29  31  33  34  36  42  43  44  45  46  47  48  49  51  54  55  57  58  59  64  65  66  67  68  69  70  72  75  76  77  79  80  81  83  84  85  86  88  90  91  92  93  95  96  98  99 100 102 103 105 106 107 111 112 117 118 119 120 123 124 125 127 131 132 133 134 135 136 138 140 141 143 144 145 148 149 152 155 156 158 159 161 162 164 166 169 171 172 173 174 176 178 181 183 184 186 188 189 190 193 195 197 199 200 201 202 203 205 206 207 208 209 212 213 214 215 216 217 218 219 220 221 223 224 226 229 230 232 233 234 236 239 244 245 246 247 248 249 250 251 254 255 256 258 259 260 261 263 267 268 270 272 273 277 278 280 282 284 286 287 289 290 291 292 294 296 297 298 299 301 302 304 305 306 308 310 313 314 316 318 320 321 322 323 327 330 331 332 335 336 337 339 340 341 344 345 346 348 350 
231:   4  37  59 110 137 192 225 285 340   1   2   6   7   8   9  10  11  13  15  16  17  19  22  24  25  26  29  30  35  38  39  40  42  44  47  51  52  53  54  57  58  60  61  62  63  64  66  68  69  70  71  72  75  77  78  79  80  82  83  84  88  90  92  94  95  96  97  98 102 103 104 105 107 108 109 111 112 113 114 115 116 117 120 121 122 124 125 126 129 130 131 133 138 139 140 141 142 143 144 148 149 150 153 154 155 157 159 160 161 163 164 169 170 171 174 175 176 177 178 179 180 183 184 186 187 190 191 193 194 195 197 198 199 201 202 203 204 205 206 207 208 210 211 212 213 214 215 219 220 221 223 227 228 229 232 233 234 235 236 238 239 241 242 243 245 246 247 248 249 251 253 254 255 256 257 258 259 260 261 262 263 266 270 274 278 279 280 281 283 286 291 292 293 294 295 296 297 299 301 302 303 306 307 308 309 310 311 313 314 316 319 322 323 324 325 327 328 330 331 334 335 339 341 343 344 345 346 347 348 349 350 
219: 148 153 170 190 246 257 262 287 312   0   5   7   8  11  14  16  18  21  25  28  29  30  31  32  33  34  36  37  39  40  41  43  44  46  47  48  49  51  54  55  56  57  59  60  62  63  65  67  68  69  70  71  72  74  76  77  78  79  80  82  84  85  87  88  89  92  94  95  96  97  99 101 102 103 104 105 107 109 110 111 112 113 114 115 117 119 120 121 123 126 127 130 131 132 138 139 140 142 143 144 146 149 150 152 154 156 158 160 161 165 166 168 173 175 176 177 178 180 181 182 183 184 188 194 197 198 201 202 204 205 206 211 213 215 216 218 222 223 224 225 227 230 231 232 233 235 236 237 238 240 241 242 243 245 247 248 249 254 255 261 265 266 267 268 269 270 271 272 273 274 278 279 280 282 283 284 285 286 288 289 290 291 292 293 294 296 298 299 302 303 305 308 309 310 314 315 316 317 318 319 320 321 322 324 325 326 328 329 332 335 337 338 340 341 342 346 347 348 349 
245:  19  32  71 189 212 239 288 289 334   0   1   2   3   4   5   6   8   9  10  11  12  14  15  16  17  21  23  25  26  27  28  29  31  33  34  36  37  39  41  42  43  44  47  48  49  51  52  53  54  55  56  57  60  63  65  66  67  68  69  70  72  74  75  77  79  80  82  83  84  85  86  87  88  91  92  93  94  95  96  97  98  99 100 101 102 105 107 108 112 113 114 116 119 121 122 123 124 125 126 127 128 129 131 133 134 135 137 139 140 142 143 144 147 148 149 150 151 153 156 158 159 160 161 163 167 171 172 175 176 177 179 183 185 188 190 193 194 195 196 197 198 199 200 203 204 206 207 209 210 211 213 215 217 219 220 221 222 223 224 225 226 230 231 232 233 234 235 236 238 240 241 243 245 247 249 250 253 254 255 256 257 260 261 262 263 264 265 267 269 270 272 273 274 275 277 278 279 280 281 282 284 285 286 287 290 291 293 294 295 297 298 299 300 301 302 303 306 307 308 309 310 311 312 317 318 319 320 321 323 324 326 328 333 335 336 337 340 342 343 344 345 346 347 349 350 
243:  16  57  68 104 181 253 258 286 320   0   2   3   6   8   9  10  11  12  14  15  17  18  19  20  21  22  23  25  26  27  31  33  34  37  39  40  41  44  45  46  47  48  49  51  52  54  55  56  59  60  61  64  71  74  75  77  78  79  81  82  83  84  85  86  87  88  90  91  92  93  95  97  98  99 100 102 103 105 106 107 108 109 110 111 114 115 117 118 120 121 123 124 126 129 131 132 133 135 137 139 140 141 144 146 148 149 152 153 156 158 159 160 161 162 163 164 166 167 168 171 172 173 174 175 177 178 179 180 182 185 187 188 189 191 192 193 196 199 200 201 202 204 206 207 208 209 210 212 214 215 216 217 218 220 221 222 224 226 227 228 230 231 232 234 235 236 237 239 240 241 242 244 245 246 248 250 251 252 254 255 256 257 259 260 261 262 263 265 266 268 269 270 271 272 275 276 278 279 280 281 283 284 289 290 291 292 293 294 296 297 298 299 300 303 306 307 308 310 311 312 318 322 323 324 325 326 327 328 330 331 332 333 334 335 336 338 339 340 344 345 346 348 349 
242:   9  38  67 124 199 205 223 303 341   0   2   4   5   6   7  10  13  15  17  18  19  20  22  24  25  26  28  29  30  32  33  35  36  37  39  41  42  44  45  49  50  51  52  54  55  59  60  61  62  63  65  66  68  69  70  71  73  75  77  79  80  81  84  87  88  89  92  93  96  97  99 101 104 105 107 108 109 110 112 113 114 115 116 117 118 119 120 122 123 125 128 129 130 131 132 134 135 136 137 138 139 140 141 142 143 146 147 148 151 152 153 155 156 157 158 159 160 163 165 166 167 169 170 171 173 174 175 177 178 181 184 186 188 189 190 191 192 193 195 197 198 200 201 202 203 204 207 208 209 210 211 213 214 215 217 222 224 225 226 227 228 230 231 232 234 235 236 238 239 240 241 242 243 244 246 248 249 250 251 252 253 254 255 257 258 260 261 265 267 268 271 272 274 276 278 279 282 283 284 286 287 288 290 291 292 293 295 296 298 299 301 304 305 306 309 310 312 313 315 316 318 319 320 321 322 323 324 326 329 330 333 335 336 337 338 339 340 342 343 345 346 349 
241:   8  44 112 119 172 216 232 315 322   0   2   3   4   6   7   9  10  11  12  14  16  17  18  20  21  26  27  28  29  30  31  32  35  36  38  39  40  41  47  49  50  53  54  55  58  59  60  61  63  64  66  67  68  69  70  71  72  73  75  77  78  79  81  82  83  84  85  86  87  88  89  90  91  92  93  94  95  96  97 101 102 103 104 106 107 108 109 110 111 113 114 116 117 118 120 121 125 129 130 132 133 134 135 136 138 139 140 141 142 143 144 147 150 151 152 154 156 157 158 159 161 163 164 165 167 168 169 171 175 177 180 182 185 186 189 190 191 192 194 195 196 198 200 201 202 205 206 207 208 209 210 211 212 213 214 217 218 219 221 222 223 226 227 228 229 230 231 235 236 237 238 239 241 242 245 246 247 248 250 252 253 254 255 256 257 260 261 264 265 266 267 268 270 272 275 277 278 280 281 282 283 287 288 290 293 294 296 297 298 299 302 303 304 305 307 308 309 313 314 316 317 319 320 323 324 326 329 330 331 332 334 335 336 337 338 339 342 345 347 348 349 
235:  33  93 111 120 159 174 209 300 316   0   2   6   9  12  14  15  17  18  19  20  21  22  23  25  26  27  28  30  31  32  34  35  36  38  40  43  45  46  47  49  50  53  54  55  56  57  58  60  61  62  63  64  66  67  69  70  71  74  75  77  78  79  80  82  83  85  86  89  90  92  94  95  96  97  99 100 101 103 104 106 108 109 112 113 114 115 116 117 119 121 122 125 126 128 129 130 132 134 135 136 137 138 139 140 142 143 145 146 148 152 153 155 156 157 158 161 162 164 165 166 168 172 176 180 181 182 184 187 189 190 193 194 195 197 198 199 200 202 206 207 211 212 213 214 215 216 217 218 219 221 223 226 227 228 230 231 232 233 234 235 236 237 240 242 243 244 246 248 250 251 252 253 254 255 256 257 258 260 261 269 275 276 277 278 280 281 283 284 285 286 287 288 289 291 294 295 296 297 298 299 304 305 306 308 309 311 312 313 314 315 318 319 320 321 322 326 327 328 330 331 332 333 334 335 336 337 338 339 342 345 346 347 348 349 350 
243:  11  78 122 149 215 293 305 328 348   0   2   3   4   5   6   7   8   9  13  15  16  17  18  19  20  21  22  26  27  28  29  30  32  33  34  35  36  37  38  39  40  45  49  52  53  54  55  56  60  65  66  67  68  69  70  71  72  73  75  76  77  80  82  83  84  85  86  87  88  90  91  92  93  95  96  98  99 101 103 104 105 106 108 109 110 112 113 114 116 117 119 121 123 124 127 129 130 131 132 134 136 138 139 140 141 142 143 144 146 148 151 152 153 154 155 156 158 159 160 162 164 167 169 170 173 175 178 180 182 186 188 191 193 194 195 196 197 198 199 200 201 203 204 205 206 207 208 210 211 212 213 214 217 218 219 220 223 225 229 231 233 234 235 236 237 238 239 241 243 244 245 246 247 249 250 251 254 255 257 258 259 260 262 263 264 265 266 267 268 269 270 271 272 273 274 275 277 279 280 281 282 285 286 290 291 296 297 298 299 302 303 304 306 311 313 315 316 317 318 319 320 323 324 325 327 329 330 331 332 333 334 335 336 337 338 339 340 341 345 346 347 349 350 
232:  24  54  90 150 165 178 180 268 324   0   1   2   3   5   6   8   9  10  11  13  14  15  16  17  20  21  22  25  26  30  34  35  36  38  39  40  42  44  47  50  53  55  56  57  60  61  62  63  64  66  67  69  73  74  75  76  79  80  81  82  85  86  87  91  93  94  95  96  98 100 103 104 106 107 109 110 111 113 114 115 116 117 119 121 123 124 125 130 131 132 133 134 136 138 139 140 142 144 146 147 148 149 153 154 155 157 158 159 160 161 162 163 164 167 168 169 173 175 179 181 182 183 184 185 186 189 190 192 193 194 196 197 199 200 201 202 203 205 206 207 208 209 210 211 213 216 219 221 222 227 228 232 234 237 238 239 241 244 245 247 248 249 250 251 252 253 255 256 257 258 259 260 262 263 264 265 266 267 271 273 274 275 276 279 280 282 284 285 286 287 289 290 291 292 294 295 296 299 300 301 303 305 307 309 310 312 315 317 318 319 320 321 322 323 325 326 328 329 330 331 332 334 335 336 338 340 341 342 343 345 348 349 
224:   6  25  84 161 179 213 252 281 323   0   3   5   8  10  11  12  14  15  16  17  18  20  21  24  26  27  28  30  31  32  34  35  36  37  38  39  40  41  43  44  46  47  48  49  52  58  59  60  62  65  66  67  68  70  71  72  73  74  75  78  79  80  81  87  90  91  93  94  96  98  99 103 105 106 107 108 109 110 111 112 113 116 117 120 121 122 124 125 126 128 129 130 131 132 135 136 137 138 140 142 143 144 147 149 150 152 155 156 157 159 160 163 164 165 166 169 170 171 175 176 178 180 181 182 184 186 187 188 189 191 192 194 197 198 200 202 204 205 210 212 214 218 219 221 223 224 225 226 227 228 229 230 233 234 235 236 238 240 242 244 245 246 248 251 253 254 255 256 259 260 261 262 263 264 266 267 268 271 272 273 277 278 280 284 286 287 288 289 290 291 294 295 296 297 298 299 300 304 305 306 310 312 314 315 317 320 321 324 325 328 329 330 331 332 333 337 341 342 343 344 345 346 347 348 
232:  14  35  86 135 187 283 307 309   1   5   6   8  12  13  15  16  17  19  21  22  24  25  27  29  30  31  32  34  37  38  39  40  41  43  45  46  49  52  53  54  56  57  58  59  60  61  63  64  69  71  72  73  74  75  76  78  80  81  83  84  85  87  89  90  91  92  95 100 102 104 106 107 108 109 111 112 114 117 120 121 122 123 125 126 128 129 130 132 133 134 137 139 140 142 143 147 149 150 151 153 155 158 159 160 161 162 165 166 167 168 170 175 176 179 180 181 184 186 189 190 191 192 193 194 195 199 200 201 203 204 205 207 208 209 210 211 212 214 215 216 217 218 219 220 221 222 223 224 225 226 227 228 229 230 231 232 235 236 237 238 240 241 245 247 250 251 252 253 254 255 256 258 259 260 261 262 263 264 265 266 267 269 272 273 275 276 277 282 284 285 287 288 289 290 291 292 294 295 297 298 299 300 301 302 303 306 308 311 312 313 314 315 317 318 319 320 321 322 324 325 329 332 334 336 338 340 342 343 344 346 349 350 
235:  45  64 117 128 177 182 210 217   1   2   3   4   7   8   9  11  13  14  15  16  17  20  21  22  26  27  28  30  31  32  33  35  36  37  38  39  40  42  43  44  47  48  49  52  53  54  55  56  57  59  60  62  63  65  67  69  70  71  72  73  75  76  78  80  81  82  86  87  88  89  92  93  94  96  97  98 101 106 108 110 112 113 114 116 118 119 120 121 122 123 125 126 127 129 130 131 132 133 134 136 137 142 144 145 146 147 150 153 154 156 158 160 161 162 164 165 169 171 172 173 174 176 178 179 180 181 184 185 186 187 188 189 190 192 193 195 199 200 201 202 204 205 206 208 212 213 214 218 219 221 224 226 228 231 236 237 239 240 241 243 244 247 250 251 252 255 256 258 259 260 262 264 265 266 267 268 269 270 271 274 275 278 279 280 281 283 284 285 286 289 290 291 292 294 296 297 298 299 300 301 302 303 304 306 307 308 310 312 314 316 317 318 319 320 323 327 329 330 331 332 333 335 336 337 338 339 340 341 342 343 344 345 348 349 350 
228:  20  22  46  51  58 152 200 292   1   2   5   7   8  13  14  15  16  17  19  25  27  28  29  30  32  33  34  42  43  47  48  53  55  56  57  59  61  62  65  66  69  70  72  73  74  76  77  78  79  80  81  83  85  86  87  88  90  93  94  96  98  99 100 106 108 109 110 111 112 115 117 118 119 120 121 122 123 125 127 130 132 133 134 135 141 142 143 144 146 147 148 149 153 154 156 157 158 159 160 161 162 163 164 166 167 171 173 174 175 177 179 182 184 186 188 189 190 191 192 194 196 198 199 201 204 207 209 210 211 212 213 214 216 217 218 219 220 223 225 226 227 230 232 234 235 236 237 238 240 241 242 243 244 245 247 248 249 250 251 253 254 257 258 259 260 262 263 265 266 268 269 270 271 273 276 278 279 280 281 285 286 287 289 290 295 297 298 299 300 303 306 308 309 310 311 312 313 314 316 317 318 319 320 321 322 324 325 326 327 328 329 330 331 333 334 335 336 337 338 339 340 342 344 345 346 347 348 349 
231:   3  50  65  81 118 136 332 338   0   1   6   7   8   9  10  11  12  13  17  18  20  22  24  25  27  29  31  32  34  36  38  39  40  41  45  46  47  48  49  51  52  53  56  57  60  61  62  63  70  71  72  74  75  77  78  79  82  83  86  87  90  91  92  96  99 100 102 105 107 108 109 110 111 112 113 114 116 117 119 121 122 123 124 126 128 129 131 134 135 137 138 139 141 142 143 144 145 146 147 148 149 150 151 152 157 158 159 160 161 163 164 165 166 167 168 169 172 173 175 178 179 180 182 184 185 186 187 188 189 190 193 194 195 197 198 200 201 202 203 205 206 207 209 212 213 214 215 218 219 222 223 225 226 227 230 231 233 235 236 237 239 240 241 242 244 245 248 249 254 255 257 259 263 264 265 267 268 269 270 271 272 273 276 277 278 280 281 282 283 285 287 289 294 295 296 297 300 303 304 306 307 308 309 311 312 313 314 315 316 317 318 321 322 324 325 326 329 331 333 334 335 336 337 340 342 343 344 345 346 348 349 
232:  21  23 126 144 266 273 284 331   0   1   4   7   8  10  11  12  13  14  15  16  18  24  25  27  28  37  38  40  41  43  44  48  49  51  52  53  55  57  58  59  60  61  62  63  65  67  68  72  73  74  75  76  77  78  79  80  83  85  86  89  90  92  93  95  96  98  99 101 102 103 104 105 106 111 112 113 114 115 116 118 119 120 121 122 123 127 128 131 132 133 134 135 137 139 140 145 147 148 149 150 152 153 154 155 157 158 160 161 163 164 165 167 169 172 173 176 177 179 181 182 183 184 187 188 189 191 192 195 196 198 199 201 202 204 205 207 209 210 211 212 214 215 216 218 219 221 222 223 224 225 226 227 228 229 230 231 232 234 236 237 238 239 242 243 244 245 246 247 250 251 253 256 258 259 260 262 263 264 265 267 268 271 272 275 277 278 280 281 282 287 289 290 292 294 295 296 299 300 301 304 305 306 307 309 310 311 312 313 314 316 317 321 322 323 324 328 329 330 332 333 334 335 337 339 340 342 343 344 347 348 349 350 
222:  63  66  97 107 114 162 235 237   1   2   3   4   5   7   8  10  11  12  14  16  19  20  22  24  25  26  27  28  31  32  35  36  38  40  45  46  47  48  49  50  52  53  56  57  58  59  60  64  65  67  69  73  74  75  76  77  78  79  82  84  85  87  90  91  93  98 100 101 102 103 104 105 106 108 109 110 111 112 113 115 118 119 120 121 123 124 125 128 129 130 131 132 134 135 136 142 143 144 145 146 147 149 150 151 152 155 159 160 161 163 164 165 166 167 169 170 171 172 177 180 181 182 187 190 193 194 196 198 202 205 206 207 208 209 211 212 213 215 216 217 219 220 221 222 223 224 225 227 228 229 230 231 236 238 239 241 242 243 245 249 250 252 254 256 258 259 261 262 264 268 269 270 271 272 273 274 277 278 280 281 282 283 287 289 293 294 295 299 300 301 303 304 306 308 309 311 313 317 319 320 321 323 324 325 326 327 328 329 330 331 332 333 334 335 336 337 338 339 340 344 345 347 
228:  52  56 133 164 228 233 245 260   0   1   2   3   5   7   8   9  10  11  13  14  15  16  18  19  20  21  22  24  25  26  27  28  29  30  32  34  38  41  42  43  44  45  47  49  50  53  54  57  59  62  63  67  68  69  70  71  73  75  76  77  78  82  83  84  86  87  89  91  92  93  95  96  99 100 101 104 106 108 109 110 112 113 114 116 122 124 125 126 127 128 131 132 135 136 139 141 142 143 144 146 147 149 152 153 154 155 158 159 160 161 162 163 165 167 168 169 170 171 173 174 176 178 179 180 181 186 188 190 191 193 194 195 197 198 199 200 202 203 204 207 209 210 211 212 218 219 221 223 224 227 230 231 234 239 241 242 244 246 248 249 250 251 252 253 254 255 256 258 259 261 264 265 266 267 268 269 270 271 275 277 279 281 282 283 284 285 287 290 291 293 294 295 296 298 299 300 302 303 304 305 306 308 311 312 313 316 317 318 319 320 321 322 324 325 329 330 332 333 334 335 336 337 339 343 344 345 346 350 
240:  82  85  87 127 229 255 319 325   0   2   3   4   5   6   7   8   9  11  12  13  14  15  16  17  19  21  23  24  25  26  27  29  30  32  33  35  37  38  41  42  43  44  45  47  48  49  51  53  56  57  58  61  63  64  65  67  68  69  72  74  78  80  81  84  89  91  92  94  97  98  99 102 104 105 106 107 109 110 112 113 114 115 117 118 119 120 122 124 125 126 128 129 130 131 132 135 139 140 141 142 143 145 147 148 149 151 152 153 155 158 160 161 163 164 166 167 168 169 170 173 175 176 177 179 180 181 182 183 184 185 186 188 189 190 194 196 197 199 201 202 203 205 207 208 209 210 211 212 213 214 215 216 217 218 219 225 226 227 228 230 231 236 237 238 239 240 241 243 245 246 248 249 250 251 252 254 256 257 258 259 260 261 262 263 264 265 267 270 272 276 277 280 281 282 283 284 287 288 290 291 292 293 295 296 297 298 299 302 303 304 305 306 307 308 309 310 312 313 314 315 316 317 318 320 323 324 326 327 328 329 330 331 335 336 338 341 342 344 348 350 
228: 109 113 131 236 248 267 272 326   0   1   2   4   5   6   7   8   9  10  11  12  15  16  17  19  21  22  26  29  31  32  33  35  37  38  41  43  45  46  47  48  49  50  52  53  54  56  57  58  59  61  65  66  67  68  69  70  72  73  74  75  76  77  78  79  85  86  87  88  89  91  92  95  96  98  99 104 105 106 107 108 110 114 115 117 118 121 125 127 129 132 134 136 137 138 139 140 141 145 146 147 149 150 151 152 155 156 157 158 159 160 161 162 165 166 167 169 170 171 174 175 176 178 180 181 183 187 189 193 194 195 196 199 200 203 204 207 208 209 210 211 212 214 215 216 217 219 221 223 224 225 226 227 229 230 233 234 235 238 239 240 241 243 244 245 251 253 255 256 257 258 260 261 263 264 266 268 269 270 271 274 275 276 277 279 280 281 283 285 287 288 289 290 291 292 294 296 299 300 302 303 305 306 309 310 312 313 314 317 318 319 320 322 325 328 329 332 333 334 335 336 337 339 342 343 344 345 346 347 
242: 339  92 233 168 159  19  60 340 285 277 320 289 191 135 348 282 124 302  72 239  90  94 194  16 188 217 164  98  10 142 179 232 310 240   8 328 174 286  57 213 126 181 199  46 305 140 107 219 180  62 196 115 279 350 202 278 141  31 148 100  38  97 336 212  20 271 269 222  35  71  70  54 211 178 237  68   7 153 130 192 268  47 108 325 321 139 122  59 158 160 156 132  11 166  41 280  37  76  18 147 308 314 288  25 144 151 347 332 105 154 244  75 173 322 215 345   9  12 106  65  63  53  28   1  67 338  91  88 120 193 111 116 175 251 177 245  61 246 127 324 300  40  29 241 260 117 283 299 128  78  13 228 129  52 303 189 186 256   5  30 229 149 319 258 270 104  81 197 198 265  42 184 230  58 185 298 315  64 292 334  14 234 335 121 169 226  15 329 162 103 243 131 170 201  23 274 291  50 250  26 167  32 152 109 112 323 102 304 342 227 266 254 337 123 110 275 119  33  73  79 294  49  56   2 125 133 138 343 235 287 284 249 306  74  17 313 209 163  80 247 297 231 
236: 134  27  68  78  90  74  49 189 164   0  29  13  76  50  75 179  31 284 331 100 149 266  47  34 329  93 263 264 318  65 133 101  92 201 168 172 276 206  10  28  81 271 156  99 109  89 199 238 324 235 262 291 174 204 285 239 338  24 321 177 192 142  91 141 170 242 169 251 162 247  45 250 345 193 280 272 220  95  63 319 332 294 216 173 308 209 215 116  33   5 161 274 117 106 183  94 267 207 178 330 175 151  18 145  83 224 157 181 165  21 286 265  54 323 326 342 313 139  56  20 184  32 108 245  64 350 268 292 236  15 223 328   1  23  46 341  48 260  69   6 314 186 176 154 283 343 123 261 346  67 336  36 296 138 303 102  55 213 118 218  37 191  66 136 121 254 127   9 196 158 295 194  98 182  62 135 316 315 240 244 279   3 110 248 237 205  73  71  17  43 152 253 107 335 289 124 130 120 340 227 180 212 233 222 257  30 219  52 293 122 287  19 337   4 198  86 275  53  87 310 143 234 129 195 304 344 249  40 115  22 278 128 150  25 208 185 
238: 212 139  59 141 176 271 105  21 224  98 259 253 202 165 316 327 130 338 254  64  54  90   8  52 188  40  55  34 258 229 247  35 278  26 201 198 131 222  71 218 119 324 284 290  63 266 117  20 321 207  17  22  33  58  67 305 285 303 330 329 180 306 159  93  14  92  38 145 276 262 286 107 298 129  10   3 185 289 138 150 113 199 193 142 318 148 301  60 162  31  70 189 347 154  65 282  68 161 234  16 125 177 297 252 110  86 346 241 336 293 291 136 325 118 204 277 186  15 191 294 200  57 135 210 133 140  24 106  82 315 231 206 183 310 313 225 137  30 156 223 261 296 273  85 126 167   6 184 163  78  72 257  41  96  51  61 309 331  28 120 279  43 299 340  74 283 240  80 114 166 287  83 215 334  11  44 308  88  62 194 341 235 101   1 320  81  95  27  25 332 155 243 227  75 275 311  12  13 132 127 203 288   7  76 175 104 228 333 112 249 300 314 264 342 265 116 239 134  97 238 209 269 187  84 217  36 307 173 195 144  42 270  29 292   2  39 179  46 
216: 276 233 219 121  26 164 287 135 195 312 213 114   6 302  37 228  46  66 350 338  57 341 310 207  29 288 177 208 323 102  79 191 212 105 344 148 229 189 109  80 292 304  86 243 289  45 265  91 244  39 144 263 317 321  61 119 274 283 112  71 162 301 181 242 123 318 124 271  52 306 149 200 268 293 234 252 210 173 313  48 236 332  42 297 143 127  23 225 239 349 342 261 140 346  18 275 192 296 159  93 155  55 193 251 281 174 227 343 231 298 137 223 176   1 309 160  19 294  49 278 131  72 187 106  77 333  21 157 314 339 307 194 286  82 133 247  56  64 348  88 139 295  78 311  10  40 118 324  17  63 156 145  75  30 257  76 116 308  70  34 178 100 122 241 150 201 101 319 107  31 165 113 185  35 269   0  15  59 326 237 138 218  28 147 279 198 126  22 134 158 142 111  83  13 186  96 214 232  92 245 282 136 240  85  12   3 171 197 303  20 220   2  87 203 256 259 
251: 228  52 272 229  55  82  75 154  34  96  12  58 328 131 330 106  49  24 171  90  23 148 302 143 178  84  38  76 301 348 180 135  68 255 278  91 340 290 150 318 349 281 286  93 319 342 117 128   4 197 140 152 137 273 320 221 311  45 172  39  31   1 163 100 245 191 235  30 202  17 249 126 110 207 217 335  63 125 263 200  36 232  60 336 277 308 222 177  46 116 267 227   0 206 303 105 307 312  62 269 285 173 321  48  85 159 306 219  69  89  83 167 300 260 214  66 176 112 236  53  28 192 329 254 264 322 120  35  94 104 304  67 121   5 324  71 251 127 337  54  15 193 149 344 246 162 122 208 242 338 275 108  81 341 136 109 118 113 129 199 147 181 169 205 266 183  80 174 216 280   3  37 184  21 292 218 182 313 343 210 259  26 189 144 119 209 145 241 296 188 196 166 158   2 289  74 315 211  98 305 291 185 130 237 274 256 331 203 195 294 175 271 153 270  10 333 317  65 240 134 142 239  41 151 224  42  73  50  87 220 325 231 124 250 243 179 314  16  70  33   9 283 339 347 164 234 107 190 261 138 139 
