100
5
267829958
0
604
14 21 3 9 6 
1
1642
28 16 24 18 52 
2
3873
71 40 75 42 73 
3
1092
57 45 31 29 71 
4
4550
82 1 52 30 48 
5
769
68 97 53 60 53 
6
729
58 17 73 56 68 
7
3621
61 65 3 30 72 
8
4860
84 51 60 73 91 
9
1919
7 35 26 44 74 
10
4577
31 22 43 42 35 
11
5167
12 27 69 10 34 
12
913
75 78 65 48 41 
13
4905
91 23 58 96 86 
14
3671
47 46 40 95 86 
15
282
53 6 46 65 19 
16
3310
35 85 54 3 49 
17
4642
89 29 40 31 11 
18
2877
64 63 72 39 60 
19
2911
67 7 71 92 25 
20
4086
1 5 91 71 73 
21
737
70 9 74 24 25 
22
3762
52 99 44 75 44 
23
2332
31 31 25 11 45 
24
958
74 83 18 63 51 
25
4406
37 74 83 40 68 
26
747
83 31 99 40 25 
27
2008
21 76 9 74 12 
28
2925
28 66 52 37 53 
29
4353
46 73 75 8 73 
30
990
79 79 88 88 24 
31
3608
95 48 58 90 39 
32
3097
27 69 21 30 47 
33
1569
71 81 72 62 45 
34
3946
24 89 95 60 35 
35
3550
99 75 73 3 69 
36
4877
7 74 72 40 32 
37
4380
68 8 64 79 94 
38
3636
35 62 82 38 4 
39
3285
83 36 91 97 6 
40
279
36 24 13 13 99 
41
4247
89 86 98 23 93 
42
2085
79 94 38 99 30 
43
2896
64 67 44 43 24 
44
1954
51 85 94 99 72 
45
4151
97 39 47 92 9 
46
666
3 43 49 74 72 
47
2449
9 92 32 97 78 
48
3117
94 87 81 42 37 
49
4225
45 23 54 21 18 
50
3553
17 1 21 73 79 
51
3230
56 19 52 90 20 
52
2035
58 49 99 16 40 
53
4960
49 32 83 45 89 
54
4932
32 75 3 97 81 
55
2158
49 74 30 7 86 
56
2441
26 19 57 47 28 
57
3400
53 25 54 33 21 
58
1442
67 5 74 77 94 
59
3618
31 75 29 91 53 
60
386
72 71 45 10 53 
61
1607
71 80 97 22 46 
62
1846
93 72 3 22 31 
63
357
23 60 55 3 84 
64
1031
42 64 81 82 79 
65
2220
79 36 47 4 91 
66
1056
19 23 71 57 87 
67
4602
43 7 37 21 45 
68
3101
26 52 98 97 23 
69
1609
71 8 48 58 59 
70
4980
17 87 96 27 75 
71
5168
37 5 11 25 52 
72
4141
93 44 48 38 45 
73
963
11 37 5 49 21 
74
4377
21 66 65 13 59 
75
1469
79 74 2 68 21 
76
4166
51 6 40 43 9 
77
3028
26 44 29 60 61 
78
4257
85 30 23 25 6 
79
1394
41 78 96 63 58 
80
4800
76 99 11 48 71 
81
4351
28 34 55 13 69 
82
3070
76 77 33 36 2 
83
2186
40 51 44 71 50 
84
3158
83 57 67 27 55 
85
3777
18 68 22 14 92 
86
2563
74 27 33 11 29 
87
2839
8 36 96 87 2 
88
4575
75 36 90 27 94 
89
262
66 70 69 6 57 
90
3565
50 66 11 63 36 
91
4765
16 79 23 61 74 
92
4590
14 74 37 55 87 
93
4108
12 63 30 62 32 
94
3327
98 47 6 34 76 
95
4413
71 40 66 17 86 
96
5159
47 28 94 11 22 
97
3300
22 44 19 28 29 
98
1504
71 30 18 46 90 
99
525
44 48 57 63 44 
