150
10
2089767252
0
2304
29 71 85 54 30 43 34 39 20 29 
1
4586
7 23 71 76 59 56 42 15 45 59 
2
4933
76 22 17 21 51 42 94 68 85 47 
3
6147
82 58 31 51 52 57 26 39 89 47 
4
2725
68 72 42 99 29 63 72 87 48 90 
5
6374
12 80 32 73 47 62 56 63 75 60 
6
3032
35 98 67 34 72 40 82 86 43 22 
7
4931
85 81 94 57 40 57 90 74 66 73 
8
5907
32 2 2 81 72 85 11 87 32 69 
9
5408
61 75 46 4 30 33 1 79 93 81 
10
5719
61 18 99 86 47 1 41 25 16 25 
11
2829
50 86 15 21 7 30 96 92 13 38 
12
842
85 60 97 6 76 60 31 54 67 36 
13
2158
41 40 62 83 59 15 51 4 85 67 
14
1231
16 82 51 40 40 18 43 76 26 84 
15
7810
41 17 42 93 22 21 11 80 34 81 
16
693
5 84 26 65 8 62 56 32 60 54 
17
7570
44 2 32 71 32 99 31 91 42 47 
18
4909
85 74 46 49 18 52 79 15 45 83 
19
6750
2 76 96 18 47 36 52 84 51 8 
20
2025
59 89 87 17 77 35 73 88 39 59 
21
7885
85 78 3 28 85 36 6 19 8 96 
22
3474
44 37 81 67 10 20 75 6 39 83 
23
1088
75 31 65 20 75 62 5 95 74 44 
24
7150
51 21 39 37 35 64 52 94 96 2 
25
3900
54 31 39 95 99 61 87 17 38 86 
26
7426
4 25 87 95 7 66 4 86 65 66 
27
3814
87 33 45 84 72 31 15 20 97 69 
28
5107
80 37 5 24 14 85 78 77 83 64 
29
4375
68 94 64 93 72 71 99 60 39 83 
30
5051
37 40 17 48 5 33 22 40 58 68 
31
4918
87 77 3 8 49 15 95 35 43 62 
32
3795
35 68 74 78 87 68 4 94 27 36 
33
941
38 30 75 79 58 85 36 2 62 40 
34
2749
20 88 57 91 30 40 43 19 63 96 
35
3567
75 24 19 30 56 99 86 59 62 66 
36
7888
52 47 11 30 89 8 87 96 91 92 
37
5859
61 45 75 51 24 62 18 89 42 46 
38
5078
79 41 24 74 90 48 50 3 58 51 
39
2400
97 67 31 29 56 65 35 14 89 71 
40
3745
10 30 55 62 65 73 49 33 67 74 
41
3830
57 85 73 80 70 71 47 17 32 56 
42
5965
85 83 34 76 24 17 88 76 44 34 
43
7096
6 51 88 56 66 87 10 29 13 67 
44
6764
59 14 79 53 67 37 33 41 47 99 
45
5325
87 19 88 14 94 95 72 77 3 3 
46
1933
12 44 45 3 43 54 61 77 94 90 
47
5986
90 26 99 55 51 62 61 99 52 68 
48
6540
83 68 82 96 79 84 17 55 89 5 
49
4875
92 86 40 48 88 25 75 59 1 65 
50
3129
63 47 57 96 3 34 87 7 45 83 
51
4015
74 69 91 25 14 98 27 97 30 2 
52
7427
86 41 31 41 51 21 35 49 87 88 
53
4461
22 48 62 18 63 44 80 62 52 95 
54
5141
54 57 17 67 20 71 15 14 94 4 
55
7233
65 74 87 77 83 58 97 21 55 22 
56
4287
55 63 3 46 84 68 89 39 9 78 
57
6979
19 61 97 57 94 49 81 67 56 89 
58
6356
7 55 92 60 85 28 64 38 15 74 
59
4697
35 52 51 2 53 16 22 35 1 56 
60
5333
78 61 23 4 62 77 28 36 45 75 
61
547
32 72 7 15 12 53 34 74 87 72 
62
1307
10 92 75 14 58 63 42 97 16 45 
63
5357
75 63 64 69 59 95 65 2 81 12 
64
4691
14 74 23 85 35 92 84 79 34 15 
65
1983
53 33 50 1 69 79 71 36 35 33 
66
634
49 33 25 36 94 43 83 44 3 44 
67
5721
40 49 33 53 19 17 77 62 54 24 
68
3664
19 27 32 7 11 58 33 88 84 10 
69
3848
25 28 25 31 8 16 59 55 86 15 
70
6901
54 6 96 19 10 70 12 86 71 24 
71
4187
5 54 77 46 23 82 42 42 3 76 
72
4237
37 6 78 43 83 64 66 46 40 1 
73
2521
56 68 44 84 43 7 56 52 15 74 
74
7355
18 54 35 6 96 41 30 12 93 62 
75
6350
31 48 38 18 20 63 17 91 8 70 
76
6680
30 34 63 84 48 54 21 64 6 26 
77
5094
2 60 77 95 14 37 15 90 53 1 
78
5173
5 40 76 65 72 6 72 70 72 24 
79
5997
15 2 35 89 13 59 73 16 54 57 
80
6741
71 85 83 90 41 95 83 9 57 36 
81
1573
46 33 26 48 61 55 47 18 14 54 
82
6138
49 65 84 97 19 41 92 3 80 89 
83
1297
89 46 95 44 47 25 1 19 61 81 
84
2061
59 48 34 15 6 14 25 21 24 14 
85
768
42 17 87 48 58 87 87 16 19 50 
86
6098
13 98 6 33 42 89 83 55 33 7 
87
5849
56 72 52 27 25 34 57 36 28 11 
88
3864
27 36 38 30 12 17 23 31 32 71 
89
2601
13 45 9 97 66 42 78 19 68 37 
90
4122
29 9 98 80 81 34 57 53 83 3 
91
4337
20 73 41 33 26 2 96 80 31 46 
92
5343
30 3 28 65 28 98 7 60 8 17 
93
1558
26 75 50 93 12 8 89 7 83 94 
94
4892
98 16 94 86 92 80 73 53 99 81 
95
7819
12 31 56 8 29 4 52 62 82 3 
96
1131
48 54 48 78 12 48 21 48 82 24 
97
803
54 19 23 62 64 72 74 77 80 13 
98
3723
93 97 93 41 91 28 78 10 33 96 
99
517
29 84 56 83 84 41 72 2 33 48 
100
4979
51 30 3 97 58 17 62 86 48 62 
101
3581
33 29 53 31 90 17 79 54 67 4 
102
1948
32 56 67 24 33 34 8 31 53 80 
103
4922
80 42 55 29 44 27 24 72 68 77 
104
7647
9 25 26 92 19 36 38 59 90 40 
105
3897
14 1 79 41 13 65 42 26 13 11 
106
7000
11 31 83 8 23 47 64 96 55 45 
107
3678
46 72 63 7 37 34 10 69 85 91 
108
731
86 25 6 57 11 67 80 80 35 23 
109
2881
55 83 4 49 13 13 88 19 6 23 
110
6424
2 99 74 17 51 56 21 72 12 29 
111
3759
78 50 93 8 88 9 30 28 34 94 
112
1766
55 92 87 40 62 72 98 59 79 12 
113
5784
68 83 47 28 62 5 25 22 83 92 
114
5685
49 10 84 48 31 88 88 28 98 1 
115
665
12 22 48 51 87 58 11 42 83 73 
116
613
56 26 89 84 92 17 35 37 89 50 
117
3611
53 56 16 3 85 4 65 20 64 31 
118
5485
20 99 63 43 52 67 62 99 44 25 
119
4075
63 42 58 72 29 47 78 37 4 6 
120
7356
79 48 67 47 76 46 67 65 75 31 
121
1937
1 93 29 30 61 19 98 53 97 9 
122
2879
84 46 42 33 3 7 9 51 97 83 
123
3528
37 61 13 90 37 34 22 47 12 19 
124
6446
38 78 24 45 32 75 61 68 12 72 
125
6474
99 61 17 39 10 6 27 15 9 52 
126
6747
99 37 30 33 64 40 17 86 45 9 
127
5874
23 34 61 50 14 87 13 60 82 30 
128
6496
27 29 7 43 21 75 87 61 51 60 
129
2047
68 46 40 41 57 12 66 16 19 83 
130
1458
58 72 64 56 92 80 6 94 7 10 
131
2076
32 19 46 85 50 83 64 54 42 79 
132
7294
32 63 54 50 52 17 65 24 45 45 
133
6776
79 32 60 27 55 40 92 71 53 63 
134
6126
17 69 76 96 50 38 43 4 25 73 
135
2283
29 99 91 94 26 16 23 1 67 20 
136
4109
17 89 58 48 7 33 16 1 82 76 
137
5045
90 48 53 68 70 61 51 26 49 34 
138
1487
91 23 71 96 85 13 19 65 62 66 
139
5486
24 78 89 75 89 33 36 21 18 48 
140
3514
37 94 78 89 92 88 56 80 4 55 
141
2143
78 93 20 62 3 99 65 40 99 39 
142
600
78 84 47 45 59 33 65 46 70 33 
143
842
91 28 33 40 76 37 72 75 54 97 
144
1825
61 70 14 39 4 54 9 80 11 18 
145
2167
5 94 75 7 17 43 38 43 16 62 
146
2843
6 52 29 23 80 96 26 49 75 46 
147
1682
61 54 73 49 87 65 84 25 27 3 
148
3280
73 48 62 51 80 15 23 39 16 26 
149
2231
31 55 91 35 66 63 75 2 58 21 
