150
5
612655679
0
532
87 61 70 14 39 
1
1514
90 5 94 75 7 
2
6323
72 6 52 29 23 
3
6842
99 61 54 73 49 
4
6336
58 73 48 62 51 
5
5255
97 31 55 91 35 
6
3465
29 71 85 54 30 
7
4490
7 23 71 76 59 
8
3389
76 22 17 21 51 
9
4546
82 58 31 51 52 
10
5035
68 72 42 99 29 
11
4928
12 80 32 73 47 
12
3280
35 98 67 34 72 
13
4571
85 81 94 57 40 
14
6696
32 2 2 81 72 
15
2749
61 75 46 4 30 
16
288
61 18 99 86 47 
17
2539
50 86 15 21 7 
18
4774
85 60 97 6 76 
19
1394
41 40 62 83 59 
20
1619
16 82 51 40 40 
21
1817
41 17 42 93 22 
22
4989
5 84 26 65 8 
23
7749
44 2 32 71 32 
24
4191
85 74 46 49 18 
25
2985
2 76 96 18 47 
26
2929
59 89 87 17 77 
27
2941
85 78 3 28 85 
28
1774
44 37 81 67 10 
29
4966
75 31 65 20 75 
30
5115
51 21 39 37 35 
31
4874
54 31 39 95 99 
32
5292
4 25 87 95 7 
33
2572
87 33 45 84 72 
34
6725
80 37 5 24 14 
35
5615
68 94 64 93 72 
36
2775
37 40 17 48 5 
37
1356
87 77 3 8 49 
38
5440
35 68 74 78 87 
39
6731
38 30 75 79 58 
40
3264
20 88 57 91 30 
41
7779
75 24 19 30 56 
42
853
52 47 11 30 89 
43
4931
61 45 75 51 24 
44
3912
79 41 24 74 90 
45
5215
97 67 31 29 56 
46
5823
10 30 55 62 65 
47
5619
57 85 73 80 70 
48
1512
85 83 34 76 24 
49
6880
6 51 88 56 66 
50
3019
59 14 79 53 67 
51
7453
87 19 88 14 94 
52
4355
12 44 45 3 43 
53
4970
90 26 99 55 51 
54
6642
83 68 82 96 79 
55
2101
92 86 40 48 88 
56
2781
63 47 57 96 3 
57
7734
74 69 91 25 14 
58
1806
86 41 31 41 51 
59
3577
22 48 62 18 63 
60
5637
54 57 17 67 20 
61
4677
65 74 87 77 83 
62
5395
55 63 3 46 84 
63
3927
19 61 97 57 94 
64
2379
7 55 92 60 85 
65
1449
35 52 51 2 53 
66
6067
78 61 23 4 62 
67
4302
32 72 7 15 12 
68
4996
10 92 75 14 58 
69
7443
75 63 64 69 59 
70
7263
14 74 23 85 35 
71
6289
53 33 50 1 69 
72
3537
49 33 25 36 94 
73
1528
40 49 33 53 19 
74
4624
19 27 32 7 11 
75
1468
25 28 25 31 8 
76
5604
54 6 96 19 10 
77
6450
5 54 77 46 23 
78
5116
37 6 78 43 83 
79
752
56 68 44 84 43 
80
3361
18 54 35 6 96 
81
5029
31 48 38 18 20 
82
4317
30 34 63 84 48 
83
3070
2 60 77 95 14 
84
674
5 40 76 65 72 
85
4751
15 2 35 89 13 
86
7440
71 85 83 90 41 
87
4455
46 33 26 48 61 
88
3312
49 65 84 97 19 
89
2158
89 46 95 44 47 
90
1281
59 48 34 15 6 
91
6830
42 17 87 48 58 
92
7030
13 98 6 33 42 
93
2786
56 72 52 27 25 
94
1514
27 36 38 30 12 
95
3422
13 45 9 97 66 
96
2837
29 9 98 80 81 
97
389
20 73 41 33 26 
98
7678
30 3 28 65 28 
99
848
26 75 50 93 12 
100
6348
98 16 94 86 92 
101
498
12 31 56 8 29 
102
3863
48 54 48 78 12 
103
5712
54 19 23 62 64 
104
2374
93 97 93 41 91 
105
3353
29 84 56 83 84 
106
1486
51 30 3 97 58 
107
1505
33 29 53 31 90 
108
2827
32 56 67 24 33 
109
2293
80 42 55 29 44 
110
2955
9 25 26 92 19 
111
5176
14 1 79 41 13 
112
3774
11 31 83 8 23 
113
2795
46 72 63 7 37 
114
5374
86 25 6 57 11 
115
1243
55 83 4 49 13 
116
4474
2 99 74 17 51 
117
874
78 50 93 8 88 
118
5728
55 92 87 40 62 
119
619
68 83 47 28 62 
120
6934
49 10 84 48 31 
121
4673
12 22 48 51 87 
122
1492
56 26 89 84 92 
123
537
53 56 16 3 85 
124
5302
20 99 63 43 52 
125
3839
63 42 58 72 29 
126
3765
79 48 67 47 76 
127
1630
1 93 29 30 61 
128
784
84 46 42 33 3 
129
2805
37 61 13 90 37 
130
5981
38 78 24 45 32 
131
697
99 61 17 39 10 
132
3306
99 37 30 33 64 
133
6868
23 34 61 50 14 
134
5952
27 29 7 43 21 
135
1111
68 46 40 41 57 
136
6337
58 72 64 56 92 
137
6588
32 19 46 85 50 
138
1495
32 63 54 50 52 
139
3263
79 32 60 27 55 
140
3105
17 69 76 96 50 
141
1474
29 99 91 94 26 
142
2738
17 89 58 48 7 
143
4858
90 48 53 68 70 
144
1228
91 23 71 96 85 
145
2771
24 78 89 75 89 
146
6947
37 94 78 89 92 
147
7821
78 93 20 62 3 
148
2705
78 84 47 45 59 
149
3063
91 28 33 40 76 
