200
15
1875371358
0
3694
35 65 54 87 41 65 27 89 91 81 35 86 95 77 34 
1
6481
38 46 60 58 25 92 62 81 84 45 21 34 94 48 83 
2
5692
20 48 76 30 14 43 63 14 75 47 93 58 10 79 89 
3
6769
75 17 91 56 87 23 62 50 24 65 2 33 84 81 75 
4
10015
52 98 58 89 89 16 91 7 48 28 41 74 47 93 22 
5
8113
61 72 53 24 34 51 42 11 61 3 4 53 7 50 47 
6
7119
79 36 71 90 17 19 58 71 14 76 67 43 69 2 56 
7
8324
97 45 89 56 42 36 89 37 67 86 14 22 71 50 47 
8
7069
10 9 78 65 34 56 67 3 40 76 75 81 63 47 84 
9
2062
57 73 20 70 2 65 32 46 22 20 53 76 90 65 35 
10
9061
85 3 47 24 98 65 44 17 2 18 84 84 4 63 41 
11
5961
6 75 33 66 8 72 13 94 5 60 13 37 55 67 85 
12
9845
59 16 14 67 80 9 47 81 18 14 29 40 34 72 17 
13
10064
87 31 75 94 4 38 3 3 23 40 96 51 55 39 9 
14
1209
12 54 29 43 48 26 94 24 32 96 92 90 42 55 40 
15
8192
90 19 73 51 72 84 52 13 16 25 21 96 6 1 29 
16
6899
83 97 62 79 28 23 89 96 37 51 81 66 48 50 80 
17
8855
92 84 91 88 41 75 1 48 23 3 95 22 50 13 93 
18
4668
63 30 54 3 17 39 45 62 60 64 76 9 63 7 51 
19
878
74 29 76 14 17 15 30 4 42 27 32 59 31 18 62 
20
8827
86 56 21 51 34 68 87 80 58 83 80 7 46 55 30 
21
5030
22 42 51 63 27 39 52 77 20 12 35 73 58 96 16 
22
6245
54 25 99 20 36 87 94 40 52 69 65 75 95 73 59 
23
9101
65 1 73 83 65 63 55 11 31 32 72 59 20 29 75 
24
7120
55 31 34 84 47 86 9 45 19 85 68 20 90 85 10 
25
10796
19 72 57 94 34 74 56 91 45 71 97 85 5 5 76 
26
3146
7 25 81 85 67 87 15 23 70 10 2 41 42 14 82 
27
7346
35 83 4 53 13 79 1 23 41 97 77 41 32 39 24 
28
9829
78 99 86 62 56 25 45 29 53 41 34 19 36 7 8 
29
6137
32 50 21 12 9 92 87 94 11 6 78 32 89 19 19 
30
3853
10 92 6 58 72 54 16 12 57 17 8 48 19 9 44 
31
1130
75 83 83 59 5 4 81 92 74 43 93 18 94 6 45 
32
8594
14 10 40 35 88 76 34 1 54 79 22 34 37 96 51 
33
4309
53 22 93 69 58 80 35 73 99 96 71 45 48 62 95 
34
9032
49 26 65 94 17 32 3 50 34 42 35 62 83 82 47 
35
1720
40 56 71 19 4 91 54 31 90 36 61 25 62 72 22 
36
2655
19 99 49 11 67 15 84 25 44 84 82 80 26 71 41 
37
2282
25 42 18 8 47 84 86 6 32 93 26 87 35 71 9 
38
8335
54 48 17 10 46 88 71 31 33 69 74 44 33 46 84 
39
10707
5 93 28 23 19 19 3 9 26 43 47 43 88 77 96 
40
5102
37 46 67 83 7 6 40 83 35 63 97 30 26 99 28 
41
6205
56 61 20 43 34 95 15 19 2 79 72 39 40 86 49 
42
8148
18 78 37 96 75 94 93 72 72 96 52 73 7 96 59 
43
5657
31 61 95 20 6 17 8 52 22 25 7 23 78 89 94 
44
6322
30 37 95 48 40 86 6 9 99 93 4 88 93 39 98 
45
1769
2 34 84 14 87 20 53 30 91 72 41 62 42 80 93 
46
10278
5 29 24 72 75 77 72 60 94 23 12 94 64 85 94 
47
7076
15 46 93 13 12 60 54 83 8 62 65 87 4 84 89 
48
1624
71 72 48 41 80 40 57 10 78 70 13 95 82 39 3 
49
5508
46 19 8 61 83 35 14 79 22 64 99 83 19 45 62 
50
4470
49 63 78 19 17 94 80 45 74 4 81 21 73 62 76 
51
10471
89 32 79 47 40 2 61 63 71 38 69 65 10 41 98 
52
1001
59 69 91 6 38 19 24 73 26 30 77 72 44 55 64 
53
10158
42 99 30 58 16 59 19 20 70 65 49 16 95 31 58 
54
7257
13 89 30 42 33 96 33 76 53 84 19 77 52 27 18 
55
5366
56 48 51 25 61 89 28 34 9 48 78 87 1 69 6 
56
2286
27 23 74 12 13 3 32 66 8 44 46 49 30 85 68 
57
6292
13 78 29 66 33 14 68 48 11 31 81 74 88 11 46 
58
1148
29 94 62 81 88 33 83 55 75 31 81 70 19 89 66 
59
6224
20 93 80 26 99 17 31 39 25 20 36 71 51 37 11 
60
2182
30 84 76 28 33 76 8 33 32 54 11 89 99 4 36 
61
10623
26 28 56 12 37 29 83 97 53 27 51 49 80 40 47 
62
2086
98 70 53 92 54 41 99 18 53 83 72 85 93 86 63 
63
2294
12 94 14 29 43 77 82 62 79 67 86 2 58 37 77 
64
10743
48 52 3 12 96 77 82 46 49 98 65 18 99 87 84 
65
9757
54 54 55 64 65 99 80 3 11 56 81 10 89 8 9 
66
7257
93 48 96 91 15 55 33 26 17 20 31 31 3 11 95 
67
10728
29 55 48 84 63 59 33 21 5 7 91 69 57 97 78 
68
4508
51 85 96 58 34 7 48 24 3 44 95 77 40 39 39 
69
4201
33 71 25 90 42 97 67 55 9 43 64 34 9 32 77 
70
3330
32 17 41 33 94 49 53 59 85 43 75 83 68 96 43 
71
4380
80 31 18 44 26 62 68 75 73 2 70 80 96 40 81 
72
8226
9 42 67 19 72 14 90 30 60 27 43 30 20 76 58 
73
4792
14 32 77 13 56 21 13 78 23 88 61 89 39 20 81 
74
5931
11 67 46 23 82 39 55 34 23 49 65 91 77 83 37 
75
10388
46 94 57 37 90 67 85 59 23 55 14 96 60 70 22 
76
9373
86 2 60 11 11 38 35 72 55 52 71 87 73 93 31 
77
3234
55 46 2 13 1 35 6 66 58 46 9 81 53 84 96 
78
5866
2 99 4 51 41 36 12 70 37 42 68 76 79 52 75 
79
1732
78 15 15 88 96 74 34 31 35 85 26 16 62 19 46 
80
7839
55 97 14 62 31 97 79 5 26 28 34 15 36 32 17 
81
2036
68 62 69 62 51 2 83 22 17 47 21 71 2 51 54 
82
1079
49 51 85 31 43 79 98 10 73 65 7 63 41 86 36 
83
9694
12 42 1 87 11 36 83 97 22 41 48 52 76 47 4 
84
5062
56 26 36 92 56 44 89 3 82 96 21 80 57 10 27 
85
9421
53 32 53 85 31 62 64 94 88 10 19 34 31 56 10 
86
3583
20 46 7 52 79 88 44 59 22 25 69 31 78 77 66 
87
6282
63 96 31 29 52 55 4 83 1 49 42 95 73 53 43 
88
3018
79 87 19 76 73 86 75 21 92 59 68 24 5 75 4 
89
2038
1 3 46 61 6 42 97 98 57 54 90 77 97 19 4 
90
3455
84 81 43 3 75 46 97 40 16 83 94 98 64 78 41 
91
3710
37 65 84 37 5 52 12 8 37 31 31 12 52 71 36 
92
6680
38 39 6 32 52 12 12 89 6 96 80 76 86 35 97 
93
2549
99 39 18 10 87 91 9 46 57 31 57 29 31 79 50 
94
2634
99 87 84 64 4 64 45 92 6 82 48 81 78 77 45 
95
2337
23 45 95 14 15 90 82 44 20 75 68 93 72 68 25 
96
5538
27 5 65 21 78 70 51 62 62 6 46 13 86 90 71 
97
6776
68 64 89 57 99 16 19 52 75 26 2 36 43 63 61 
98
4908
58 17 90 92 22 9 7 61 17 18 39 94 32 99 50 
99
6369
32 3 48 50 95 18 42 59 95 71 99 43 28 13 56 
100
3408
32 74 97 52 4 3 45 44 77 67 2 7 28 14 70 
101
3376
79 75 44 55 36 19 53 6 90 35 47 7 22 80 8 
102
8081
17 57 15 50 43 21 25 30 14 17 36 12 74 31 99 
103
1165
29 19 48 26 86 16 67 41 95 57 37 64 60 50 68 
104
3357
17 11 33 7 87 55 82 98 5 56 81 68 1 74 25 
105
3907
90 75 27 70 18 36 49 72 18 57 71 46 84 48 2 
106
6532
91 24 30 85 50 31 62 61 13 94 83 82 80 6 57 
107
6653
24 31 97 89 35 19 18 26 49 62 56 4 88 89 90 
108
2320
37 55 80 92 49 53 4 43 25 36 8 83 84 72 99 
109
10444
78 73 33 3 47 80 99 45 1 48 85 28 17 43 14 
110
9669
78 34 65 59 88 60 70 73 58 79 60 2 93 80 55 
111
1861
91 88 93 76 10 7 54 88 79 26 13 84 72 88 53 
112
3928
61 79 86 4 33 53 11 83 60 31 80 36 38 10 56 
113
6668
5 88 8 17 72 62 16 64 89 49 25 34 42 15 65 
114
7918
6 45 78 80 61 48 75 19 64 63 20 7 65 39 33 
115
2102
61 99 62 87 61 77 27 73 90 50 13 92 5 99 98 
116
8305
73 82 41 80 17 10 16 81 79 87 18 23 64 18 45 
117
3752
31 40 83 66 75 2 58 58 61 58 67 81 51 77 69 
118
4159
71 57 97 43 87 86 29 35 18 19 43 56 85 98 59 
119
6573
23 91 31 56 27 54 59 47 10 97 40 50 73 15 22 
120
10619
22 31 24 42 35 31 47 92 4 46 91 86 48 11 50 
121
4646
58 62 29 57 80 72 47 53 19 88 20 50 42 36 46 
122
5962
72 17 92 63 15 59 90 62 58 27 89 66 14 36 70 
123
7543
80 87 41 62 97 26 60 90 19 37 58 62 69 99 45 
124
9553
98 3 8 40 89 96 22 51 28 45 26 63 5 14 14 
125
5628
81 97 7 57 81 69 73 86 54 49 67 37 98 76 62 
126
6741
2 92 57 85 64 80 69 78 58 30 34 28 14 90 66 
127
6534
75 51 49 33 22 19 81 56 41 49 50 7 77 75 84 
128
5962
18 23 17 1 28 72 25 65 40 28 49 23 10 14 14 
129
2861
86 7 8 30 34 28 38 1 33 3 11 99 74 55 2 
130
7458
60 75 40 60 42 59 36 11 2 30 82 14 5 48 89 
131
2215
40 64 28 15 65 22 67 65 26 6 55 49 76 41 72 
132
10306
82 23 48 18 84 28 84 56 99 62 73 58 10 51 98 
133
10790
17 50 51 21 71 42 81 20 38 37 59 61 88 25 42 
134
6786
84 25 84 62 83 37 54 2 87 81 54 35 63 99 13 
135
5211
2 33 3 99 77 20 47 70 11 51 5 46 49 74 38 
136
4685
74 32 43 52 33 99 83 42 32 69 5 38 98 83 90 
137
2546
76 25 72 36 59 37 8 45 67 32 52 62 59 13 20 
138
6503
89 96 47 35 12 65 59 85 76 30 82 53 67 45 9 
139
7180
78 77 30 36 42 53 96 49 55 15 32 7 72 18 3 
140
6519
37 78 33 20 66 51 83 50 32 51 48 23 42 3 24 
141
2792
31 44 90 62 56 47 44 27 74 20 10 24 18 49 79 
142
9811
21 35 45 64 30 68 2 91 85 82 40 73 7 31 15 
143
5941
31 38 39 61 17 15 86 78 30 55 60 23 7 38 82 
144
6025
25 63 33 66 21 86 66 82 40 76 26 91 13 31 1 
145
6041
33 77 50 31 15 60 69 61 31 97 2 34 89 97 34 
146
5090
37 76 43 85 72 61 64 62 92 47 65 43 9 73 65 
147
10677
94 35 41 71 73 16 83 73 12 13 62 10 48 82 23 
148
9991
40 83 56 33 83 94 68 83 79 66 4 70 15 58 77 
149
7522
77 26 85 15 47 54 62 15 78 54 17 94 86 1 44 
150
6985
68 84 50 68 92 24 36 75 27 33 90 85 86 76 45 
151
8383
30 95 27 85 1 71 40 11 22 81 86 53 36 86 68 
152
4415
88 34 96 40 25 4 96 21 5 40 89 28 85 58 91 
153
1326
24 87 94 99 87 1 66 4 29 64 22 99 30 80 44 
154
8862
47 6 48 8 83 1 92 75 26 18 21 25 37 89 80 
155
6451
45 52 68 62 57 26 46 71 80 58 22 38 13 66 60 
156
10210
41 38 96 48 23 65 51 45 78 94 62 93 14 57 7 
157
4667
67 9 75 65 78 21 71 28 97 16 65 39 74 32 86 
158
4859
30 98 89 73 57 80 74 48 16 86 86 31 39 54 51 
159
2095
85 41 62 71 96 40 56 51 24 8 75 51 97 69 90 
160
1906
83 28 45 17 7 46 34 65 78 15 90 1 47 37 64 
161
2781
51 50 40 87 89 75 67 15 58 18 97 23 5 61 43 
162
2614
14 94 39 37 73 80 99 59 73 97 88 42 63 24 25 
163
10284
19 56 7 95 52 43 3 97 32 3 30 23 7 53 63 
164
2813
44 48 23 54 21 49 90 9 17 72 29 97 45 58 32 
165
9945
26 23 49 62 74 25 68 5 95 27 91 69 4 36 89 
166
9373
68 93 51 84 78 39 5 43 38 90 42 53 70 43 56 
167
6723
86 56 35 25 72 2 65 1 37 17 7 4 27 93 8 
168
8643
47 3 30 34 62 20 83 60 54 22 41 58 42 57 45 
169
10031
69 53 59 98 79 45 2 41 89 98 41 84 54 53 8 
170
7687
41 67 51 21 8 85 88 20 28 21 1 78 81 40 28 
171
3024
48 55 52 44 24 89 95 59 98 40 42 63 83 39 34 
172
4690
57 26 29 71 38 48 4 95 59 98 93 17 23 52 30 
173
8483
74 79 47 58 42 75 22 46 46 45 73 41 44 3 97 
174
1053
63 83 72 68 64 43 78 87 89 37 62 81 45 77 22 
175
5236
61 63 40 49 10 66 89 43 36 97 74 42 66 84 74 
176
1903
55 6 72 28 80 32 74 4 56 69 76 19 97 49 15 
177
5153
52 4 30 16 88 93 56 32 97 42 19 94 52 57 86 
178
3162
61 74 47 77 21 16 75 79 75 68 2 53 24 3 21 
179
4424
72 93 7 53 30 13 72 44 67 35 72 23 3 1 88 
180
8588
92 87 76 63 98 67 45 17 37 19 86 60 51 57 54 
181
8555
63 47 59 95 25 85 12 71 62 27 95 57 17 19 25 
182
6620
74 84 40 92 88 26 15 69 46 27 36 67 22 33 50 
183
5789
33 48 22 79 11 34 33 3 23 32 42 70 86 46 99 
184
9767
33 89 8 43 35 60 44 2 92 87 35 9 97 80 49 
185
3328
49 16 32 17 65 42 24 42 24 25 47 70 63 69 39 
186
6390
27 63 18 58 62 45 10 67 95 68 65 49 15 22 98 
187
1500
28 58 47 16 78 51 15 48 81 99 8 39 64 7 72 
188
2953
6 67 77 70 67 39 24 91 53 89 12 85 27 80 57 
189
9614
54 29 85 82 98 8 76 20 16 43 92 75 35 97 81 
190
3021
6 42 10 64 9 39 1 32 66 12 83 6 67 85 7 
191
2487
68 13 75 7 22 74 74 41 63 79 15 2 65 70 8 
192
10337
54 24 35 41 61 96 62 79 15 39 52 50 76 27 22 
193
1178
48 17 99 63 27 38 70 80 22 76 5 10 86 67 57 
194
2606
34 30 7 54 17 65 26 83 72 13 90 51 19 51 51 
195
9031
60 61 72 37 13 97 1 72 19 91 40 99 65 2 92 
196
5165
40 7 14 6 87 83 24 80 30 62 87 72 89 24 92 
197
9587
2 40 72 59 66 39 57 21 11 41 57 1 10 55 38 
198
10048
85 64 5 95 6 58 36 13 13 20 88 10 80 97 6 
199
5387
33 46 49 55 64 43 54 21 59 61 60 97 48 34 96 
