20
15
688705724
0
1551
7 30 56 92 12 50 68 51 59 14 59 9 38 61 82 
1
952
62 9 24 50 76 5 12 54 87 53 42 14 99 5 17 
2
1172
48 24 52 61 69 25 35 4 12 49 13 11 99 6 84 
3
1146
17 74 76 72 65 45 85 87 90 40 56 46 23 61 2 
4
1114
96 95 72 9 49 11 32 80 83 19 27 86 27 73 74 
5
1354
94 27 64 47 41 38 61 68 92 25 13 55 68 31 76 
6
1008
47 67 83 54 16 16 61 37 63 54 29 2 58 71 89 
7
1528
33 37 51 6 59 84 50 87 74 5 20 78 32 23 78 
8
1510
99 25 11 95 16 78 85 35 86 37 30 55 32 22 37 
9
1210
62 1 9 24 73 29 41 38 22 56 26 68 79 58 31 
10
862
93 63 94 23 58 87 16 20 54 18 98 49 17 72 21 
11
905
58 75 10 18 46 90 41 75 65 31 12 12 29 80 31 
12
1143
32 2 50 87 53 72 5 52 55 30 48 56 17 98 25 
13
974
41 28 48 98 71 99 44 61 19 2 54 53 90 81 33 
14
1367
7 25 68 31 82 58 85 79 7 5 93 20 91 2 37 
15
1535
16 35 2 14 84 97 2 97 35 15 29 63 24 75 94 
16
1170
47 92 51 37 43 29 59 10 78 71 51 79 37 18 40 
17
1372
90 37 73 27 20 7 85 57 32 46 33 1 78 86 77 
18
1114
35 12 91 28 96 76 44 85 10 49 32 84 78 60 68 
19
1179
58 73 6 1 47 82 75 6 75 89 80 37 91 40 30 
