300
20
146728108
0
5620
35 51 53 22 1 56 97 50 32 75 65 56 22 56 4 66 82 3 36 52 
1
13757
78 23 62 28 45 65 41 49 36 14 90 79 19 98 31 48 5 86 36 44 
2
13744
32 7 12 34 87 1 6 11 89 55 53 59 37 22 26 30 14 44 59 82 
3
10240
10 75 58 42 16 11 17 82 19 48 31 19 59 54 77 49 67 31 87 98 
4
1031
75 64 59 65 81 65 43 55 94 41 4 36 26 71 50 64 45 48 55 73 
5
4887
14 23 35 84 34 56 79 73 37 51 78 56 74 50 57 24 69 94 31 31 
6
5996
53 50 69 71 35 20 96 59 48 25 35 95 54 36 22 77 73 82 64 40 
7
2330
49 25 94 83 3 2 42 54 83 99 82 71 34 7 42 82 17 10 98 55 
8
4021
40 33 19 77 54 70 36 5 62 74 10 77 49 43 17 77 8 4 43 48 
9
13108
19 32 11 33 84 42 84 5 26 83 19 64 93 21 39 38 56 18 37 12 
10
4842
25 25 8 59 86 45 93 52 35 13 16 69 14 50 74 8 60 59 29 39 
11
6731
54 96 10 12 71 85 69 82 33 45 75 49 52 93 65 18 60 28 67 25 
12
5155
5 77 23 42 3 49 43 32 88 18 98 81 69 63 49 82 50 16 55 96 
13
8514
37 78 83 66 40 50 63 48 26 3 43 66 15 71 61 12 53 46 42 58 
14
13918
56 44 43 56 15 27 79 10 40 49 54 75 46 56 77 7 56 78 49 20 
15
6316
18 35 96 30 93 91 96 40 7 31 73 17 64 11 79 29 50 92 44 12 
16
12491
31 38 20 17 8 78 25 60 78 38 49 21 77 7 68 80 83 70 10 24 
17
2484
30 63 48 21 6 82 93 26 93 31 55 47 59 33 28 27 13 58 54 52 
18
2775
2 77 14 15 53 61 72 2 42 97 10 54 1 97 96 39 33 47 66 72 
19
2850
5 76 72 72 72 62 23 65 64 73 94 61 41 65 89 47 76 47 64 49 
20
15069
15 35 13 73 54 73 62 62 4 82 63 2 38 99 83 92 6 39 80 91 
21
7038
71 83 41 83 57 83 70 4 82 58 9 91 13 45 27 4 62 87 17 5 
22
4593
46 26 61 47 14 15 64 17 19 1 47 83 89 8 52 30 58 93 49 99 
23
14251
49 84 19 92 80 75 4 90 73 76 37 89 93 83 55 92 81 95 14 16 
24
12056
89 95 47 1 61 11 38 86 10 86 96 81 30 23 91 69 71 77 49 31 
25
1795
59 34 6 25 24 21 30 89 44 58 3 73 85 23 13 51 77 13 35 45 
26
6952
42 87 58 87 19 4 65 22 95 80 93 12 59 67 53 25 11 97 70 7 
27
12585
13 6 42 83 33 75 84 21 52 89 65 44 20 65 97 12 31 92 51 87 
28
9876
56 52 25 57 28 71 48 22 1 66 46 25 20 32 47 50 16 50 54 26 
29
1384
27 38 12 23 32 45 44 62 30 57 16 10 82 84 9 29 21 17 83 79 
30
8891
13 9 66 78 68 28 31 65 88 32 55 71 67 52 20 47 99 63 39 72 
31
1067
29 98 81 57 83 48 31 86 19 54 4 10 39 37 61 49 48 69 89 1 
32
4136
20 41 26 96 31 51 20 75 51 69 54 83 12 84 80 89 62 64 75 11 
33
7358
30 28 28 7 8 65 54 90 99 37 15 76 90 72 46 64 72 17 33 26 
34
6861
26 50 12 89 83 15 27 97 80 61 98 26 43 34 73 97 9 81 44 70 
35
2037
98 94 92 73 99 59 83 88 93 24 14 19 94 1 43 7 2 87 32 52 
36
5652
12 56 29 52 82 97 67 30 58 53 16 19 48 53 36 33 67 86 96 62 
37
10259
48 48 12 21 82 9 98 29 99 58 99 17 11 4 47 18 84 78 72 38 
38
8030
54 23 64 74 80 5 56 91 89 36 89 88 26 67 6 14 50 37 19 38 
39
2368
93 93 91 78 33 43 20 42 3 43 65 57 29 48 28 15 27 24 83 67 
40
1439
29 56 84 72 33 1 7 7 57 93 99 8 49 50 85 14 37 33 44 21 
41
8901
51 3 58 62 48 60 44 41 40 57 37 26 91 19 44 42 37 65 50 67 
42
6786
33 53 90 79 67 41 43 41 9 53 34 24 17 45 39 7 88 55 67 20 
43
15203
32 67 33 8 53 20 43 1 68 40 26 78 25 15 54 31 18 41 93 49 
44
5776
80 55 44 24 68 59 2 42 96 39 36 66 54 34 8 49 45 90 42 69 
45
11466
9 26 19 38 90 95 27 93 20 52 74 41 6 65 73 43 27 87 88 65 
46
12639
14 79 13 42 13 46 88 73 39 3 40 42 49 31 63 17 98 66 71 18 
47
13589
11 83 23 64 55 87 49 62 77 77 51 14 62 94 29 31 81 34 31 63 
48
8780
46 63 37 10 85 43 55 74 60 84 95 80 87 85 94 3 86 56 19 4 
49
4311
86 6 11 80 35 4 52 76 73 49 85 32 58 55 75 52 77 57 31 83 
50
11617
55 4 13 88 6 32 46 19 53 57 25 42 10 55 40 76 24 46 17 5 
51
5595
2 74 51 21 12 79 42 2 79 3 51 55 57 46 29 98 51 58 69 29 
52
15560
78 93 88 30 34 44 85 72 62 1 10 1 5 40 13 50 43 59 28 17 
53
15505
55 87 62 98 79 17 28 86 36 57 70 82 95 42 19 82 46 23 61 75 
54
1092
68 47 62 25 83 71 47 95 2 19 13 31 73 50 63 51 35 13 76 28 
55
10291
49 84 31 88 98 69 65 36 41 33 4 43 55 69 31 84 5 94 7 15 
56
13178
12 48 87 11 83 3 41 42 76 46 89 20 87 2 16 26 17 73 19 44 
57
10506
56 89 92 35 89 2 96 35 57 80 43 56 89 60 90 59 49 44 38 88 
58
1769
53 16 85 65 64 42 10 47 31 69 86 72 50 40 3 64 75 65 73 42 
59
2866
20 63 52 62 44 67 25 65 78 22 28 53 23 69 2 74 92 91 48 46 
60
15403
63 58 29 78 4 48 49 8 73 7 55 56 82 92 59 7 82 36 7 19 
61
4031
79 67 76 67 75 91 59 12 5 80 23 57 22 58 35 51 80 54 93 59 
62
8926
1 29 61 98 97 20 54 92 97 97 13 21 20 24 65 35 61 55 1 20 
63
8263
84 42 3 9 97 32 83 83 64 85 27 66 48 29 94 6 12 3 70 30 
64
5224
37 13 37 22 12 41 31 15 52 70 30 84 75 26 53 63 96 90 79 35 
65
9578
38 24 32 61 12 79 96 52 86 27 59 9 36 16 5 42 15 91 35 15 
66
8730
99 17 10 27 9 80 31 5 31 67 18 34 79 40 55 49 18 80 56 66 
67
12876
99 30 64 17 45 83 82 90 78 51 19 86 43 38 86 19 24 14 32 68 
68
11393
23 61 14 13 82 72 75 40 72 2 16 22 65 26 36 1 98 17 58 81 
69
8830
27 7 21 87 51 80 6 87 86 24 48 85 99 43 56 46 91 63 19 66 
70
3113
68 40 57 66 19 21 26 57 43 55 60 67 25 74 96 5 51 50 92 13 
71
8782
58 64 92 6 7 13 18 88 32 97 41 5 39 60 54 89 92 35 13 34 
72
10016
32 46 50 64 42 21 71 60 28 34 56 46 48 85 34 34 28 59 40 93 
73
3734
32 54 52 65 45 91 67 86 28 34 27 62 10 5 66 74 69 68 81 58 
74
7804
79 60 55 92 53 84 35 34 22 83 26 86 29 42 67 77 11 90 53 42 
75
14473
17 76 50 43 25 75 17 58 74 89 73 8 14 58 62 94 84 49 58 52 
76
10903
29 91 26 23 67 24 57 33 60 75 5 62 37 74 36 36 9 52 27 34 
77
12992
17 58 7 16 82 48 56 74 1 22 26 27 53 21 15 19 78 33 31 7 
78
1936
90 53 70 51 49 61 57 53 84 47 32 84 87 18 34 56 86 15 19 52 
79
10827
91 71 85 19 62 14 94 43 80 56 57 45 27 79 43 5 18 60 68 92 
80
14089
24 89 89 36 18 67 62 22 88 47 59 2 98 60 32 11 53 51 9 51 
81
14065
37 78 92 56 4 40 36 81 84 84 16 14 98 73 61 51 99 19 66 29 
82
8275
78 20 3 65 99 22 48 76 17 35 96 4 82 91 62 68 14 45 69 54 
83
14736
78 47 59 65 70 2 79 84 93 41 88 80 90 51 46 26 67 9 99 97 
84
7495
91 33 76 72 54 5 26 37 72 85 11 83 47 96 11 17 3 1 90 74 
85
9807
61 14 4 9 11 18 31 40 38 17 32 14 77 1 94 44 16 66 13 48 
86
3075
5 75 17 38 16 23 49 51 42 9 59 61 66 19 6 11 23 41 12 16 
87
7386
6 29 80 26 75 32 63 90 65 40 71 77 91 46 63 40 78 40 33 74 
88
1360
61 73 87 84 27 16 50 96 5 29 14 19 7 88 17 59 42 74 39 78 
89
11326
73 62 80 23 16 37 87 66 64 80 75 9 94 26 13 79 24 68 5 37 
90
13709
31 91 66 75 58 23 58 22 51 93 30 91 51 87 59 77 44 52 77 51 
91
3037
71 54 43 39 29 60 19 9 85 51 34 45 81 49 68 60 17 81 8 66 
92
14516
23 76 56 15 59 42 97 59 73 62 58 74 52 63 17 58 90 40 18 67 
93
1295
22 21 42 68 47 58 46 7 48 30 98 72 64 75 94 13 38 75 67 38 
94
4461
58 51 57 39 47 20 88 73 42 16 39 10 41 10 19 43 72 18 56 38 
95
13902
72 99 63 87 90 52 27 75 14 59 52 21 66 19 94 23 71 37 71 90 
96
7886
80 73 62 63 60 31 37 59 69 75 67 72 50 62 14 45 58 68 35 22 
97
1554
98 34 40 86 22 19 45 20 5 10 87 71 83 62 61 36 90 73 27 20 
98
3627
81 57 57 74 73 45 49 85 98 76 48 95 71 82 78 52 1 84 69 71 
99
8720
2 81 85 87 69 70 30 41 14 82 59 78 2 80 22 48 22 91 38 8 
100
11264
75 4 33 79 81 41 49 41 77 24 57 61 96 3 14 93 64 40 83 24 
101
7805
18 86 1 25 25 53 28 19 10 8 52 7 53 7 55 27 40 39 27 76 
102
2682
86 21 30 92 38 11 3 32 74 19 21 23 15 28 87 22 63 16 22 29 
103
11690
60 6 60 54 36 57 30 48 5 44 66 96 77 3 60 61 53 4 5 18 
104
5738
40 83 15 4 67 74 6 18 76 45 15 77 47 28 88 95 52 83 61 55 
105
11988
82 40 18 76 84 54 62 34 10 51 95 47 68 52 69 45 22 55 71 76 
106
8825
17 93 21 80 81 99 37 45 88 95 99 66 15 48 67 18 81 97 33 13 
107
6506
84 65 62 32 54 34 81 62 63 47 60 40 24 45 71 14 38 43 16 94 
108
2750
2 71 99 91 47 90 51 25 49 22 44 32 65 45 58 13 78 46 47 96 
109
6415
74 49 52 15 83 44 69 80 98 41 39 54 24 35 16 42 38 90 19 65 
110
6780
76 18 36 84 8 32 32 87 59 9 18 52 31 92 43 63 62 6 15 92 
111
13073
89 17 35 88 59 33 30 44 67 84 57 44 46 85 96 83 95 94 41 76 
112
6788
78 28 36 19 96 26 15 43 72 96 64 79 44 90 32 18 46 20 42 39 
113
8575
37 67 20 6 83 35 51 30 42 28 57 23 61 12 91 38 40 24 54 23 
114
8602
31 20 62 95 44 2 20 39 18 49 21 39 68 16 28 35 53 48 66 74 
115
6291
21 37 64 94 2 72 82 73 7 59 90 55 1 1 70 28 24 73 41 12 
116
4636
31 95 61 17 86 22 55 23 7 94 52 9 57 35 57 55 75 78 36 47 
117
6388
25 95 66 86 66 99 76 88 13 98 52 43 75 47 2 80 75 23 88 5 
118
13536
33 84 31 20 69 91 97 62 89 93 53 73 48 64 52 90 53 52 14 27 
119
10212
37 24 85 77 64 94 47 94 9 94 43 70 43 22 89 29 88 47 32 92 
120
8417
94 93 71 60 83 8 13 87 48 89 98 24 29 30 10 18 9 73 5 78 
121
2188
40 48 33 40 68 78 66 95 15 3 91 94 74 90 41 23 71 50 1 6 
122
3950
77 8 15 35 62 22 54 83 86 62 67 21 72 22 55 50 25 10 13 3 
123
11184
68 78 68 94 36 74 33 21 86 76 62 47 37 79 19 73 95 41 1 4 
124
4552
30 79 85 2 40 71 81 65 36 98 76 83 81 16 86 36 49 97 64 19 
125
4832
88 91 40 19 96 26 40 72 85 64 37 16 52 75 14 69 59 29 83 50 
126
12801
24 30 99 59 66 70 64 16 30 58 6 21 6 6 71 13 61 70 34 88 
127
12630
47 30 8 96 92 53 18 77 37 18 80 45 82 84 46 39 51 93 98 29 
128
14392
45 51 62 89 46 9 58 87 13 6 57 21 10 99 79 8 39 29 67 41 
129
3159
41 74 48 3 51 8 94 49 14 68 94 73 18 6 33 92 16 79 6 10 
130
2953
67 29 65 14 71 11 16 74 74 46 39 13 10 45 14 65 11 14 88 93 
131
11259
30 62 73 33 74 75 86 70 39 66 41 12 30 6 9 33 41 2 19 99 
132
11016
85 80 71 17 56 25 8 71 97 11 14 70 39 82 99 69 27 76 31 43 
133
1984
83 76 17 76 34 32 15 89 47 36 12 17 42 30 18 30 73 76 16 49 
134
12295
51 56 87 29 67 53 18 49 5 47 20 55 70 18 16 83 22 20 41 10 
135
10470
14 53 37 41 99 53 97 85 63 63 19 40 85 96 91 13 78 47 35 8 
136
10457
19 14 95 77 3 79 3 2 7 77 94 12 44 89 19 8 62 72 16 11 
137
2980
44 3 54 77 90 49 72 18 45 84 21 12 60 28 52 3 4 98 3 89 
138
7263
26 55 62 99 68 11 27 10 4 9 91 14 76 86 1 70 64 77 2 96 
139
8794
68 96 84 55 5 17 90 31 70 95 85 49 5 56 82 7 95 5 12 14 
140
13589
86 48 25 59 65 5 17 69 27 78 59 10 14 96 36 39 66 63 41 17 
141
9707
47 96 34 7 83 3 22 77 42 39 78 72 70 91 13 91 19 11 38 5 
142
13579
69 25 98 97 2 9 98 34 54 77 92 22 35 53 49 51 31 7 38 45 
143
11208
41 41 21 49 88 85 21 83 81 43 69 23 65 5 91 95 40 1 75 98 
144
4553
48 18 44 62 95 73 40 80 83 81 23 24 24 38 56 78 27 38 58 99 
145
15191
57 67 71 14 4 60 98 30 23 58 39 82 1 20 16 55 15 35 63 6 
146
3894
74 77 58 21 22 23 45 89 44 81 77 4 19 91 66 18 50 6 26 93 
147
4854
63 46 68 39 78 23 37 91 45 37 3 65 40 2 26 5 51 93 82 57 
148
11973
61 57 49 67 89 23 97 96 66 22 45 74 1 3 76 44 30 44 7 58 
149
6276
55 60 28 38 74 55 69 87 97 31 12 30 22 62 15 71 8 76 61 39 
150
8318
52 2 16 35 56 58 42 81 52 96 44 23 80 68 99 8 27 90 90 89 
151
12301
61 4 77 36 75 37 68 76 24 75 24 1 33 10 94 79 64 80 42 49 
152
3605
72 15 53 74 72 35 35 16 3 46 37 17 16 21 71 85 89 57 62 90 
153
13597
92 14 63 97 45 26 19 15 51 17 78 40 25 1 27 78 42 97 77 79 
154
8437
63 69 95 2 12 17 27 71 17 54 77 46 52 95 31 38 67 7 8 26 
155
11383
74 85 92 79 15 73 27 63 22 36 58 86 75 45 19 11 3 65 77 20 
156
2909
33 1 79 36 33 22 32 52 86 4 50 50 22 12 81 23 95 85 2 66 
157
3719
33 36 43 44 44 82 87 80 97 27 89 61 5 78 44 38 93 52 5 14 
158
10733
49 53 17 62 24 88 25 34 63 10 26 60 40 84 29 67 94 95 77 25 
159
9025
27 7 58 88 10 22 68 31 15 66 56 78 86 59 86 59 70 13 43 66 
160
2819
28 31 16 55 15 1 99 95 64 43 8 66 93 72 58 14 44 5 90 24 
161
1447
6 19 70 86 24 92 89 24 27 4 22 2 49 1 42 92 78 29 85 5 
162
6661
54 46 82 42 76 57 43 77 35 4 88 2 47 54 5 90 66 41 74 79 
163
2228
6 43 64 46 1 16 12 98 67 41 23 86 6 94 75 27 77 14 51 89 
164
10023
68 84 7 52 74 37 79 12 65 36 18 56 91 36 28 85 42 25 81 7 
165
2375
54 6 41 12 62 6 39 76 76 97 95 18 39 77 25 43 9 52 17 37 
166
13481
48 18 63 91 70 57 76 29 86 50 5 43 7 70 29 6 32 96 71 46 
167
2571
34 84 54 64 26 6 13 81 19 45 19 14 95 13 87 95 84 53 31 67 
168
2426
60 95 37 90 1 20 91 93 65 25 82 6 78 84 32 92 87 87 12 71 
169
4020
40 65 6 70 24 62 62 13 89 71 44 10 19 20 3 65 61 22 23 70 
170
1738
2 89 59 16 57 75 41 36 10 61 87 73 78 74 39 95 32 24 22 56 
171
9183
85 90 95 9 36 17 20 94 80 50 92 67 29 85 25 46 26 76 96 26 
172
14996
33 48 55 18 54 95 61 43 48 56 46 1 60 59 91 39 7 35 59 38 
173
3669
65 97 41 3 89 77 35 7 77 70 73 99 51 51 22 7 72 71 49 15 
174
7847
46 44 25 19 81 90 21 7 48 8 85 90 3 87 86 90 46 20 38 56 
175
9375
48 15 14 21 14 14 93 12 79 99 42 82 63 6 92 8 35 10 60 51 
176
2947
17 48 87 16 50 95 2 64 81 68 3 8 49 78 65 20 43 96 99 93 
177
12786
98 33 89 55 7 5 41 68 93 25 36 96 73 60 32 8 57 11 35 9 
178
15193
72 27 34 36 11 18 4 46 50 2 92 14 59 59 34 60 58 17 32 76 
179
1442
36 30 17 31 71 13 67 82 2 57 9 33 15 62 77 29 88 22 19 10 
180
1370
45 97 42 19 37 49 14 4 50 90 85 28 87 71 83 94 45 49 46 89 
181
1457
9 80 34 53 3 25 75 83 47 99 24 30 82 60 55 93 99 3 60 40 
182
4668
73 33 2 80 46 1 53 28 65 14 13 97 17 26 11 53 8 11 54 33 
183
7552
3 65 98 60 17 58 84 2 63 55 49 1 27 51 24 96 83 76 93 30 
184
4906
75 93 8 7 94 79 13 84 67 53 59 55 49 20 41 51 44 59 90 66 
185
1802
16 86 80 53 81 60 29 36 72 56 5 69 1 40 78 63 2 9 51 48 
186
11592
31 8 4 62 3 89 96 34 39 65 86 90 11 73 49 7 76 47 13 62 
187
10281
54 78 48 48 24 64 92 7 55 33 22 14 29 82 29 3 25 84 75 27 
188
2950
19 62 72 77 13 90 21 92 1 98 20 91 67 28 99 68 4 5 11 50 
189
3122
97 41 28 10 96 79 81 23 50 45 5 91 1 20 65 38 90 99 40 52 
190
8841
84 83 41 2 48 61 95 81 13 69 85 12 81 51 36 21 55 82 38 53 
191
9144
30 97 17 86 62 18 76 56 7 59 45 53 73 23 96 36 93 75 66 5 
192
13554
29 31 17 54 4 10 32 50 18 22 73 70 11 88 96 48 68 56 73 93 
193
3835
56 24 34 31 80 4 80 86 55 50 9 3 73 61 22 3 98 62 74 74 
194
9460
42 29 27 72 77 19 35 50 96 46 23 90 11 90 16 34 70 61 4 62 
195
8778
25 92 36 59 40 58 65 66 73 70 59 50 11 63 27 77 7 68 49 14 
196
12707
1 41 65 26 11 19 72 62 29 45 90 67 81 85 41 41 67 98 32 9 
197
6170
31 8 47 96 45 28 68 63 85 14 54 33 89 85 79 81 30 81 58 88 
198
12062
72 7 34 69 91 54 97 37 5 62 57 27 81 86 37 13 96 64 95 66 
199
3705
25 57 67 80 23 58 2 28 14 66 27 60 63 6 48 78 88 90 56 40 
200
14230
83 49 13 19 23 41 77 7 39 84 35 82 60 15 90 50 98 64 71 70 
201
10477
99 17 56 72 29 40 34 23 7 14 21 6 17 38 44 86 58 86 19 96 
202
4693
50 8 9 28 94 33 78 99 19 2 34 38 98 59 74 44 48 46 13 86 
203
10668
92 40 72 59 12 2 8 14 9 89 38 92 27 8 88 23 12 3 24 40 
204
1240
83 28 5 22 92 26 93 49 6 72 70 3 42 22 21 58 48 35 2 7 
205
7064
10 48 88 28 1 99 22 58 96 98 45 84 4 91 13 77 6 4 60 33 
206
11725
22 51 58 42 73 38 71 61 62 42 2 47 11 45 93 37 64 10 11 4 
207
2490
26 84 17 37 50 87 35 35 82 13 32 22 29 24 69 76 58 34 54 55 
208
4422
56 3 4 20 31 11 61 46 72 38 76 80 62 47 50 89 68 27 66 32 
209
13019
99 43 67 99 25 32 82 38 71 90 25 47 39 38 79 37 97 84 6 13 
210
8256
42 72 47 37 6 67 26 62 71 20 99 7 77 29 95 51 72 27 38 89 
211
7715
48 47 46 65 31 76 74 53 46 9 40 76 7 87 35 76 82 81 60 60 
212
6985
93 30 19 53 9 55 47 7 77 3 63 18 24 17 93 13 46 5 89 42 
213
13895
46 33 7 51 83 32 97 23 99 24 18 93 72 44 72 58 58 91 46 90 
214
5586
61 90 34 47 19 74 72 24 86 79 81 90 23 83 68 6 2 61 37 71 
215
4186
78 45 75 68 72 85 52 73 96 15 79 50 89 66 18 48 7 82 49 5 
216
9887
61 39 6 15 52 30 7 23 89 82 34 43 61 41 81 93 20 1 6 65 
217
15524
37 33 40 86 9 40 4 91 39 1 10 95 43 78 23 33 89 52 54 1 
218
10301
34 50 87 60 30 31 41 34 80 34 39 48 64 77 43 47 36 7 14 38 
219
10623
29 43 75 61 60 92 12 43 85 65 69 55 70 76 60 21 59 41 98 4 
220
9687
46 41 12 16 83 12 65 10 84 23 28 56 94 84 68 70 76 87 77 37 
221
12936
72 56 80 94 10 79 13 70 39 77 67 82 87 20 35 14 81 42 20 50 
222
12846
19 85 83 54 79 78 99 94 45 44 23 91 99 36 69 75 76 52 54 28 
223
1375
63 50 17 24 45 27 81 85 62 45 53 39 59 33 89 41 24 68 41 11 
224
14310
32 27 40 71 63 22 69 53 41 68 87 41 63 35 51 71 42 12 81 90 
225
6131
69 96 38 4 73 5 77 28 55 91 86 48 84 24 52 61 7 33 4 83 
226
13889
99 94 16 1 20 29 49 99 31 44 79 62 89 21 52 87 86 3 61 20 
227
15360
89 48 33 1 76 26 19 25 27 80 18 33 57 79 18 68 78 94 99 23 
228
1793
48 68 61 26 34 80 78 38 69 60 15 63 20 28 22 78 82 95 73 26 
229
5961
23 96 13 65 66 78 46 93 85 7 72 46 71 94 4 51 36 14 83 27 
230
1964
78 75 33 21 48 97 81 39 11 86 21 93 32 80 1 11 91 76 35 95 
231
9774
94 89 88 80 55 16 81 31 89 51 13 30 83 76 53 84 94 57 48 18 
232
14129
93 62 99 40 39 24 36 51 37 90 32 48 13 35 44 84 47 31 58 4 
233
12917
84 45 33 46 33 78 11 1 4 64 21 12 48 50 94 4 14 19 83 52 
234
14388
28 40 37 75 97 58 51 23 40 43 26 11 80 93 14 7 41 23 84 58 
235
12014
70 39 54 80 18 73 72 42 86 25 76 10 90 22 99 51 23 25 33 67 
236
11473
94 7 43 43 62 32 86 23 37 63 22 49 68 94 78 30 42 58 82 95 
237
11253
52 23 96 49 46 17 65 97 87 32 43 65 80 57 43 87 34 13 64 6 
238
8405
54 49 65 25 3 95 81 69 8 89 23 89 81 21 48 5 13 61 12 49 
239
15288
48 51 15 39 26 38 31 53 11 56 8 9 95 10 30 29 30 80 24 87 
240
15914
55 35 63 2 21 37 91 4 97 8 2 94 52 49 92 13 29 91 80 35 
241
11522
85 30 34 20 24 54 95 58 39 45 3 45 30 10 88 70 6 44 95 1 
242
13090
71 59 42 45 55 89 64 84 32 8 9 71 87 72 66 47 79 97 80 48 
243
4480
17 51 94 85 59 28 75 78 96 28 19 1 82 1 57 92 32 43 48 80 
244
10092
31 52 26 89 75 98 70 63 40 34 31 79 24 89 74 10 32 48 61 38 
245
12775
42 29 72 48 30 59 43 17 76 30 14 24 23 53 64 46 92 6 41 50 
246
6271
32 47 56 75 78 46 61 41 20 97 58 2 59 87 57 73 55 83 7 89 
247
12722
67 72 82 43 34 89 65 81 83 22 9 70 26 20 7 9 30 27 80 90 
248
15093
94 40 90 66 59 36 14 42 70 74 96 40 79 77 27 40 32 32 84 52 
249
7761
2 72 11 32 72 56 71 19 93 15 37 15 62 96 98 71 1 27 89 40 
250
2842
46 30 1 93 66 97 9 94 84 86 50 76 35 41 58 78 72 51 89 28 
251
8230
99 47 41 16 70 75 68 53 52 21 17 78 64 70 17 37 83 77 82 22 
252
8337
15 7 96 13 31 67 26 23 19 88 73 23 99 51 1 24 92 16 95 92 
253
3838
97 76 31 67 5 37 34 60 32 54 43 7 89 25 98 35 15 95 24 90 
254
3107
62 59 51 85 22 62 21 57 51 25 50 91 71 86 4 39 52 66 77 31 
255
14935
51 40 43 26 10 46 7 67 86 50 22 5 89 26 84 57 62 31 6 71 
256
13309
42 22 11 34 97 23 48 70 47 99 99 9 47 34 61 45 48 94 31 59 
257
3985
26 8 56 60 3 92 21 9 10 49 47 84 62 30 85 78 14 14 10 71 
258
1934
32 32 31 42 94 24 19 70 56 39 71 55 62 46 58 91 7 92 58 90 
259
6150
46 18 79 45 59 95 69 49 77 98 37 35 79 51 32 11 91 49 5 86 
260
14662
96 47 52 51 83 81 42 39 53 72 19 75 1 76 77 2 92 6 43 82 
261
1192
87 77 73 39 21 53 68 85 75 57 93 55 71 49 28 23 35 26 32 57 
262
12714
3 85 6 8 98 16 90 75 19 81 19 16 57 50 25 45 30 33 61 15 
263
13664
81 10 75 39 40 66 94 6 78 7 59 28 76 56 68 62 86 92 95 49 
264
9224
65 75 5 74 8 63 31 2 71 8 46 49 27 44 64 87 3 48 37 47 
265
3598
39 35 52 96 89 15 80 50 35 22 33 73 49 69 3 78 90 24 75 85 
266
14248
39 99 87 38 46 22 57 10 79 57 50 76 98 92 35 55 62 42 94 23 
267
11985
87 7 4 65 92 72 48 51 77 51 64 53 93 91 93 31 35 28 65 42 
268
1199
45 72 15 97 44 19 68 99 68 92 6 33 39 62 4 86 5 70 58 66 
269
6353
5 14 78 83 62 30 46 72 90 92 49 17 45 39 33 29 31 27 12 2 
270
3212
64 72 99 39 52 11 2 1 63 38 67 1 54 84 99 14 39 61 45 3 
271
5996
17 5 22 58 61 13 39 10 99 6 37 6 7 18 43 27 25 70 11 44 
272
7915
3 49 95 43 59 59 99 97 13 96 8 58 70 94 66 78 75 53 77 75 
273
12691
74 87 4 27 44 81 2 95 14 29 5 41 10 79 79 36 59 3 96 55 
274
13413
75 58 36 62 6 45 47 94 80 57 52 52 56 67 87 24 93 16 77 52 
275
5472
57 30 43 63 30 47 36 10 31 49 57 41 15 33 4 37 10 12 43 77 
276
10730
19 56 86 62 41 65 37 84 50 60 47 33 81 11 46 3 87 17 75 73 
277
4090
11 89 87 91 98 28 81 47 74 92 95 89 70 63 14 66 11 1 64 44 
278
9668
75 24 18 42 72 3 71 7 48 73 87 37 20 24 66 85 15 47 39 91 
279
7691
24 90 50 58 61 76 83 69 6 63 29 32 18 89 53 55 39 71 74 81 
280
7255
31 56 35 89 26 86 56 71 89 75 73 69 79 66 14 35 24 2 19 98 
281
1781
55 65 49 67 43 76 8 63 72 63 86 25 39 92 12 61 56 51 56 21 
282
6311
73 70 47 32 45 20 85 90 43 13 24 30 58 71 79 73 83 29 50 5 
283
15759
34 24 88 44 73 18 60 4 80 82 21 14 63 30 57 59 7 55 64 93 
284
15630
88 66 10 13 88 60 13 55 88 52 16 68 92 6 6 65 29 37 14 28 
285
6726
79 67 33 47 83 14 80 34 10 90 55 26 78 63 95 14 54 25 82 59 
286
6148
88 94 72 3 64 40 25 55 15 92 32 71 67 85 17 35 90 87 33 25 
287
12417
45 43 61 94 19 96 20 42 39 5 79 72 25 91 49 1 86 93 87 15 
288
7377
99 51 61 52 73 25 13 6 99 74 66 34 66 39 26 38 8 55 80 38 
289
3316
82 79 17 89 81 51 18 48 18 61 54 65 17 7 22 13 9 93 47 78 
290
4295
40 88 75 1 58 3 67 50 77 80 43 37 81 72 24 68 41 51 81 98 
291
6362
57 3 87 45 35 64 43 63 98 39 20 97 29 91 75 97 92 29 82 2 
292
8614
91 14 27 30 47 27 40 31 15 2 9 87 18 65 41 99 95 75 16 4 
293
13161
31 51 35 87 92 83 91 46 11 80 83 51 99 70 84 23 33 58 94 46 
294
8591
62 63 80 52 53 12 20 58 36 43 43 35 30 52 14 96 76 61 42 45 
295
3602
17 20 15 94 62 69 89 95 36 55 1 67 91 92 2 67 9 4 55 70 
296
5018
87 83 97 55 90 32 58 20 99 83 91 70 10 93 91 19 83 37 89 66 
297
6230
3 84 89 9 51 85 26 90 14 63 61 63 10 3 77 8 19 46 61 50 
298
7769
97 94 81 56 86 71 67 5 76 99 35 85 41 7 43 98 25 79 23 7 
299
12387
92 85 64 15 78 10 34 42 90 24 66 43 40 31 66 54 31 29 54 9 
