30
10
672650478
0
851
41 76 98 45 44 90 2 46 90 2 
1
1446
7 72 31 11 85 83 5 86 91 74 
2
1700
16 64 14 38 2 92 15 55 24 76 
3
1147
47 83 37 16 59 63 71 2 37 89 
4
1453
90 51 27 84 85 74 46 78 78 78 
5
1063
35 11 28 78 44 86 49 55 78 37 
6
1162
58 9 1 29 75 22 89 68 91 31 
7
1284
30 94 12 87 51 54 59 49 61 21 
8
1526
9 10 76 90 54 65 42 12 5 31 
9
1370
24 50 69 72 4 55 13 56 6 25 
10
1338
74 48 65 99 87 19 56 53 61 33 
11
1262
95 68 49 58 80 7 27 20 73 37 
12
1221
27 2 41 97 68 35 13 63 31 94 
13
1345
67 51 16 29 37 78 29 79 71 40 
14
1497
37 73 59 7 87 32 20 1 23 77 
15
1780
25 91 16 76 35 10 30 84 22 68 
16
1370
1 6 73 82 38 75 26 37 58 30 
17
1533
63 92 58 68 20 14 98 38 72 88 
18
946
75 50 46 12 75 53 12 99 80 24 
19
939
2 61 53 35 52 49 48 99 98 47 
20
1168
28 72 71 85 61 40 54 23 81 45 
21
866
25 9 82 32 79 19 93 27 2 41 
22
877
35 47 84 61 97 25 29 68 75 67 
23
562
92 54 43 61 10 54 51 58 18 30 
24
1242
37 6 20 50 57 5 33 32 86 85 
25
568
12 95 96 85 85 37 32 32 60 83 
26
1438
73 24 47 41 6 56 80 79 40 51 
27
1243
56 23 50 16 59 18 9 17 82 14 
28
1163
24 18 5 41 87 31 14 29 17 19 
29
960
52 87 25 5 12 30 11 17 84 44 
