30
10
1949990548
0
1070
35 11 28 78 44 86 49 55 78 37 
1
1169
58 9 1 29 75 22 89 68 91 31 
2
1293
30 94 12 87 51 54 59 49 61 21 
3
1536
9 10 76 90 54 65 42 12 5 31 
4
1379
24 50 69 72 4 55 13 56 6 25 
5
1346
74 48 65 99 87 19 56 53 61 33 
6
1270
95 68 49 58 80 7 27 20 73 37 
7
1229
27 2 41 97 68 35 13 63 31 94 
8
1354
67 51 16 29 37 78 29 79 71 40 
9
1507
37 73 59 7 87 32 20 1 23 77 
10
1792
25 91 16 76 35 10 30 84 22 68 
11
1379
1 6 73 82 38 75 26 37 58 30 
12
1543
63 92 58 68 20 14 98 38 72 88 
13
952
75 50 46 12 75 53 12 99 80 24 
14
945
2 61 53 35 52 49 48 99 98 47 
15
1175
28 72 71 85 61 40 54 23 81 45 
16
871
25 9 82 32 79 19 93 27 2 41 
17
882
35 47 84 61 97 25 29 68 75 67 
18
565
92 54 43 61 10 54 51 58 18 30 
19
1250
37 6 20 50 57 5 33 32 86 85 
20
572
12 95 96 85 85 37 32 32 60 83 
21
1447
73 24 47 41 6 56 80 79 40 51 
22
1251
56 23 50 16 59 18 9 17 82 14 
23
1171
24 18 5 41 87 31 14 29 17 19 
24
966
52 87 25 5 12 30 11 17 84 44 
25
1334
76 98 45 44 90 2 46 90 2 26 
26
1045
72 31 11 85 83 5 86 91 74 68 
27
506
64 14 38 2 92 15 55 24 76 86 
28
1690
83 37 16 59 63 71 2 37 89 47 
29
954
51 27 84 85 74 46 78 78 78 69 
