30
5
2130951918
0
324
62 73 24 47 41 
1
1098
93 56 23 50 16 
2
1500
58 24 18 5 41 
3
413
32 52 87 25 5 
4
1557
41 76 98 45 44 
5
1456
7 72 31 11 85 
6
1587
16 64 14 38 2 
7
1163
47 83 37 16 59 
8
1325
90 51 27 84 85 
9
1495
35 11 28 78 44 
10
561
58 9 1 29 75 
11
1033
30 94 12 87 51 
12
1186
9 10 76 90 54 
13
1038
24 50 69 72 4 
14
523
74 48 65 99 87 
15
346
95 68 49 58 80 
16
750
27 2 41 97 68 
17
1379
67 51 16 29 37 
18
710
37 73 59 7 87 
19
379
25 91 16 76 35 
20
1329
1 6 73 82 38 
21
449
63 92 58 68 20 
22
1010
75 50 46 12 75 
23
960
2 61 53 35 52 
24
824
28 72 71 85 61 
25
511
25 9 82 32 79 
26
600
35 47 84 61 97 
27
1023
92 54 43 61 10 
28
318
37 6 20 50 57 
29
777
12 95 96 85 85 
