500
20
606425239
0
21629
11 26 2 69 98 86 38 4 23 27 37 78 84 7 32 10 58 45 81 42 
1
15919
61 10 71 45 21 70 80 65 50 8 5 47 17 4 71 97 55 78 36 73 
2
16348
11 66 33 31 73 78 5 69 13 2 60 54 26 44 78 18 59 49 34 87 
3
3956
87 69 2 1 27 11 91 73 27 91 21 43 37 9 77 14 28 65 46 61 
4
14495
28 39 50 8 48 48 38 85 77 88 53 1 74 46 81 30 29 85 26 99 
5
20779
90 91 71 28 1 16 30 51 62 77 12 44 90 46 37 65 4 11 99 13 
6
18256
63 23 25 88 30 83 93 36 24 68 59 93 46 26 87 88 1 45 79 34 
7
5444
18 49 34 39 79 45 60 1 46 64 46 25 31 64 63 24 91 32 49 70 
8
22126
26 95 97 27 96 61 90 42 21 32 52 84 97 21 54 16 12 25 47 73 
9
20705
81 33 50 23 92 68 46 81 80 91 55 99 82 79 30 79 41 54 83 13 
10
16375
99 88 53 39 74 53 23 28 61 18 10 30 26 67 75 62 3 36 35 17 
11
1069
57 11 52 66 53 95 40 53 49 2 15 54 50 26 65 9 47 79 30 21 
12
17126
62 14 34 88 45 2 36 39 73 94 16 87 96 12 53 81 55 87 25 10 
13
23226
39 98 46 29 59 68 45 18 25 38 16 54 98 48 50 44 74 12 68 76 
14
1506
81 76 95 94 22 71 42 57 93 83 42 11 19 36 8 23 43 2 2 9 
15
22679
34 76 93 40 9 28 80 59 74 44 53 80 45 30 69 15 72 15 86 17 
16
17641
64 43 59 7 6 46 96 13 4 67 27 10 37 53 45 40 21 89 3 74 
17
11197
41 24 29 27 71 27 59 39 82 16 65 69 60 27 68 25 24 16 94 62 
18
12136
64 77 8 32 17 94 87 94 58 55 76 1 16 99 62 28 46 34 2 70 
19
7842
86 1 36 60 66 50 66 4 52 29 14 56 92 13 25 88 12 94 72 69 
20
21433
84 41 94 33 74 98 28 18 42 57 98 56 48 34 72 9 84 81 99 80 
21
2350
23 16 70 87 61 74 52 81 21 30 92 89 50 74 71 67 10 52 66 79 
22
24491
41 64 96 72 28 9 38 63 14 38 32 29 83 1 43 38 6 8 92 24 
23
13511
69 23 72 85 90 18 18 60 79 94 75 4 25 27 24 70 50 59 55 40 
24
16875
81 45 47 55 99 89 99 43 77 80 77 85 73 10 33 59 57 98 64 60 
25
11349
88 66 61 14 83 41 89 66 1 50 12 43 88 50 92 48 2 21 1 59 
26
18559
85 70 78 8 25 14 74 67 90 50 94 1 40 35 76 77 78 60 60 12 
27
25050
99 15 1 65 47 76 18 51 73 41 85 17 36 33 41 92 50 25 96 42 
28
20338
40 15 72 51 32 6 68 92 8 15 40 22 2 23 56 6 16 14 14 40 
29
18965
82 7 45 20 48 80 75 67 14 77 20 46 1 86 82 48 69 48 79 85 
30
17690
20 35 24 76 96 91 36 63 4 4 10 20 86 14 67 10 14 36 60 63 
31
13897
38 50 72 29 2 19 4 18 91 13 88 23 12 53 89 58 66 20 64 23 
32
22245
41 78 35 43 30 43 90 57 49 75 27 47 80 55 12 85 13 73 41 15 
33
25495
7 22 58 99 18 99 93 44 36 87 59 24 65 34 29 2 55 34 32 78 
34
17677
78 83 86 20 2 13 54 67 43 76 86 78 3 81 41 85 90 9 5 54 
35
8789
3 62 66 28 7 3 23 30 17 24 94 47 62 59 34 56 93 93 44 92 
36
4360
73 61 32 66 8 65 16 47 73 64 91 49 25 55 66 32 54 68 2 87 
37
17689
72 13 83 78 57 49 54 99 24 58 17 55 26 92 60 55 64 55 36 10 
38
13577
38 64 53 6 97 35 88 50 46 28 14 97 12 58 28 38 37 13 50 75 
39
13359
71 90 82 94 23 27 17 38 87 8 43 66 37 82 17 17 45 72 45 99 
40
2388
25 40 33 93 40 94 16 29 69 55 20 53 85 51 91 59 82 24 15 47 
41
3190
15 66 58 33 17 65 73 95 62 75 35 27 9 85 7 10 10 38 88 25 
42
16984
26 28 15 92 3 98 16 12 20 92 53 76 83 20 24 16 20 50 47 33 
43
22756
28 96 84 31 86 45 16 22 30 78 58 72 64 24 59 10 82 74 76 49 
44
7245
41 13 99 97 87 46 43 25 42 43 61 24 47 40 66 45 69 5 22 1 
45
5774
93 32 48 28 41 98 7 33 29 22 15 13 50 95 3 68 98 17 86 95 
46
8829
88 87 80 76 58 46 26 15 52 86 92 14 62 94 98 13 13 80 73 40 
47
25128
89 93 98 4 99 14 92 47 84 47 83 9 78 27 6 53 19 56 40 41 
48
1404
77 28 3 77 59 77 7 77 38 6 69 96 34 82 19 20 77 59 80 61 
49
21258
97 18 82 84 97 67 6 14 25 47 20 49 25 81 33 78 67 51 66 45 
50
1050
86 25 36 88 57 16 33 41 89 54 8 61 46 43 25 86 32 22 51 87 
51
25804
77 60 21 23 21 82 23 64 58 17 65 36 7 23 1 75 38 3 92 21 
52
8312
77 38 52 42 43 94 42 7 41 40 92 98 60 66 52 89 20 72 21 34 
53
15301
34 93 94 34 82 83 59 44 63 42 3 21 71 28 28 42 34 5 94 31 
54
4968
94 6 66 37 74 78 63 66 18 74 61 65 99 17 8 93 98 83 94 20 
55
19205
80 52 78 25 5 45 84 2 78 34 6 43 79 88 62 79 80 30 79 14 
56
24075
27 47 1 40 48 24 34 70 10 23 54 12 77 15 97 66 76 1 28 46 
57
11275
12 8 19 92 99 98 73 79 59 47 45 70 51 97 95 11 70 78 15 63 
58
20836
34 23 25 20 57 5 62 61 90 52 85 20 53 95 20 19 53 66 99 94 
59
14504
80 33 87 46 20 59 72 27 68 41 48 21 99 28 10 15 8 78 22 40 
60
10847
73 37 57 37 23 17 61 99 46 73 93 28 82 86 12 83 33 82 85 62 
61
24102
3 92 36 57 63 30 19 52 66 83 94 40 45 33 20 75 48 74 23 36 
62
13572
45 16 36 5 38 14 16 26 26 68 58 66 4 6 76 1 93 64 97 92 
63
22371
59 50 10 76 52 37 85 30 34 90 57 66 99 6 22 28 68 45 39 59 
64
13456
59 62 73 56 28 17 44 31 37 5 9 31 48 11 75 49 93 41 5 59 
65
23713
25 57 6 77 32 57 56 21 27 4 49 24 5 62 62 57 72 61 11 8 
66
19357
40 10 95 32 62 54 19 77 51 37 83 98 9 39 71 93 65 93 5 77 
67
18694
46 46 79 30 49 52 18 89 64 37 73 38 52 42 34 19 15 69 58 49 
68
1699
79 33 82 45 92 87 63 76 72 25 45 8 1 11 59 37 75 34 11 15 
69
9945
56 92 81 77 13 20 77 28 86 69 32 25 37 19 41 17 17 95 95 77 
70
18853
63 76 29 20 58 40 34 10 12 53 75 11 1 30 5 54 95 13 8 11 
71
19362
92 91 47 61 67 33 1 81 2 92 76 23 87 12 41 35 20 89 58 54 
72
17615
96 79 61 1 34 29 70 19 93 35 15 25 70 15 95 45 66 88 93 26 
73
8990
65 62 51 66 73 84 20 17 46 15 33 38 78 46 43 40 70 82 31 55 
74
23214
83 40 90 3 19 18 52 88 62 35 18 61 70 14 63 20 95 88 73 39 
75
23269
40 38 56 74 65 99 51 53 33 73 39 59 19 9 84 50 52 8 53 12 
76
8047
40 71 66 83 58 92 72 17 17 41 24 85 37 84 77 36 18 66 63 11 
77
8908
79 58 5 13 98 33 84 46 70 80 26 18 45 63 38 50 81 89 40 22 
78
12439
45 72 62 6 82 16 98 59 90 24 55 80 26 13 68 28 57 35 68 93 
79
25247
35 18 57 73 16 93 67 55 41 95 7 19 86 59 97 54 10 33 99 95 
80
2434
16 1 59 4 56 14 27 18 33 55 59 47 77 50 47 94 81 58 18 2 
81
3192
86 51 70 10 34 15 25 70 1 53 68 35 26 85 8 78 10 34 93 89 
82
17529
54 69 75 78 74 22 72 90 94 54 18 8 23 93 11 91 60 36 32 66 
83
11487
57 15 26 5 13 19 17 22 44 14 52 87 54 80 3 36 68 63 44 90 
84
11345
39 65 71 11 8 51 95 66 12 30 89 67 66 1 81 47 64 24 25 61 
85
11764
65 58 48 99 43 9 36 76 51 62 37 40 34 19 17 39 28 71 89 70 
86
10868
5 63 3 48 75 13 67 83 77 94 82 53 88 66 99 79 39 97 94 29 
87
15079
53 89 92 40 2 41 80 72 58 85 87 91 87 14 8 96 8 3 42 29 
88
22552
14 9 41 83 68 12 48 84 50 33 91 59 29 57 3 2 84 49 92 76 
89
15303
4 55 66 50 46 94 63 18 87 77 53 50 70 55 83 25 25 33 99 4 
90
4237
88 33 34 77 11 64 12 4 40 83 76 8 59 1 78 75 60 1 63 71 
91
13994
63 95 87 42 3 81 50 75 92 83 24 75 81 91 65 21 12 43 67 29 
92
2937
68 16 76 12 5 37 38 10 91 22 72 64 77 93 21 93 15 60 75 50 
93
10150
55 67 61 25 59 7 17 33 5 32 63 40 54 80 48 1 78 63 8 87 
94
12427
56 10 55 19 33 39 14 48 8 5 70 1 13 10 86 78 20 53 39 54 
95
25503
78 6 62 89 73 30 38 3 60 87 19 95 85 4 14 23 39 80 49 30 
96
17935
77 65 40 62 59 17 11 49 58 78 65 73 30 60 63 70 27 91 61 13 
97
1400
65 5 49 80 58 45 5 42 60 82 33 92 89 46 55 96 94 68 23 24 
98
4202
19 99 60 32 74 75 9 54 28 85 19 22 4 17 53 22 26 2 37 16 
99
19244
3 23 87 34 11 23 37 80 20 52 17 87 79 3 62 86 19 35 48 99 
100
23242
80 77 13 33 69 85 36 93 47 47 93 55 51 81 64 1 87 60 62 61 
101
22242
3 51 63 20 15 28 11 4 44 20 18 62 99 96 6 81 96 75 32 76 
102
19317
3 63 89 62 24 55 39 28 17 40 33 66 80 99 77 6 63 62 78 23 
103
6137
48 92 77 92 14 69 94 26 88 53 52 42 23 2 37 63 43 60 86 41 
104
4138
84 85 43 54 8 15 15 63 8 28 73 94 14 25 66 79 37 13 24 72 
105
17382
29 82 15 73 82 77 23 9 22 96 45 53 36 63 97 46 40 89 13 78 
106
25366
77 29 63 44 54 5 13 10 42 36 53 71 85 28 88 23 93 26 18 85 
107
11861
89 79 22 36 8 4 8 43 54 12 19 47 53 59 34 1 52 37 1 16 
108
9544
65 52 90 42 48 37 81 57 30 78 79 64 3 91 99 9 90 8 56 57 
109
21591
33 8 87 75 22 23 5 61 87 41 63 90 67 57 91 77 27 58 37 98 
110
21737
19 56 92 28 32 21 77 48 93 89 56 18 97 29 48 89 40 65 62 5 
111
18414
67 88 41 3 2 58 60 51 49 15 84 32 71 19 24 25 79 4 73 19 
112
21155
72 49 78 59 71 16 11 82 39 99 7 12 83 69 47 5 9 75 68 8 
113
9214
3 4 20 31 77 17 29 27 96 16 41 89 40 75 47 60 58 61 41 62 
114
18233
84 60 5 22 98 60 23 27 60 17 53 66 63 62 84 92 86 84 36 91 
115
15286
27 42 6 12 75 27 76 9 33 50 57 35 69 35 92 3 2 3 9 38 
116
5364
5 76 54 55 40 32 20 77 10 48 98 17 69 80 58 20 29 86 95 85 
117
13484
24 31 5 20 48 54 48 99 76 64 30 1 22 91 32 20 60 15 78 18 
118
6995
98 31 83 14 50 37 12 72 63 30 72 6 83 88 5 3 63 62 24 91 
119
7827
46 39 16 52 81 30 31 23 88 46 89 1 14 41 59 96 51 30 88 81 
120
19999
65 75 19 5 44 31 30 70 94 15 66 6 42 57 18 50 21 69 83 93 
121
5601
14 47 63 94 52 82 62 61 48 49 58 61 83 75 98 27 29 87 58 12 
122
20077
72 85 62 94 51 21 92 70 93 17 15 59 8 17 69 71 13 89 71 47 
123
24006
22 74 21 44 23 45 10 51 87 10 72 57 56 29 63 13 67 77 71 59 
124
20837
8 77 84 51 9 75 85 83 16 64 98 56 37 13 84 26 40 38 61 13 
125
22655
25 87 11 20 8 7 95 37 48 97 34 62 67 1 44 3 29 65 49 50 
126
11810
93 77 5 66 14 82 34 60 18 61 96 37 67 68 6 98 25 23 16 91 
127
14064
13 7 66 84 94 86 51 82 82 32 26 25 19 64 94 89 90 79 79 69 
128
15177
74 89 18 40 24 90 51 84 67 90 25 80 33 41 40 36 73 40 81 3 
129
6188
34 37 18 28 70 4 87 88 46 4 93 53 43 50 31 82 28 80 67 80 
130
6820
28 71 42 40 67 17 57 50 56 16 45 39 98 60 1 61 57 43 99 85 
131
24416
48 80 46 24 95 25 88 62 26 45 90 91 47 40 46 97 37 73 55 85 
132
4319
43 91 42 4 76 64 29 15 55 32 51 68 7 35 47 87 77 32 2 37 
133
5805
52 97 56 49 12 44 5 85 56 23 93 28 83 88 32 49 70 13 1 42 
134
22288
91 59 81 94 89 13 23 87 21 89 51 88 18 44 95 79 72 5 58 94 
135
24525
23 15 82 17 57 10 50 35 32 89 87 56 49 12 58 95 26 63 66 22 
136
18548
7 28 11 49 38 69 12 28 32 51 26 63 65 28 99 95 12 26 39 37 
137
18246
79 16 15 92 50 86 62 57 35 16 31 54 62 95 53 94 23 16 97 74 
138
4383
30 45 22 60 9 23 60 75 29 54 83 93 45 87 31 13 18 11 75 22 
139
6060
38 5 87 53 34 81 46 67 48 19 59 49 16 7 30 60 98 37 77 56 
140
19460
87 13 67 66 53 20 60 66 63 62 58 7 6 64 92 43 27 95 67 25 
141
2034
92 3 83 60 74 64 98 50 72 31 97 15 50 15 88 98 4 95 62 30 
142
21244
3 40 26 83 22 32 40 40 91 63 42 14 50 58 35 42 93 75 56 83 
143
8051
49 46 20 10 81 34 39 3 25 55 18 55 14 50 38 88 32 3 95 77 
144
24600
51 54 40 52 17 22 5 39 40 98 88 84 27 70 30 50 64 68 8 29 
145
10578
87 62 80 33 32 82 33 4 96 94 32 81 95 2 28 44 6 19 23 13 
146
20240
79 53 46 45 68 73 37 17 44 58 7 83 99 22 30 77 82 13 39 14 
147
12001
45 4 92 50 33 67 81 82 51 8 18 14 59 17 18 14 31 95 67 37 
148
5046
34 79 21 94 88 32 78 39 49 13 7 46 39 57 50 28 17 23 8 6 
149
7863
33 55 58 75 87 71 87 24 19 94 76 99 6 33 38 80 70 52 15 7 
150
4758
25 36 55 72 45 4 78 88 43 89 85 52 20 33 19 89 77 20 8 32 
151
13082
44 10 95 80 63 29 98 46 7 61 70 48 67 28 9 10 91 32 66 33 
152
16902
68 55 63 73 91 35 4 28 38 40 2 15 10 49 29 49 45 44 89 94 
153
18187
37 98 83 96 48 69 24 23 74 81 13 93 46 68 27 55 99 48 37 79 
154
17141
79 35 95 78 78 31 16 87 83 24 3 93 33 94 89 22 89 63 19 66 
155
8139
58 96 48 47 49 94 53 9 11 70 26 94 86 87 92 87 10 83 22 57 
156
24404
22 27 63 96 10 37 18 48 90 24 30 25 87 44 32 71 48 52 50 54 
157
13821
86 88 78 77 90 88 53 31 25 89 4 69 52 74 73 95 87 3 53 22 
158
18367
71 88 94 17 34 39 42 21 50 20 19 43 86 96 55 22 15 40 44 58 
159
25630
46 40 54 53 89 25 85 86 58 34 92 73 11 79 66 67 91 40 86 85 
160
13157
51 26 97 22 80 92 81 39 48 32 6 75 67 9 34 37 43 50 31 86 
161
17003
5 96 95 64 85 58 89 43 54 53 98 30 58 40 4 60 27 32 32 49 
162
1283
41 88 1 12 91 44 63 72 22 48 70 64 80 64 77 89 92 32 78 36 
163
13663
79 75 68 2 39 93 88 1 56 15 58 14 6 59 13 85 55 81 47 83 
164
18975
16 64 32 73 1 89 10 79 29 94 20 41 97 52 83 19 29 99 68 18 
165
23922
12 26 63 89 82 86 50 97 39 50 21 38 84 60 69 12 52 48 1 43 
166
20988
64 40 61 59 87 20 75 51 31 19 95 16 86 76 7 86 38 47 14 52 
167
4911
35 1 60 2 50 8 81 98 90 69 65 70 72 78 37 68 86 88 64 61 
168
3145
7 97 22 39 96 32 84 34 52 22 92 6 31 50 16 29 45 27 2 28 
169
22885
65 36 98 45 88 88 38 45 57 3 5 88 52 91 54 86 42 25 5 52 
170
12104
55 10 87 94 7 81 41 29 27 92 1 69 78 95 13 98 44 9 24 42 
171
7433
14 42 86 21 26 3 48 60 6 58 51 83 99 44 17 74 21 15 80 63 
172
14791
57 75 24 48 40 42 31 33 59 70 67 98 19 73 60 14 48 87 41 82 
173
5137
66 99 43 26 12 63 96 58 31 25 15 87 32 35 86 35 91 39 50 49 
174
17714
46 70 86 40 55 10 45 34 38 90 44 68 68 22 13 60 62 19 34 46 
175
17408
86 24 29 71 32 62 36 54 38 41 25 64 50 34 39 20 83 42 20 75 
176
9998
18 19 20 85 18 42 57 13 63 93 89 46 29 30 14 39 92 3 23 31 
177
19295
96 39 31 5 14 41 24 70 51 65 81 99 55 42 90 86 58 9 89 61 
178
15485
54 93 85 28 78 51 91 23 8 43 23 66 11 5 35 76 18 60 13 52 
179
12318
59 90 4 82 83 84 16 35 1 63 63 27 91 62 93 98 88 9 29 63 
180
22016
99 29 47 76 12 19 18 84 86 31 37 62 74 56 36 44 63 52 38 12 
181
5810
24 99 72 1 60 39 48 55 52 99 50 25 82 69 27 93 16 5 53 30 
182
7985
53 30 16 13 29 83 42 23 14 83 77 68 93 55 12 85 41 94 60 37 
183
15766
88 15 10 24 86 83 52 58 20 49 24 29 4 31 4 34 68 7 41 1 
184
18520
72 42 53 54 85 91 25 55 91 37 69 27 90 50 65 51 45 56 83 29 
185
14057
80 63 19 82 96 4 9 75 62 1 2 20 53 82 66 45 92 96 22 8 
186
19892
93 86 39 10 96 12 13 27 68 13 37 3 53 43 68 63 54 86 95 8 
187
7699
50 39 2 77 83 73 81 79 13 78 2 61 21 82 91 20 3 55 32 40 
188
8223
18 57 96 47 29 15 17 40 36 65 47 11 34 45 96 81 34 89 19 29 
189
7713
74 73 71 18 22 85 49 9 7 63 16 10 12 84 42 82 4 60 45 3 
190
24346
22 16 39 55 33 94 17 86 50 72 41 75 71 59 73 28 43 78 8 89 
191
14115
51 60 15 56 72 35 40 67 98 1 62 48 75 48 80 30 44 82 63 29 
192
22650
31 93 22 73 52 27 24 59 38 53 65 73 83 44 23 59 28 76 39 39 
193
1107
68 97 11 72 44 58 94 55 60 31 60 19 18 95 27 28 35 88 70 4 
194
11821
63 47 32 80 65 14 89 38 76 71 43 10 32 31 29 96 25 77 31 44 
195
9299
7 78 73 24 58 29 73 5 51 32 75 85 84 4 76 51 4 49 69 40 
196
16852
48 9 33 26 55 16 64 7 70 66 64 78 3 13 99 74 38 89 68 23 
197
21836
35 67 87 24 49 86 89 15 60 48 14 24 4 58 50 65 85 42 54 2 
198
9524
63 67 74 50 18 73 69 30 82 82 13 58 26 91 27 83 22 35 89 95 
199
1494
92 62 64 44 96 61 37 60 35 49 95 92 66 80 70 76 24 53 44 50 
200
19472
90 54 36 35 91 53 26 91 61 73 96 54 35 33 44 2 9 41 4 45 
201
5562
79 70 2 8 22 11 45 39 88 66 65 38 32 92 52 18 70 20 32 68 
202
2855
63 40 48 4 87 11 85 68 82 13 75 73 25 79 89 10 74 41 53 40 
203
22299
47 50 80 3 2 77 42 51 64 93 88 55 18 43 10 46 52 6 24 86 
204
10844
10 30 99 52 46 84 12 3 80 27 19 40 42 76 52 21 46 36 93 70 
205
7587
62 33 14 62 66 40 43 69 21 42 71 65 56 90 70 69 43 90 96 91 
206
5369
63 82 13 66 74 14 1 2 7 18 58 43 8 98 5 81 45 10 80 24 
207
22146
37 34 82 23 64 26 74 17 96 66 76 87 97 33 25 89 92 20 47 92 
208
1650
53 95 89 74 66 52 89 43 9 80 64 68 81 66 74 65 87 49 36 46 
209
6810
86 21 6 78 33 83 16 94 20 10 91 97 54 5 52 45 77 71 26 25 
210
24117
15 37 78 10 91 66 55 53 31 66 52 25 71 66 58 58 98 58 1 76 
211
25455
62 4 49 78 51 86 93 75 45 48 16 26 50 79 88 18 86 59 54 33 
212
9961
17 65 50 44 51 34 93 25 18 72 7 98 95 29 15 51 39 21 1 42 
213
19130
47 21 40 94 74 34 70 66 62 29 71 73 73 36 6 1 14 26 2 56 
214
17724
99 51 66 94 8 93 19 61 18 14 90 6 27 74 16 57 44 9 32 36 
215
11985
89 34 92 39 43 22 44 62 88 36 82 3 40 11 73 56 39 54 58 49 
216
3906
66 16 74 33 9 46 6 42 5 61 86 11 97 48 77 65 82 57 86 51 
217
25159
84 75 98 8 90 12 94 58 18 48 87 80 3 87 67 45 13 29 68 49 
218
7663
52 7 75 79 55 11 81 77 87 1 29 89 78 50 85 85 56 45 43 45 
219
15348
55 91 48 92 72 32 12 76 36 48 52 54 99 48 2 61 17 32 12 74 
220
19364
4 93 88 15 23 77 15 30 59 17 79 96 50 84 53 13 92 44 16 80 
221
6848
80 45 77 30 96 55 43 60 61 41 48 74 74 62 54 45 96 9 73 3 
222
18718
82 5 26 18 13 33 67 1 75 91 12 26 18 43 2 7 87 91 25 53 
223
3524
97 14 21 38 25 68 17 67 73 10 77 23 81 93 99 52 21 21 82 56 
224
13102
31 62 51 12 84 46 29 36 39 56 44 45 50 46 81 26 86 97 19 92 
225
11328
26 11 8 38 27 43 51 36 1 5 37 55 79 4 78 39 49 91 38 72 
226
21460
70 31 22 79 68 77 15 14 83 23 77 55 26 21 5 62 21 51 31 28 
227
25374
42 92 80 23 43 21 97 63 14 24 9 92 41 81 93 51 31 97 1 5 
228
11123
18 73 82 63 42 56 23 97 31 10 54 23 55 44 99 62 18 89 51 82 
229
23753
19 88 81 18 48 47 9 40 66 35 22 64 15 60 21 81 60 29 45 11 
230
9569
52 70 8 51 47 22 42 72 57 15 24 9 61 16 83 31 61 19 77 72 
231
8827
50 77 41 26 88 56 99 6 46 95 69 91 35 23 93 97 75 74 39 67 
232
17338
5 37 90 26 71 71 14 32 76 68 80 13 43 8 60 73 14 7 73 75 
233
1058
51 66 58 85 51 94 61 71 15 68 97 35 97 95 89 82 2 28 27 2 
234
23567
71 99 1 13 10 29 52 35 56 24 15 18 40 78 52 79 36 98 36 71 
235
16664
32 12 50 69 32 91 48 90 81 62 18 56 37 31 17 69 21 27 52 77 
236
17503
76 52 39 6 53 57 62 11 12 8 10 97 61 35 33 97 98 87 74 75 
237
17364
13 98 13 99 85 80 57 23 80 90 99 44 7 87 2 68 71 91 4 24 
238
20465
80 54 96 99 40 28 3 27 50 58 38 1 98 65 71 92 74 74 52 92 
239
12861
59 74 14 22 35 5 3 54 16 56 11 5 29 46 73 49 66 15 79 92 
240
16065
95 43 76 60 84 19 53 63 85 41 89 3 49 43 11 25 35 77 15 31 
241
11936
44 12 31 66 5 65 86 77 6 82 39 67 28 53 54 24 92 21 10 49 
242
1303
28 56 60 97 29 49 41 44 18 61 47 56 17 4 13 33 66 67 39 40 
243
24354
81 60 7 70 49 63 38 3 21 57 93 45 69 17 23 21 5 87 36 78 
244
3329
97 81 71 1 74 72 11 28 79 70 95 87 36 25 64 72 65 42 35 73 
245
17839
28 4 22 25 72 8 54 65 15 60 67 92 97 6 70 30 39 37 94 46 
246
7589
71 44 18 32 25 39 98 45 26 78 69 41 13 2 22 30 14 55 51 77 
247
22572
24 67 57 32 3 95 56 56 63 50 89 2 89 72 98 53 38 91 84 25 
248
24015
69 18 72 9 41 26 10 21 99 56 45 33 48 32 83 62 26 37 21 29 
249
16660
78 53 73 43 23 31 21 78 29 98 55 70 47 49 5 46 65 45 1 58 
250
1405
78 67 41 17 19 77 63 57 97 45 8 3 88 36 20 89 77 75 24 58 
251
16124
75 45 99 35 94 75 61 98 42 42 10 78 95 44 45 86 20 46 12 19 
252
8532
21 13 64 25 56 52 60 88 17 39 54 48 45 87 96 98 22 65 72 46 
253
7597
17 29 46 51 70 93 71 7 92 33 51 1 21 36 72 41 8 89 2 54 
254
7078
17 10 32 52 72 69 46 39 98 77 66 47 20 53 92 23 16 71 30 96 
255
13873
29 83 60 46 13 76 25 26 29 15 9 24 94 76 29 96 36 18 90 24 
256
7014
92 12 50 58 53 65 81 33 59 79 40 57 99 25 21 81 65 62 85 93 
257
3873
68 51 35 56 31 66 14 85 87 48 95 8 45 92 86 7 15 66 28 78 
258
6799
73 27 29 54 87 89 24 44 4 53 86 15 99 5 63 7 21 28 50 18 
259
13005
54 78 2 20 43 8 78 31 93 86 1 78 35 30 88 3 76 25 64 57 
260
24957
91 35 34 21 65 97 33 60 48 1 79 45 51 34 39 14 92 55 71 47 
261
25457
83 43 64 94 10 48 97 6 99 75 20 68 54 71 6 96 51 66 60 85 
262
21581
66 28 50 37 19 84 38 23 54 71 2 24 27 33 73 39 79 39 24 57 
263
5876
45 89 70 74 32 2 38 4 96 45 13 20 34 44 94 8 27 25 19 65 
264
11597
84 37 16 38 56 83 71 2 58 70 58 6 19 15 76 8 50 14 4 50 
265
20894
28 19 8 80 93 7 21 16 38 1 31 65 78 69 88 92 95 28 39 60 
266
13596
83 47 32 82 21 60 36 16 30 18 49 31 65 31 78 80 81 32 67 28 
267
1951
98 25 11 48 49 76 48 8 2 89 52 87 10 76 49 58 13 74 49 73 
268
5490
49 87 7 49 51 2 16 74 52 41 20 6 22 22 91 2 59 66 16 4 
269
10706
98 9 36 59 81 35 21 53 37 55 9 53 71 10 10 71 59 90 62 40 
270
13284
41 17 26 11 5 18 25 37 45 26 83 28 48 44 82 7 57 85 95 54 
271
3186
56 43 57 65 30 63 63 89 22 40 20 51 53 93 73 21 12 11 50 65 
272
19290
88 7 39 42 43 10 64 34 54 34 25 33 53 16 59 62 40 18 79 24 
273
5741
27 23 46 2 35 51 40 66 18 74 31 12 63 38 42 71 36 50 11 53 
274
8960
70 49 86 10 73 93 95 48 2 8 17 1 90 89 37 7 67 18 9 38 
275
18917
16 43 84 76 20 83 17 25 67 41 68 84 29 74 44 35 90 88 26 70 
276
24195
59 75 74 5 98 71 39 66 92 58 58 8 18 30 59 4 28 91 75 47 
277
8370
82 11 55 35 7 45 41 30 64 92 93 50 88 65 9 32 24 92 65 7 
278
15614
91 75 64 60 87 11 74 99 44 90 74 48 63 25 35 36 55 26 12 27 
279
9276
30 40 43 71 63 14 53 49 61 13 33 47 81 2 3 48 78 25 69 85 
280
5043
9 48 19 16 98 42 9 9 14 47 66 3 79 31 37 84 47 85 2 84 
281
8488
54 24 25 4 75 41 91 4 32 34 30 8 24 81 20 6 22 4 47 34 
282
18275
46 43 18 93 20 18 8 49 33 38 9 76 1 21 93 53 42 24 63 56 
283
15235
69 48 79 82 81 58 15 53 36 41 5 36 66 36 69 39 60 50 91 18 
284
16346
94 3 72 64 30 33 43 25 47 66 12 83 9 12 9 98 23 76 77 76 
285
11026
22 53 77 93 77 17 33 93 37 4 81 88 30 69 86 55 37 19 51 60 
286
20937
42 50 91 11 62 87 48 21 97 86 15 40 40 73 25 57 31 80 27 44 
287
9228
80 63 43 11 14 37 80 8 53 24 51 6 35 74 34 12 90 23 67 64 
288
8259
22 57 44 53 50 91 21 23 14 31 27 52 14 77 11 85 22 40 95 56 
289
24280
79 93 93 41 47 63 47 22 4 52 63 51 29 24 95 55 92 37 91 1 
290
23408
33 46 90 10 99 82 21 62 98 10 64 8 43 87 89 8 92 41 14 46 
291
10386
34 97 38 24 69 20 37 13 98 26 88 42 47 11 96 26 34 78 44 72 
292
2945
69 11 86 89 79 2 91 40 58 69 89 59 85 5 5 43 84 90 89 41 
293
21735
60 18 73 23 30 85 57 53 91 56 80 39 12 7 24 23 41 27 40 97 
294
8270
47 6 77 11 38 28 46 27 75 83 29 74 44 81 74 51 57 21 11 78 
295
8985
20 31 88 89 7 69 88 15 3 64 47 95 47 91 65 7 41 69 63 83 
296
9812
9 49 22 37 10 52 87 86 50 99 27 96 35 62 72 81 38 87 88 65 
297
3820
1 97 69 19 16 57 23 13 33 87 22 55 90 88 17 48 68 24 56 72 
298
8208
9 11 22 73 38 3 2 94 48 16 53 90 29 76 22 76 1 4 24 58 
299
9763
64 53 59 60 38 10 97 85 50 79 9 95 70 52 49 8 91 40 35 82 
300
13854
64 42 53 99 99 65 79 27 34 98 35 40 81 78 18 65 26 84 16 72 
301
25224
88 90 81 80 3 12 84 18 36 92 75 77 66 14 20 3 64 49 28 45 
302
9479
34 76 82 53 92 52 4 48 88 12 42 18 46 1 23 62 10 99 42 52 
303
11605
52 12 70 56 57 49 81 28 18 43 50 50 34 49 63 37 93 10 45 24 
304
20696
32 20 29 73 29 86 38 32 34 45 34 54 21 58 23 38 74 19 21 66 
305
13187
69 93 9 55 31 52 24 77 69 28 54 43 10 62 94 3 83 24 76 35 
306
16567
86 25 22 62 52 72 26 50 85 45 89 85 56 84 1 37 18 40 26 54 
307
20670
26 53 90 96 55 67 44 21 58 41 10 3 3 20 18 67 88 94 34 22 
308
10311
67 26 56 5 14 29 64 24 78 93 19 60 41 15 19 59 77 70 30 80 
309
24721
53 55 92 29 93 36 46 14 63 48 54 43 74 23 90 8 48 99 50 49 
310
9831
30 71 25 60 33 2 53 64 86 36 56 8 81 39 49 56 93 24 76 97 
311
14892
81 3 49 47 51 91 15 76 89 11 61 42 75 6 34 34 16 2 41 14 
312
10081
27 42 97 18 92 30 47 58 1 2 10 81 11 4 32 99 81 45 12 9 
313
10441
30 11 19 13 88 80 96 71 21 88 39 71 90 96 10 34 63 94 91 96 
314
10207
36 84 19 16 16 77 93 12 80 36 82 68 41 98 96 68 20 3 71 97 
315
3679
11 6 63 33 70 58 15 77 15 11 93 99 79 88 13 58 7 31 97 43 
316
2233
9 72 57 70 15 46 7 29 40 83 2 73 37 15 81 64 72 93 6 65 
317
8578
57 5 74 15 29 82 80 11 52 51 75 96 93 46 1 89 31 61 65 93 
318
17815
58 60 64 94 91 86 85 16 82 92 15 78 39 1 7 18 69 28 73 57 
319
21927
4 71 69 41 39 96 34 68 83 61 93 45 12 6 48 91 33 16 3 79 
320
23930
28 82 75 37 3 75 30 6 20 78 33 87 37 80 92 44 1 4 60 78 
321
24862
49 96 14 34 30 17 11 16 63 35 14 25 40 94 67 86 45 93 40 87 
322
3368
23 54 67 36 99 59 96 30 30 43 20 25 60 51 51 74 29 52 99 21 
323
19345
56 83 44 98 86 57 43 16 41 99 78 15 37 61 81 61 9 13 87 90 
324
15410
22 17 83 24 63 98 76 80 43 54 28 38 88 86 30 55 51 11 22 19 
325
18805
69 45 14 74 17 61 3 16 5 30 94 61 76 7 77 16 85 40 85 20 
326
8849
2 39 37 5 79 25 79 28 69 72 83 76 37 92 96 91 87 43 64 72 
327
11412
13 54 33 75 78 56 66 30 78 9 43 12 75 59 30 26 92 85 78 11 
328
24593
11 86 10 71 37 50 81 38 3 39 6 47 26 82 36 8 21 17 15 43 
329
21916
33 53 14 81 39 65 14 92 14 37 74 47 67 71 93 40 4 36 10 76 
330
23553
12 18 95 33 24 20 86 12 76 96 69 23 42 49 23 95 84 67 13 53 
331
9118
79 69 59 38 22 85 67 96 41 33 79 10 40 7 76 29 75 21 79 86 
332
20288
28 64 10 33 7 83 43 9 26 93 57 66 57 39 44 53 14 18 33 56 
333
16152
1 55 46 70 32 21 6 50 48 53 62 9 27 38 13 27 84 53 8 75 
334
19195
18 86 1 58 80 49 70 90 71 71 59 25 75 88 93 27 47 47 69 21 
335
3176
50 8 97 27 60 8 96 86 93 13 66 43 81 2 10 95 4 98 90 26 
336
25065
58 39 49 50 66 81 18 40 78 49 46 29 85 74 93 3 37 94 20 77 
337
10636
80 79 56 95 66 44 60 77 91 18 42 27 80 58 81 66 58 52 48 78 
338
25220
35 95 15 65 40 32 47 72 45 77 47 55 87 66 72 44 97 56 47 98 
339
19235
21 41 35 95 11 16 12 22 58 26 93 50 88 37 82 35 69 69 25 46 
340
15595
72 10 80 10 91 10 80 60 2 26 80 14 47 99 67 19 17 11 2 5 
341
13437
62 51 22 41 12 39 65 45 57 85 93 68 2 3 28 60 56 10 9 97 
342
17154
37 4 73 86 77 57 5 83 36 88 12 86 3 6 11 27 25 94 71 18 
343
25048
7 12 55 71 68 56 56 64 29 29 56 5 46 33 37 27 31 47 19 29 
344
13487
58 33 97 72 10 58 94 46 70 50 41 34 97 46 1 24 5 73 58 94 
345
10412
53 23 15 17 16 76 92 74 79 61 81 56 9 55 44 94 34 83 85 24 
346
14920
43 31 65 10 53 41 93 55 54 96 37 4 37 59 30 2 8 58 19 46 
347
4327
82 19 11 56 76 28 71 22 17 68 53 44 28 11 10 43 2 62 37 3 
348
4048
49 6 87 13 71 22 51 73 27 3 2 65 32 95 79 94 51 57 4 44 
349
21573
40 66 87 37 30 14 98 46 25 37 56 88 11 28 57 48 35 91 63 95 
350
22599
91 73 55 44 46 84 11 43 28 94 2 19 41 69 23 4 43 24 22 10 
351
4807
15 68 86 27 51 20 76 89 48 18 25 58 48 51 32 87 91 56 81 40 
352
16262
64 91 95 48 8 84 75 28 12 84 32 12 54 46 48 59 82 4 98 81 
353
2896
16 84 29 36 11 45 17 82 28 59 78 83 44 78 23 68 98 60 77 22 
354
13487
13 93 27 41 7 12 60 24 75 3 77 14 72 3 27 30 97 25 99 22 
355
21451
30 81 69 48 73 46 91 86 74 94 66 93 27 35 72 41 96 2 41 54 
356
1350
69 36 7 7 89 67 85 29 30 2 95 54 78 86 17 67 53 25 1 78 
357
5470
25 50 31 57 89 95 81 27 68 92 51 84 70 50 16 67 80 93 89 78 
358
24146
61 26 60 21 91 9 57 12 54 40 77 36 87 60 75 95 67 37 95 65 
359
2011
53 25 37 10 42 80 49 5 78 2 82 93 37 94 6 23 16 49 40 89 
360
16241
16 22 98 10 6 42 5 9 68 68 77 5 79 97 33 65 69 86 52 78 
361
12551
26 41 56 74 9 27 69 3 98 32 60 73 94 73 20 64 84 16 55 88 
362
10894
74 93 58 17 87 48 56 16 98 65 84 63 99 49 7 62 21 46 8 50 
363
9808
60 21 47 47 95 95 47 91 84 87 97 26 23 57 64 84 39 81 76 9 
364
25293
60 24 29 66 61 10 92 85 53 1 45 97 59 43 25 5 76 90 26 32 
365
19161
36 50 94 87 99 26 15 22 50 34 11 46 33 42 8 83 95 46 90 66 
366
18376
93 69 37 11 67 14 84 37 61 88 21 77 98 92 76 70 23 48 57 86 
367
4817
25 96 58 88 17 89 86 76 23 87 12 62 53 52 83 73 72 7 77 52 
368
14738
69 19 89 31 27 44 32 34 59 24 4 12 56 33 31 10 83 65 38 65 
369
12282
74 22 55 21 58 65 57 49 14 43 96 45 21 92 40 88 23 49 14 92 
370
20938
42 92 28 31 54 25 49 27 66 46 56 32 34 22 22 28 75 98 70 75 
371
12950
52 43 8 74 74 75 8 73 37 88 21 68 82 80 20 21 47 16 37 62 
372
5800
43 18 96 97 74 51 58 8 6 48 2 6 91 72 25 45 68 14 8 45 
373
9908
16 32 30 61 96 36 92 50 26 29 68 48 56 86 90 42 76 12 68 46 
374
16060
87 11 20 11 24 11 93 65 34 56 59 85 24 28 30 5 60 29 38 18 
375
22994
99 77 80 81 3 67 90 98 95 70 50 1 62 84 98 21 20 7 39 24 
376
5542
66 59 86 73 4 95 31 35 59 61 65 35 69 82 58 51 27 96 50 6 
377
18109
11 77 46 94 83 96 93 4 9 50 45 82 77 83 15 78 30 38 92 93 
378
13911
95 24 31 18 31 41 22 12 5 13 68 39 51 65 79 34 35 94 33 67 
379
24944
80 68 48 79 94 72 71 4 10 95 36 20 39 76 5 43 27 52 85 73 
380
19418
28 25 84 6 82 47 99 64 62 86 79 87 19 49 42 75 51 7 67 85 
381
15135
17 58 22 77 32 76 19 21 60 99 38 77 25 75 37 50 91 64 2 53 
382
14797
49 10 81 83 82 61 56 38 70 2 71 99 15 80 30 79 37 38 73 9 
383
5023
17 77 38 48 96 62 67 10 10 92 30 10 20 61 99 86 68 42 65 93 
384
4981
72 62 86 43 64 21 61 78 24 61 16 43 42 98 33 64 83 41 98 39 
385
13148
53 33 62 83 95 54 40 46 6 38 99 68 55 65 6 20 93 23 69 59 
386
8445
33 70 77 25 15 83 94 8 34 62 52 54 67 15 54 33 87 55 63 79 
387
7740
90 14 27 14 51 75 70 27 22 13 38 80 91 99 80 94 19 25 50 40 
388
17304
11 99 99 18 36 47 92 77 52 59 82 28 65 93 36 8 89 5 26 56 
389
7198
13 45 9 16 97 1 3 1 21 86 11 33 75 2 62 82 13 54 70 41 
390
19666
61 33 6 42 2 63 1 32 33 58 42 78 13 55 87 76 37 25 71 55 
391
12956
25 75 1 49 77 15 67 95 45 93 19 70 41 77 76 52 93 14 36 88 
392
8109
6 95 21 32 44 74 51 13 26 11 19 6 60 21 19 86 27 37 31 36 
393
16489
99 78 70 69 86 95 36 1 68 60 62 50 98 47 7 86 94 90 84 46 
394
12841
81 9 33 10 71 16 88 78 20 15 55 74 8 60 73 77 10 83 34 47 
395
12809
38 75 23 79 12 13 71 68 6 41 82 94 10 63 80 37 19 71 40 67 
396
6039
52 20 88 64 86 19 22 43 36 80 79 63 19 29 11 33 75 21 29 4 
397
1553
54 81 46 61 76 53 11 37 55 66 79 2 66 18 49 57 5 92 12 44 
398
2640
11 22 41 40 74 1 29 91 35 70 55 18 35 12 76 34 80 20 65 37 
399
11273
23 84 99 82 9 86 90 4 91 23 39 47 45 3 38 52 78 53 14 62 
400
24563
64 27 9 67 24 69 56 18 79 15 79 55 94 90 34 2 92 18 39 7 
401
11810
40 27 4 47 34 34 70 18 76 13 73 16 60 27 27 14 68 9 97 96 
402
15131
25 33 46 76 98 69 21 10 68 44 63 24 90 81 92 35 27 62 7 37 
403
5639
48 75 94 60 66 81 75 11 28 75 95 35 78 13 23 2 80 13 98 95 
404
12422
10 83 67 30 83 77 2 2 82 88 6 30 37 35 12 35 22 81 66 27 
405
10664
24 27 91 75 13 41 81 19 31 71 7 66 49 34 62 54 56 30 64 48 
406
18477
62 67 59 2 93 45 12 92 24 35 77 16 53 14 34 50 59 12 37 41 
407
9542
54 90 87 46 35 21 51 78 16 72 84 61 28 96 3 18 30 59 34 96 
408
7962
60 2 51 26 24 37 15 41 75 41 19 88 38 96 37 69 21 41 62 21 
409
3690
59 53 22 45 81 96 23 85 30 98 76 51 77 25 56 69 60 96 90 78 
410
15081
9 79 56 10 49 44 26 30 6 39 20 9 97 28 66 88 42 28 84 50 
411
11718
5 41 28 1 51 8 68 81 94 24 65 85 54 59 70 47 38 31 33 62 
412
15571
38 54 15 31 88 26 21 30 57 66 72 82 34 84 40 15 93 67 35 51 
413
17265
79 56 85 93 86 9 60 68 39 78 46 35 63 71 46 35 40 52 74 42 
414
22861
49 57 67 61 51 26 49 18 32 7 67 91 79 59 20 96 66 60 16 28 
415
11073
84 36 47 90 70 1 43 62 50 58 69 94 50 91 9 94 6 93 34 49 
416
9256
42 61 71 72 4 42 99 31 7 59 60 86 66 27 77 57 88 51 22 24 
417
19635
89 21 30 68 43 49 17 21 81 79 84 70 6 50 5 32 93 19 60 57 
418
6199
38 47 73 76 68 47 48 40 20 96 87 82 84 51 5 79 85 51 92 23 
419
5515
4 26 63 23 93 32 58 1 77 95 91 56 43 43 18 87 7 63 46 47 
420
20975
41 89 1 70 30 63 37 98 50 99 75 92 29 3 28 57 19 74 37 8 
421
12696
35 84 95 96 99 21 47 19 29 98 91 38 64 6 44 75 63 72 7 49 
422
20156
13 62 26 20 26 93 72 56 19 77 66 31 13 95 39 66 81 34 29 64 
423
20833
10 55 65 28 62 85 25 96 16 22 24 2 57 7 30 16 96 27 23 66 
424
10992
12 50 37 63 90 88 40 16 78 23 18 79 41 58 57 73 44 85 43 27 
425
14070
58 47 32 84 87 22 33 93 59 42 83 71 36 89 28 90 65 47 98 74 
426
14861
79 98 12 43 38 7 24 49 9 49 16 69 29 11 12 99 20 62 70 69 
427
10222
76 18 50 3 22 90 14 64 41 86 43 27 27 64 6 38 31 42 31 48 
428
6240
34 12 58 51 73 16 58 41 78 3 21 38 34 74 57 21 27 4 77 62 
429
2212
45 73 99 8 88 2 52 3 87 27 26 6 96 92 37 15 15 39 92 38 
430
12427
90 51 25 76 84 46 54 93 94 16 66 26 14 7 65 76 37 2 94 86 
431
17732
47 23 34 62 39 30 67 16 90 77 18 85 49 63 87 25 73 1 42 15 
432
14321
8 6 86 39 18 11 22 52 39 45 7 23 9 91 86 74 94 10 45 19 
433
3911
36 60 72 56 41 25 65 47 99 6 35 29 83 87 48 82 38 51 36 56 
434
21084
10 76 29 90 72 38 6 93 37 74 19 89 21 80 44 7 63 78 95 61 
435
22860
96 98 18 82 22 98 74 55 39 69 74 92 93 83 49 48 60 51 99 13 
436
20613
89 74 92 9 45 63 22 87 8 43 49 41 25 68 19 86 63 84 20 57 
437
18509
90 13 14 35 69 77 31 62 74 62 25 81 31 1 77 92 10 15 93 97 
438
5092
40 70 34 29 66 17 77 32 2 17 62 93 31 91 88 53 99 81 70 65 
439
10720
5 33 13 88 62 64 20 63 64 11 4 43 58 85 1 77 83 6 18 70 
440
19723
69 91 62 8 32 70 78 98 20 82 58 34 77 82 14 52 49 94 11 63 
441
2293
90 93 22 91 83 44 64 56 35 50 59 12 97 42 39 78 96 50 22 72 
442
11258
8 96 32 46 20 13 39 9 73 65 60 98 8 77 99 88 90 57 6 95 
443
9878
60 30 6 33 53 69 10 20 16 12 61 71 10 41 72 96 16 2 20 37 
444
10827
67 42 38 48 22 82 30 90 94 42 39 57 18 24 69 89 49 32 61 13 
445
9869
5 73 43 96 51 1 95 23 59 29 49 30 70 37 61 14 82 69 68 26 
446
13173
85 5 16 14 48 19 30 79 26 54 57 71 87 87 64 2 19 95 69 90 
447
8695
15 18 59 53 51 24 15 7 14 20 53 85 70 63 45 31 58 79 5 62 
448
8817
12 59 9 94 97 29 12 33 48 63 2 56 76 44 54 5 43 86 5 47 
449
5367
13 93 78 67 31 18 53 86 1 28 1 11 37 39 37 94 1 68 63 42 
450
19567
35 87 57 70 24 98 65 91 45 79 17 21 92 62 91 42 28 37 18 28 
451
13801
89 18 47 85 30 53 45 58 33 46 91 66 92 44 42 10 23 49 61 7 
452
19055
88 38 99 13 76 83 37 57 31 84 28 87 82 69 46 98 61 52 36 35 
453
11420
44 71 28 79 36 88 86 4 77 55 55 28 67 69 70 65 88 83 35 7 
454
23020
95 92 56 81 29 27 49 61 23 96 25 48 68 62 69 66 73 34 79 67 
455
25469
94 95 93 88 11 39 81 14 2 13 80 89 93 31 31 95 86 54 40 43 
456
4013
81 91 23 99 39 46 69 79 29 2 37 44 87 71 15 62 72 50 4 83 
457
19383
38 66 94 35 41 32 35 55 64 39 62 53 48 13 14 25 48 93 70 72 
458
16621
60 13 80 86 29 89 53 58 18 16 82 7 22 9 88 27 95 70 24 74 
459
7145
30 88 77 50 49 22 82 52 80 38 27 83 64 71 27 32 57 21 22 87 
460
11960
15 83 69 93 51 57 10 82 70 98 82 54 63 13 87 65 50 58 42 15 
461
1395
95 55 67 3 59 36 34 43 25 81 74 22 14 66 28 39 10 72 18 13 
462
5881
56 64 8 30 95 45 23 18 32 36 49 69 57 79 71 55 96 84 34 19 
463
3564
17 21 44 75 26 77 13 69 39 45 46 2 13 99 77 62 94 36 27 41 
464
17103
58 73 66 28 16 90 50 29 91 40 39 71 20 20 23 84 97 87 80 81 
465
4825
6 53 7 62 78 12 65 9 60 37 91 96 40 52 82 16 92 12 58 1 
466
7120
73 20 16 54 36 67 64 25 2 90 49 54 13 30 30 48 75 22 18 65 
467
21559
85 24 29 39 72 21 7 21 37 49 63 80 2 6 16 58 43 22 77 17 
468
2817
15 93 5 15 26 87 58 22 28 74 90 66 31 32 23 90 13 88 9 81 
469
5872
46 65 95 70 15 98 39 63 58 53 49 63 81 97 91 68 25 20 52 67 
470
20104
95 78 51 23 89 18 28 42 56 40 78 53 79 99 76 56 46 83 38 47 
471
6596
4 15 46 85 99 24 42 70 73 67 46 8 89 16 24 83 55 46 87 15 
472
18831
50 77 3 6 35 65 97 7 80 2 69 53 99 62 35 14 4 24 25 45 
473
19562
65 74 8 4 84 4 43 98 20 58 71 54 29 6 29 20 13 86 86 87 
474
3253
28 67 3 82 3 5 4 78 32 29 69 21 17 86 26 97 11 21 62 92 
475
24505
53 34 41 51 23 53 93 78 88 35 33 19 58 13 2 92 14 73 56 94 
476
10389
12 86 97 11 52 70 75 15 44 90 39 16 98 65 63 14 81 14 79 91 
477
1607
55 49 97 21 17 64 33 61 21 29 75 17 20 53 39 59 60 22 53 3 
478
2811
85 92 8 97 35 57 52 36 90 5 96 95 1 82 6 49 69 75 78 83 
479
4896
41 37 15 11 10 6 61 88 10 23 57 55 48 12 38 95 85 42 33 59 
480
24173
13 48 63 81 94 36 30 98 59 29 29 51 88 49 19 33 26 76 79 2 
481
13874
83 15 30 15 35 49 37 46 3 81 74 16 72 93 54 14 71 29 1 59 
482
7373
5 40 43 26 35 20 55 7 82 24 41 24 96 88 93 51 12 83 30 55 
483
20404
79 91 73 30 88 83 81 15 61 37 20 5 3 41 23 97 76 25 77 13 
484
8058
74 17 78 83 30 76 64 42 48 6 16 78 13 91 68 14 36 35 38 80 
485
20781
51 99 16 81 25 91 98 16 82 80 39 20 54 24 9 27 6 84 89 11 
486
5662
66 55 35 34 97 90 88 75 77 51 56 96 43 10 91 72 26 63 23 43 
487
1887
66 80 34 76 59 33 34 91 97 24 83 81 15 45 58 31 75 36 6 61 
488
17332
26 27 72 4 65 67 73 29 96 36 31 71 29 15 28 89 68 26 44 15 
489
8035
81 81 76 17 42 92 41 17 29 98 27 7 83 63 64 79 12 54 3 49 
490
12630
22 11 70 3 59 58 76 78 78 2 49 92 12 47 7 37 14 99 76 94 
491
21485
7 69 80 15 37 7 17 74 98 65 73 97 29 51 67 53 57 78 60 54 
492
7935
3 61 48 30 75 21 77 98 58 79 95 38 52 18 67 62 44 36 8 20 
493
19633
76 69 4 87 69 91 99 20 74 88 20 69 90 64 14 71 32 46 96 27 
494
7136
56 67 94 24 42 59 66 89 46 52 76 59 39 41 45 70 32 13 96 12 
495
14878
3 1 60 49 9 55 2 42 23 78 46 59 16 53 42 99 5 26 44 40 
496
3097
33 93 8 94 81 7 10 50 71 86 5 21 1 5 43 11 31 77 15 64 
497
20081
88 50 98 35 15 24 74 62 1 8 39 85 75 82 20 48 11 24 40 30 
498
20306
46 79 74 31 24 21 53 96 20 25 11 79 81 60 35 70 85 57 27 76 
499
1354
84 31 72 70 70 9 63 48 19 71 33 29 2 13 47 66 4 21 39 76 
