50
20
1315102446
0
1200
48 23 51 26 8 82 1 32 1 2 28 43 4 44 44 82 6 49 57 34 
1
1432
92 69 84 46 37 97 77 38 59 21 81 63 40 23 6 73 49 25 88 31 
2
3073
43 33 28 30 33 3 92 67 53 86 96 67 5 89 18 84 84 46 88 15 
3
1899
35 11 63 49 4 46 57 93 22 8 99 22 37 96 51 63 72 37 43 32 
4
2705
7 5 86 3 8 86 46 80 10 33 79 82 80 80 77 14 39 56 25 45 
5
2971
51 54 99 81 38 62 75 75 48 88 97 41 46 44 47 73 51 50 81 50 
6
1269
85 42 27 4 97 26 2 59 94 33 15 69 14 69 27 84 77 9 3 81 
7
1450
66 12 24 46 75 56 14 51 46 65 6 81 81 7 17 9 59 62 3 46 
8
1885
87 40 36 95 76 67 14 7 57 8 77 21 16 10 42 38 97 10 78 93 
9
1514
71 30 83 20 93 87 79 65 55 89 98 54 10 15 84 67 5 89 97 13 
10
3345
16 51 24 56 69 46 64 6 66 46 5 42 79 55 3 76 83 66 74 47 
11
3059
40 94 54 57 10 66 8 59 69 76 51 53 35 27 69 18 51 98 71 50 
12
3245
22 24 34 85 25 53 73 30 7 57 51 52 41 55 3 70 9 10 50 70 
13
1778
12 28 49 31 40 34 15 67 13 51 60 26 83 2 6 69 9 70 70 21 
14
2649
2 84 43 44 88 52 71 41 64 58 17 69 13 82 94 4 59 92 23 41 
15
2693
90 69 5 1 90 81 6 32 83 62 98 80 93 42 58 58 30 36 43 12 
16
1672
63 44 70 11 57 68 54 63 39 59 46 46 55 88 65 66 86 82 51 18 
17
2134
52 98 56 72 39 48 59 7 46 71 87 10 48 84 36 11 49 54 97 28 
18
1669
15 36 71 6 29 4 49 8 59 12 44 81 35 38 28 1 46 34 57 22 
19
2834
6 21 12 68 97 25 38 89 36 11 18 99 75 69 68 51 13 34 77 60 
20
3185
18 9 30 62 51 76 21 51 69 82 71 6 66 31 73 38 45 5 90 69 
21
2285
87 48 77 18 97 46 60 81 47 56 93 90 82 5 81 16 51 12 58 49 
22
2708
66 30 55 21 5 13 8 9 83 57 97 79 3 3 12 81 68 3 75 38 
23
1851
7 15 92 48 75 72 35 13 25 53 44 34 79 37 89 39 82 56 4 80 
24
1290
43 21 78 32 91 72 81 27 12 45 18 56 78 14 53 56 6 44 12 52 
25
2040
27 43 79 42 80 82 96 74 28 96 59 75 48 35 14 83 99 41 2 45 
26
1632
78 91 52 79 81 32 61 59 30 31 9 54 99 61 88 27 12 14 4 34 
27
1539
80 49 19 74 60 25 89 98 49 39 45 94 91 43 78 29 8 25 28 3 
28
3283
73 86 16 82 97 58 58 31 81 12 78 84 29 38 63 93 36 78 54 61 
29
1331
86 36 21 3 14 17 32 98 56 13 67 55 87 48 81 70 24 25 39 96 
30
1578
82 41 37 64 2 99 59 48 96 8 65 64 27 89 29 64 82 89 30 99 
31
3122
33 10 85 90 55 54 89 74 89 49 50 14 2 86 15 22 73 83 71 49 
32
2084
92 75 56 10 97 81 99 76 73 4 87 18 48 37 81 84 66 78 89 78 
33
1102
8 56 29 72 60 73 7 75 52 33 29 6 33 20 84 25 69 23 33 34 
34
1909
87 70 56 2 8 93 79 78 12 22 80 27 92 33 36 73 71 51 85 78 
35
2780
64 73 23 49 30 73 38 11 98 30 14 20 15 1 8 81 70 7 2 79 
36
1477
7 57 19 88 87 79 1 71 12 34 70 54 55 8 60 10 61 20 69 64 
37
1859
26 51 52 53 42 54 67 54 40 19 10 30 24 61 24 46 42 30 20 55 
38
1474
79 34 39 59 16 72 63 10 70 24 30 58 59 41 57 32 77 30 64 63 
39
1067
49 62 4 88 56 37 42 96 35 56 19 35 41 40 87 38 10 30 94 24 
40
3308
71 3 46 97 86 68 3 97 58 96 51 66 49 10 61 68 2 63 3 58 
41
2878
72 34 59 98 4 22 29 75 95 35 4 85 88 10 57 40 6 82 41 25 
42
1142
69 27 22 94 30 94 23 41 41 43 23 78 67 75 85 33 24 40 37 93 
43
2741
30 29 76 95 15 37 21 30 71 8 9 15 49 9 45 79 97 39 36 73 
44
2916
28 25 34 93 24 15 25 73 90 5 62 29 81 81 69 64 15 37 74 45 
45
1908
46 97 63 95 23 31 48 84 3 65 30 31 89 40 15 36 91 44 53 93 
46
1395
75 30 32 6 57 46 33 22 68 64 20 45 43 13 7 62 32 2 49 37 
47
3372
78 28 72 1 81 33 92 8 5 20 69 41 24 10 87 82 68 27 77 64 
48
3116
34 48 92 15 77 82 2 98 18 54 88 84 70 53 58 44 17 71 13 92 
49
2885
4 99 72 66 43 75 12 68 26 38 22 51 74 28 61 99 1 45 37 59 
