50
5
1273398721
0
1064
9 80 28 70 55 
1
1222
19 54 58 1 39 
2
769
86 73 52 23 86 
3
380
38 83 11 18 40 
4
1457
71 15 21 42 92 
5
1807
82 5 97 96 2 
6
1412
12 27 49 2 65 
7
2055
20 20 55 52 91 
8
1871
37 75 16 49 67 
9
777
22 24 4 82 92 
10
861
97 73 82 4 55 
11
550
85 88 60 67 40 
12
820
93 17 5 77 1 
13
1573
33 24 52 24 81 
14
766
69 53 42 68 2 
15
449
70 86 61 37 78 
16
923
29 10 87 28 25 
17
1410
48 30 89 65 27 
18
2273
28 71 76 93 46 
19
2333
76 5 46 68 61 
20
2183
91 11 32 18 46 
21
2141
54 97 18 6 59 
22
1216
71 10 3 49 16 
23
615
36 84 60 67 41 
24
2561
13 58 34 93 65 
25
2085
44 47 69 3 75 
26
2029
27 69 47 10 69 
27
1234
23 80 95 80 68 
28
1506
95 49 92 44 68 
29
1970
15 74 70 26 23 
30
2302
25 37 71 83 30 
31
2032
88 94 73 4 29 
32
853
46 51 58 50 37 
33
1237
5 1 17 74 64 
34
2044
38 9 26 14 44 
35
601
74 16 39 8 69 
36
1653
21 89 60 67 36 
37
1585
36 2 72 18 9 
38
1396
21 80 93 60 45 
39
537
4 38 27 3 8 
40
1113
96 94 27 43 50 
41
1402
78 93 63 31 10 
42
2581
7 89 59 59 46 
43
1378
72 95 76 69 83 
44
1803
80 95 97 13 91 
45
356
38 63 85 46 79 
46
834
17 17 57 53 39 
47
2140
98 98 49 27 83 
48
1682
88 2 60 28 36 
49
343
78 19 30 63 28 
