70
10
126744584
0
2291
95 44 30 60 65 17 78 47 14 50 
1
2728
24 75 26 40 46 31 44 33 69 27 
2
1193
23 51 98 82 48 42 35 14 85 96 
3
3448
18 54 12 17 17 32 38 75 1 94 
4
3457
87 4 48 84 98 67 63 29 36 48 
5
3815
98 87 54 2 72 94 77 73 53 68 
6
3493
31 80 93 74 36 2 76 62 7 96 
7
2375
14 68 29 76 45 46 35 91 31 75 
8
2682
37 37 51 89 9 99 83 54 19 89 
9
916
27 87 33 78 73 15 26 76 46 62 
10
2529
28 35 32 37 3 97 84 21 43 45 
11
2571
1 38 80 31 75 62 95 51 84 40 
12
1732
12 20 9 21 16 51 34 99 6 39 
13
2935
76 75 14 31 31 42 87 73 18 7 
14
3806
69 52 11 25 54 26 6 34 84 23 
15
1159
65 61 46 33 19 32 52 57 95 49 
16
867
49 79 86 37 97 46 38 81 65 51 
17
790
41 97 55 94 84 96 9 4 89 35 
18
855
16 10 2 40 30 87 98 86 90 30 
19
1315
59 57 78 77 29 3 41 21 48 59 
20
3418
16 85 55 68 56 81 28 6 97 51 
21
2008
73 6 68 30 42 65 50 83 44 52 
22
3907
58 59 49 88 25 39 94 40 15 29 
23
1198
46 87 12 24 1 39 56 93 48 47 
24
2185
53 12 56 47 31 87 48 65 33 72 
25
994
71 90 53 45 72 45 23 71 27 40 
26
3044
82 83 20 41 25 5 93 49 30 72 
27
966
84 92 63 67 83 64 56 18 97 30 
28
1958
43 63 79 30 99 17 3 17 80 47 
29
2651
20 74 1 85 50 3 53 28 33 7 
30
1168
96 86 84 83 92 74 67 67 65 76 
31
2172
47 22 37 51 83 75 55 20 93 59 
32
719
50 54 38 14 10 57 26 37 86 40 
33
2543
5 65 99 19 22 19 79 95 8 22 
34
1982
25 55 99 44 26 11 83 95 78 8 
35
1388
45 19 23 26 56 75 63 84 62 32 
36
926
11 7 27 68 99 24 6 24 41 18 
37
2831
38 35 68 86 42 31 4 93 83 47 
38
3352
16 78 58 47 48 55 74 48 97 77 
39
1409
84 32 32 69 93 73 93 8 31 85 
40
1494
78 10 32 41 46 34 87 78 24 10 
41
932
29 75 79 48 61 88 47 79 29 75 
42
3761
87 14 17 57 78 79 84 91 92 35 
43
1525
90 53 29 74 61 88 48 30 41 99 
44
932
72 49 17 63 37 45 89 30 8 7 
45
2756
99 40 90 61 34 99 16 51 7 72 
46
3702
58 19 91 55 29 82 63 74 57 14 
47
3452
97 25 24 52 46 40 58 29 49 72 
48
2555
29 54 37 61 72 57 67 62 17 5 
49
3679
7 5 78 72 19 91 29 80 8 49 
50
1650
76 37 78 92 63 31 42 76 40 87 
51
2043
82 56 91 63 32 62 13 56 28 58 
52
1164
68 18 61 74 69 17 24 53 48 30 
53
935
12 31 5 33 99 87 17 14 51 56 
54
1317
35 30 6 33 89 3 30 3 84 89 
55
1788
85 2 61 49 48 97 61 55 3 24 
56
871
32 5 73 27 23 92 7 96 43 90 
57
935
61 15 31 28 78 51 40 48 72 56 
58
2310
61 71 71 6 94 23 64 96 47 65 
59
3620
50 46 23 54 93 7 46 25 30 70 
60
2693
85 49 22 6 84 75 54 41 33 24 
61
2674
41 89 58 68 28 64 60 18 90 66 
62
1604
16 59 72 54 70 23 76 67 45 67 
63
3590
41 42 80 48 94 50 91 77 39 94 
64
3748
5 13 98 34 52 25 58 46 33 43 
65
3514
44 56 81 60 54 33 53 57 50 51 
66
2341
85 27 2 40 48 32 71 60 43 79 
67
1531
2 13 75 2 55 25 89 2 41 88 
68
3182
59 29 18 85 85 96 78 4 56 3 
69
2645
85 20 86 33 71 77 20 15 85 14 
