70
5
1038755098
0
1015
68 32 5 73 27 
1
2916
2 61 15 31 28 
2
3483
51 61 71 71 6 
3
3430
73 50 46 23 54 
4
3123
91 85 49 22 6 
5
1194
6 41 89 58 68 
6
2655
92 16 59 72 54 
7
3499
50 41 42 80 48 
8
2036
61 5 13 98 34 
9
2106
72 44 56 81 60 
10
1891
9 85 27 2 40 
11
2143
47 2 13 75 2 
12
3157
54 59 29 18 85 
13
2693
6 85 20 86 33 
14
817
95 44 30 60 65 
15
1290
24 75 26 40 46 
16
1693
23 51 98 82 48 
17
1339
18 54 12 17 17 
18
2538
87 4 48 84 98 
19
3475
98 87 54 2 72 
20
292
31 80 93 74 36 
21
1815
14 68 29 76 45 
22
3666
37 37 51 89 9 
23
740
27 87 33 78 73 
24
3571
28 35 32 37 3 
25
2379
1 38 80 31 75 
26
1995
12 20 9 21 16 
27
1699
76 75 14 31 31 
28
1141
69 52 11 25 54 
29
1346
65 61 46 33 19 
30
1836
49 79 86 37 97 
31
3550
41 97 55 94 84 
32
3252
16 10 2 40 30 
33
339
59 57 78 77 29 
34
3027
16 85 55 68 56 
35
2469
73 6 68 30 42 
36
1569
58 59 49 88 25 
37
1591
46 87 12 24 1 
38
3241
53 12 56 47 31 
39
1779
71 90 53 45 72 
40
405
82 83 20 41 25 
41
2450
84 92 63 67 83 
42
802
43 63 79 30 99 
43
336
20 74 1 85 50 
44
2785
96 86 84 83 92 
45
2811
47 22 37 51 83 
46
2219
50 54 38 14 10 
47
888
5 65 99 19 22 
48
597
25 55 99 44 26 
49
2834
45 19 23 26 56 
50
1067
11 7 27 68 99 
51
1293
38 35 68 86 42 
52
2125
16 78 58 47 48 
53
2769
84 32 32 69 93 
54
1393
78 10 32 41 46 
55
3273
29 75 79 48 61 
56
2954
87 14 17 57 78 
57
3283
90 53 29 74 61 
58
1799
72 49 17 63 37 
59
3651
99 40 90 61 34 
60
3069
58 19 91 55 29 
61
1620
97 25 24 52 46 
62
2193
29 54 37 61 72 
63
3389
7 5 78 72 19 
64
1318
76 37 78 92 63 
65
2387
82 56 91 63 32 
66
808
68 18 61 74 69 
67
3249
12 31 5 33 99 
68
339
35 30 6 33 89 
69
3570
85 2 61 49 48 
