20 15
  2  38   5  63   4 109   0 151   1 190   3  25   6 188  13  66   7  61  11 127   9 161  10  10  14 170   8  80  12 128 
  5  48   6 177   4  72   0  34   3  96   1 171   2 163   7 123   8 200   9  81  12  70  13 183  14  98  10 101  11 193 
  2  66   4 135   1   9   6  47   0  33   5  12   3 143  10  17  12  91  14 135  11  67   9  71   7 146   8  41  13  13 
  3 161   5 167   2 160   0 108   1 147   6  84   4 145   9  91  14  25  13  90   8  74  11  93   7 169  12  96  10 144 
  6 125   4  52   0  44   5 192   2  79   1 183   3  96   7  50   8  66  14  41   9 160  10  88  13  85  12  21  11 166 
  2  31   0 191   3  30   5 120   1   8   6  39   4 120   7 149  11 136  13 136  12 180   8  30  10  19  14 197   9  83 
  2  89   6  54   5 166   4 160   1 172   3  58   0 175  11 180  10 175  13  45  14 184   9   5   8  62   7  89  12 152 
  3 193   0 195   1  28   2  84   4 105   5  87   6  15  11   1   9 170  10 106   8 192  13  37  12 179  14 195   7 180 
  2 136   1 102   4  43   0 150   3  99   6  44   5 115   7  29   8 152   9  18  10  95  11 169  12   5  13 164  14  46 
  3 173   5 159   2  11   1 152   6  50   0  91   4  21  11 107   7 115  14 128  12 184   8 171  10 174  13  80   9 158 
  0 185   1 140   3  59   2 189   4  79   5 123   6 111  11 151  10  44   7 122  12  89  14  18   9  30  13 188   8 155 
  5 184   6 142   2  50   1 108   0  95   3 183   4  14  13 113   7  88  14 113   8 197  10 193   9  52  12  84  11 145 
  5 146   2 143   3  64   4  85   0 186   1  22   6 178  11  57  14 181   9 115  12  57  10  83  13  61   7 104   8 163 
  4 150   2 121   1 114   0  16   3 169   6 147   5  15  11 159   9  59  10  94  14  76  12  76   8 175  13 153   7 167 
  4  55   3 124   2 108   6 137   5 105   1  18   0  81   8 136  10 200   9 169  11 138  14 171  13   9  12  69   7  63 
  5  62   1 193   2  51   6 132   0  34   3 149   4  61  12  50   8  31   9  80  14  70  10  54  11 166  13 198   7  77 
  3  67   1  75   2 104   4  32   0 135   5  74   6  61  14 115  11  39  10  15  13 136   7 198  12   1   8 165   9  38 
  5  68   2  30   3   6   1  79   4  74   6  78   0  56   8  66  11  99   9 137   7 178  12 198  13 175  10  97  14 180 
  2  83   4  13   5  57   0 180   1  30   6  89   3  74   9  78  10 169  11 121   8 199   7  96  13  27  14  54  12 156 
  4  72   2 132   0  21   5  98   6 104   1  30   3  35   7 195   9  40  10 198   8 149  14  15  13  35  12 131  11 110 
