30 15
  5  23   1 164   4 170   2 178   3  87   6 200   0 164   7  92  12 131  14 189   8  30  13  35   9  25  10  48  11  91 
  0  63   5 153   3  82   1  33   6 162   2 104   4  97   7  69  10 157  11 130  13  99  14 106  12  80   9 186   8 110 
  0 143   3  20   5  40   2  10   1  98   6  32   4  51   7  71  13  57   9 148  11  84  10  13  14 162  12 108   8 195 
  5 101   4  95   2   8   3  13   1  53   0  90   6 111  13  64  12 147  11 164  10 156   7 138   8  29  14  45   9 131 
  3  52   5  69   4 156   0 103   2  12   6 124   1  35   8  85  10   6  11 123  14  39  12  94  13 187   7  48   9  57 
  2  58   5  17   0  98   4  40   1  83   6  37   3 136  12 118  11 151   7 140  14 127  13  61   8  57   9 143  10  51 
  3 135   4  79   0 175   5 103   6 199   1  63   2 102   9  46  11  50  13  45  10  72  14  45   7 107  12  66   8  50 
  1 142   3 133   2 173   6  97   4  97   0  20   5   1   7  53  10  48  12  64   9 110  14 179   8  13  13 132  11 109 
  2  70   0 129   4 110   6   4   3  29   5 158   1 141  13 180   8  45  11  36  14 106   9  93  12 138   7  41  10 161 
  0 161   5 140   2 133   4  52   3  69   6 129   1 121  10 110  13  31   9  34  11  12   7 128  12 157  14  56   8  72 
  4 144   3 113   2  65   0 176   5  50   1 197   6  80   9 194  12 112  10  15   7 143   8 181  14  20  11  82  13 101 
  4 198   5  54   0 145   3  87   1  61   6  77   2 139  12  86   8 146  14 171  10  68  11 114   9 177   7 182  13 120 
  4 160   3 141   0 129   2  47   6 153   5  69   1  70  12  36  13 122   8  68   9 140  10  59  14 188  11  15   7  24 
  5 129   4  63   0  39   6 163   2  97   3  41   1 134  12  45   9 129   7 105  11  94  13 159   8  33  10  87  14  87 
  4  57   2  94   1  79   3  15   5  12   0 115   6  54  14  50   7 195  13  70  10 157  12 192   9  54   8 198  11  33 
  3  61   6  52   2   8   5 178   0 133   1 153   4  21  13  33   8 129   7 162   9 172  11 155  14 180  10  91  12 137 
  5  60   2  46   3  17   0 197   1 165   6 177   4  24   9 190  14 178   7  54  10 158  13 165   8  76  12  82  11 162 
  3 198   1 156   6  20   0 137   4 176   2  52   5  80   7 172  14  75   9  87   8  74  11 162  13 117  12  40  10 178 
  1 117   4 110   2 141   3  67   5  76   6 149   0  58  10 162   7 162  11   3   8 114   9  83  14 181  13 146  12 193 
  2  31   0 104   1 190   3  84   4  94   6  73   5  25  10 123  14 100  12 173  11 146  13 177   7 147   8 157   9 124 
  5  52   4  31   2 119   3 128   6  80   1 113   0  34  13  10  14 148   9 128   8 134  12  92   7  52  11 130  10  77 
  2 155   0  36   6  81   1 141   5 180   4 187   3 125  10  16   8 144  12 170  14 144  11  76   7   4   9 143  13 125 
  5   7   1  12   2  79   0  34   4 116   3 134   6  46  14 123   9   4   7 145   8  10  13  65  11 178  10 170  12 113 
  2 198   6 157   4 144   5 167   0 137   3 163   1  96  14  37  13  28  11 163   8  22   9 193  10 190   7  31  12  17 
  2  30   3  43   6 191   5 141   4 167   0   2   1 197  14  57  11 120  12  93  13  70   9  84   8 125   7  20  10  92 
  1  16   6  10   3 168   0 142   5 161   2 113   4  24   8 106  13  57  11  48  14 107  12 155   7 130   9 124  10 139 
  6   4   2 196   0 120   5 109   3  35   4  48   1 161   8 192   9  31   7 104  12 101  14 153  11  39  10  87  13   9 
  2  74   5  95   1  44   4 107   0  22   6  59   3  84  12 173   7  38   8  84  13  97   9 120  14 165  11  74  10 115 
  2  94   5  83   4  39   3 126   6  34   0 197   1 112   7 127  14  40  12 115   9 145  11 178  13   8  10  45   8 118 
  3   8   0  58   5 162   4  26   2 152   6  70   1 112   8  92  10  55   9  10  11  72   7  18  12  99  13 163  14  52 
