40 15
  5 143   1  39   6 143   0 132   3  89   2  46   4  17   9 135  10   9   7 158   8  81  13 157  14  79  11 103  12  13 
  1  79   3  65   6  91   4  19   2 138   0  14   5 191  11  71   9 116  10 167  14 198   8 189   7 122  13  70  12 178 
  1 119   0 192   6  34   3  30   2 110   4 133   5 188  10  38   8   9   7  67  12 122   9  62  11  55  14  57  13   8 
  4 141   1 139   6 175   5  58   2 158   3 151   0  94   7  91  13 129  14  18  12   5   9 110  10 106  11 119   8 135 
  6  16   0 192   4  67   2  49   3  84   5  54   1  98  14  96  11 129  13  61   9  94   8 119  12  15  10  29   7  26 
  0  81   1   3   4 103   6 199   5 148   3  85   2  46  11 111  14 144   8 137   9  10  10 120  12  31  13  14   7 199 
  5  37   3  30   2 162   0 112   6 136   4 177   1 155  13 102  14  56  10   4   9 135   7  95  12  77   8  26  11   2 
  4 192   2 176   1 176   0 131   3 109   5 106   6 114  13  59  11 154   8 151  14  55  10 102   7  55  12  50   9  34 
  0 122   2 171   5 163   1 149   3  43   4 100   6  42  12 166  10  59  13   1   7   9   8  90   9 170  11 182  14  38 
  2 191   5  15   1 140   4  11   3 164   6  65   0  80   9  46   7  26  10  24  13  32  11 112  12  72  14 196   8  17 
  4   4   1  42   0  52   2 170   5  53   3  59   6  57   8 183  10  81   7 153  11  96  14   8  13  57  12 132   9 107 
  1  49   6 186   5 181   0  48   3  83   4  14   2 168   7 173  10 125  14 198  13 195  12 142   9 168  11   7   8  19 
  3 154   2  75   4  14   6 150   5  65   1 108   0 131   7  45  12  27  13  86   9 145   8 144  11  47  14 146  10 126 
  1 153   6  86   2  11   5 146   3 183   4   3   0   3  12 187  10 173  11  51   8 164  13 159   9  86  14 182   7  71 
  1  17   0  52   2  77   5 118   4  19   3 124   6 121   9 100  12  55   7  30  10  45  14  23  11 129   8  67  13 101 
  2  27   6  81   0  56   3 186   1 105   5  20   4 127  10  24   8 108  12  91   9  22  14 193   7 110  13 160  11 178 
  4 105   2 109   1  15   5 116   0  79   6  48   3  48  11 151   7 154   8 156  10 130  12 124   9 181  14 119  13 158 
  1   8   0  22   2 152   5 163   4  95   6 159   3  24  11 161  14  33   9  40  12  61   8 196  13  37   7 109  10 187 
  6 193   3  58   5 170   2  96   0 146   1  67   4  73   8  74   7  11  14 183  10  44  13  42  12 186   9  47  11 163 
  0 169   6 120   3 129   5  58   2  89   4  41   1  68  11  50  13 190  12   2  10 196   9  80   7 119  14 137   8  69 
  1  41   2   4   0  83   5  96   4  86   3  31   6 134   9  90  10  53  11 138  14  81   8   1   7 140  12  53  13  35 
  0 177   6  81   2 136   1 148   5  39   4 127   3 141  14 143  10  27   7 199  12   3   8  48  11  54   9 197  13 167 
  4 186   0 166   2 163   6 159   3 163   1  26   5 127  13  67   7 167  10  78   9 101  11 199   8 133  14 186  12 158 
  4 110   6  77   5 100   0  90   1  72   2  92   3  72  10 144  13 138   9  72  12 137   7 149  14 148  11  41   8  81 
  6  96   0  25   1  93   5  75   3 127   4 111   2 171  13 150  12 154  10  24   8 126  11 184  14 100   7 188   9  42 
  2   2   0 178   6 110   5 174   3  14   4 200   1 111  13 138   9 104  14 155  11  24   7  98  12 130   8 146  10  17 
  5 173   1  28   4 155   6  97   2 159   3 122   0 198  14  33  11  62   9 135   8   7   7 142  12 149  13  86  10  17 
  2  41   5 197   1 132   3  22   4  26   0  77   6  37   8 108   9  30  13 133   7  45  14  19  12 138  10 138  11 180 
  6 154   4  38   0   6   1 176   5  52   2  19   3 179  11 140   9 164  12  73   7 143  13 104  10  97  14 186   8   1 
  2  78   1  85   3  19   0 170   4 121   5 118   6 171  14 144   9 137  10  40   7  26  12 143  13  26  11 152   8  51 
  4  69   2  95   6  76   5 108   0 124   3  41   1 132  11 188   9  26  12  19  13  55  14  36   7 125  10  50   8 160 
  5 132   1   3   3 166   2  54   6 118   0  25   4 126  14 176  12  63  10  59   8  38  13  13   7 179  11  73   9  45 
  6  21   2 110   5  67   4  44   0 161   1 156   3 166  14  73  10 118   9  44  13  59   8  45  12  74   7 179  11 193 
  5 196   3 127   6  14   1  22   2   8   4  29   0  55  11 193  14  46  13 164  10 124  12  37   7 160   9  44   8  90 
  2 156   5  45   6   7   0 200   4  93   3  25   1  72  11 192   8  35  14  87   7  96  12   8  10  11   9  62  13  89 
  2  29   1  49   5  50   6 123   4 107   3 127   0  31  11  56  12  48   8 186   9  23  14 104   7  97  10 110  13  93 
  5 187   6 125   1 154   0  95   2  41   3  23   4  78   9  11  12 162   7 186  10 152  14 115   8 130  13  62  11 118 
  1  98   6 111   5  85   4  67   0 158   2 159   3  24  14 144  12 157  11  13   8  54  13 173   7  28  10  14   9 150 
  5 143   3 106   6 140   4  45   1  70   2  22   0  49  10  63  12  30  13 130   9  98  14 168   7  63  11 194   8 197 
  6 110   2   2   5  88   3  47   4 164   0 124   1  72   9 199  10 189  11  48   8  49   7 100  14  91  13 151  12 113 
