50 20
 18  64  15  34  17 179  13 118  19  78   3  17   6 190   1 101  16 174  14  83   0  28   7  83   9  54   4 151  12  41   8  25   2 195   5 122  10 147  11  68 
  5 156   3 198  13  64   8  26  18 177  19 157  11  73  10 173   6  17   9  45  16  62   1 107  17 143   0 147  12 199   4  33  15 109   2  56  14 112   7  36 
 12 127  11 111  16 132  17 156   4 126   1 165  13 110   5 168   2  18   3 117  14 156   0 177   7  75  15 190   9 116  10  85   6  16   8  99  19  33  18 157 
 18  95   6  61   3  95  15  90   5 154  19 174  12 173  14 119   0 184  13   1   8 118  17 157   7 137   4  87   1 125   2   2  11 179  16 141  10 198   9   6 
  9  48   3 119   7 186   1 151  17 153  16   4  18  95   0 193   8  76   2 175   5 125  13 101  10  20  12 113  19 152   6 119  14 123  11  83   4 186  15  30 
 18  87   9 121   6 110   5  62   1 104  14 191   8 109  15   4  12  43  19  30  16 104  11   6   0 146   4 163   3 129  13 144  17 165  10 121   2  83   7 141 
  9  41  17 130  13 130   4  24   5  38   3 143   1 121  10  39   0  51   8  50  15 102  14 188  11 100   6  58  16 193  12 173   2 130  18  87  19  65   7  26 
  2 130   3 149   7 162   1  23  17 181  13 130   5 121  12  36   6 190  10 156  18 145  11 165  14 200  15 100  16 123   0 112   4  72  19  90   8  23   9 198 
  6  62  16 161   8  85  11 143  13  67  19  23  12 172  17  18  10  45  18  91   0  39   3  56   4  57   1  60   5  89  15 171   2  52   9   1   7  44  14  54 
  7  55  16  31   0 182   4  96  13  87  19 118   8  69  17  92   1 187  10  12   9 100  15 183  14 139   3  60   2   6  18 192   5 145  12 144   6   4  11 104 
  0 106   6  23  17   9   5  99   4  85  12 149   1  99   3 122  14 140  13  99  19 110  10 100  15  81  16  37  18   2   7  39   8 142  11  38   9  99   2  79 
 16  45  15 197  18  49  14 156   7 107  19  36   8  69   3 173   2 158  17 111  10 147   0 119   5 125   9   2   1  96   4  13  12 170  13 155   6  56  11 117 
  1  88  16  57  19 130  17  18  14   1   6 163   4  94  13   5   2 110   5  75  11 108  15 187   9 163   7 190   0  60   3 149  12 137  10 106   8  76  18  54 
  8  91   2 116   6 147  16   3  19 110   9 136  15 103   1  11   3 166   4 150  14  20   0  25  10  56  11  85  13  10   5 174  18 155  17 157  12  74   7 168 
 18  40  12  58   7 126  13  41   0 103   3  90  14 117   9 191   1 195  10  66  16  13   2 178  17 138  19 102   8 166   4 130  15  90   6 129   5  59  11  84 
 16  99  18 113  13 190   5 181   9 176  10  26  17  96  12 183   8  69   6 192   4 150   0 169   2 120   1 137  15 189   3 163   7 196  19  94  14  56  11   8 
  2  43   3  45  11 103  12  27  16  74  14 162   4 172   9 173  15  95   8 178   0  93   5 139  10 174  19 153  18  26  13  33   7  46   1 133  17  40   6  35 
 12 156   4 173   8  68  18  20   1  10   3 175  11 131  19  56   9 133  14 131  15  11   5  83   7 137   2  24  16  34  13 144   6  13  10 156   0  38  17  30 
 10 178   8  19   5  70   6 181   4 165  18  60  11  39   2  72   7  83  17  32  15 188  14  50  19  47  16  17  13  19  12  18   3 173   9 190   0  42   1 117 
 14 164  19 184  10  14   1 175   2 134  13 169  17  89  18 171   5  96  16 123   7 154   6 155  11 195   8  21   0 140  12 129   3  79   9 121   4   5  15 192 
  6  28   9  55  11 185  17 175  14  45  19 120   7  94  13 121  10 100   3  91  12  61  16 113   2  59   5 162  18 150   8  53  15 117   1  76   4  25   0 147 
  8 144  15 177   4  35   3  40   5 149  16  25  19  30  12  68  17   6   7 179  13 119  18 172  14 196   6  76   1  78   9 125   2  89   0 194  11 184  10 145 
 13  88   7 186   1  81  16 146  12  14  17  12  11 151  19 160   5 195   0 158   9  49  14  70  10  62  18  92   4 152   3  89   8  61   2  15  15  27   6  36 
 16  91  17  98   9 165  19  88   1  14   6  95   3 189   0  52  15  55   7  12   5 118  18  46  14  66  11  83   2 129   4   7  13 119   8 134  12 105  10 143 
  1 198   6  70  13 179  19 109  17 154   8 129  10 120  11 185  18  59   2  51   9 119  12  66   5  22   3  47  14  99   4  40  15 196   7 123  16  31   0 158 
  9 141  15  46   2 162   4  84   0  77   7 150   6 144  11 104  10  14  12 100  18  31  19  74  17 198  14 198  16  82  13  33   1 175   8  67   5 103   3  51 
  4 196   3 109  13 116  18 200  15  14  12 114   7 115  16 196  14  21   8 192   2 198  11   9  19  48  10 129   6  49  17  70   1 134   9  72   5  67   0   4 
  6  12   9 170   8 175   2   8  10 178  17  27   5  86   1  74  13   5   0   1  15  52   7  19  12  35  16 120   3 102  11 144  14 176  18  52  19  58   4  71 
 15  53   1  71  10 198   4  30   0 112  19 145   3 124  18 156   5 149   2 111   9 137   7 108  17  91   6 123  14  37  16  25  11 167  13  32   8  48  12  38 
 17 136  14   4   9  92  11  59   5 108   7 136   4  84  12  37  19  57   6   1   1 163   3  23  18 157  15  88   0 179   2  68   8 159  13  49  10  35  16 163 
  1  47  17 178   7 142  10 200  14  88  12  72  13 106   8  59   9 174   2 102  18 110   0 163   4  93   5 110  11 147  16  63  15 192   3  51   6 139  19  24 
  8  97  16 119  14  60  19 145  18 155   5 184   0 188   7 107   6 152   4   7   3 165   1  42  10  16  12 153  13 186  11  59   9  64  17 161   2  40  15  47 
  7  92   3  98  15  48  13 175   8  91   5 152   6 177   2  76  19 135  18 107  11 119  17 127  14  88   0  62  12   4  16 139   4  70   9 194   1  91  10  57 
 17 175  14  35  10  53  15 193  11 183  19  96   2 120   9  91   4  63   8 159  18 115  16 143   3 175   0  68   7  61  13 107  12  83   6 180   1   8   5  46 
  5  87   9  27  12  92  19  36   0 153  10  18   1 197   2  61   7 129  15 109   4 107   6  57  17 169   3  15  11 155  14  67  18  21  13 129   8 154  16 110 
 12  47   8 198   1 137  17 198  16  53  11  45   3  14  19   8   5 150  14 185   4  81   7 172   0 184   2 102   9 171  13  19   6  30  10 189  18 163  15  65 
 13  87  16  12   6  26  12 163   1 144   0 165  15   3   8  87   9  57  18  71  14   9  11  67  10 145   4 193   5 193  19  74   3 176   7 145   2 199  17 158 
  5 137   8 169   3 154  12 154   7 145   2 187  19  95  11  21   6  51  13  51  17  24   0  98  10 167  18  17   1 121  15 123   9  32   4 148  14   4  16  90 
  0  22  10   2   5 115   4  97  18 124   3 138  14 146   6  84   2 168   1  61   8 125  16 124  19 115  13 106   7  64   9   5  15  85  17  28  11 155  12 159 
  4  44   8  59  17  37   0  66  11 129  16  50  15  17  14 192  18   2   7 146  10  10  12 116   3 148   5 159  13 149   2 104  19 157   1 123   9   6   6  89 
  1 157  16 197   7  86   6  72   2  29   9  37  19  96  13 145  14  10   4  39  15 148   8   7   5  96  18   9  10 129   3 164  11  72  12  94  17 188   0 188 
 16  51   2  85  12 143  11 103  13 152   6 187   8 190  17  83  14 113   9 119   5  49  10 143   1   4   3  45   7 150  15  90  18  55   0  43   4  51  19  22 
 16  93   7  68   3  30   0  81  15 146   2 121   8   4   5 181  12 116  11 182  14  12  17 135   6 177   1 144   4 190  18 128  10 179  13 182   9 154  19  11 
 10 174  17  44   7  97  15  50  13 168  19 189  18  79   1 138   2  74  11 117   4  82   8 164   3 124   0 110   9 115   5 108  14 122  16  58  12 191   6 188 
  1 169  17   3  16 106  12 187  10 172   6 115  15 198  19 143  14 101  13 141   5  77   8 141   3 170   4  44   9  45  18  83   7  84   2 110   0  16  11 172 
 14 120   4 122  11  19   2 120  12  11   1  71  10 163  18 124   0 185  16 192  13 138   7 136  19 160   9 132   8 148   5  22   3  26   6 173  15 189  17  40 
  2  26   4  99  12   8   6 189  19  45  11  74  15 115   5  68   3  34  16 111   0 164   7  84  14 149  17 195   1 191  18 143   9 197  10  20   8  41  13  83 
 11 185   6 132  19  39  16 106  15  58   7 149   0 128  13  36   2 103   8 160  17  87  14  70  18  22   5 175   9   7   3  83  12  66   1  62  10 115   4 124 
  4  33  18   7  16   4   7 188  15 184  19 183  11 175   5  76  14 152  17 114   1  73   6  51  10 188   9  94  12  56   0  33   3   6   8 122  13 179   2  21 
  3   7   1  74  12 117   2  93   7 162  16  79   8  83  13  80   6  81  17  63   4 186  11 103  19  98  10  71  15  75   0  17  14  79   5 122   9  95  18 110 
