20 20
 11 108   2  54  13 150   7  16   6  28   3  18  14  26  16  82   9 112  17 141   5  96   8   9   4  54   0  61  18 172  19  53   1 112  10 105  12 143  15  97 
  0  12  19  62   3 109   9 122   8  46  17  48   2 182  15  86   6  73  18  65  16 197  14  70   1  23  12  75  13 130  11 133  10  51   4  41   7   4   5 146 
  5 134  12  76   2 160   4 169   1 119  14  57   3 110  15  76  10 137  18 108   0  68  11  89   7 122   9  53  19 169  17 109  16 126  13 121   8 174   6  90 
 14 140  15  18   8 107   6  50  13 133  12 166   9 171  16 135   4 140   7 123   5  70   3  48   2 163  10 179  19 115   1  28  18 145   0  39  17  64  11 194 
  7 122   8  73   2 156  18   9  10  21  13  89  17  57   1  81  12  17   4 103  16 175  11  98  19  98  14 130   9  44   0 188  15  94   5 102   3 125   6  10 
  7  94   5  97  19 148   3  95  13  69  14 146  10 171   8  82  12  28  11 164  16  12   1 169   0 198  15  97   2 187  18 164  17  92   4  19   9  50   6 166 
 17 168  11  19   5  63   3  22   6 131  18 194  12  16   1  41   9  34  15 136  10 193   8  40  16  52  14  87   2  19   0 125  19  24   4  99   7  64  13 153 
 13  76   3 164   4  23  17 136   5  96  11  82   6 131  19 152  18   5  12 100   0 107   8 178  10 173  16  18  14  25   9 181   1  10   2 150  15  12   7 120 
 18  51   6  22  15  16  17  30   7  81   2  85   1  56   5 116   4  40  16 118   8  74   9  61  19 116  10  37  13  62   0 153  11 185  14 108  12 185   3 158 
  5  20  16 197  19 146   7  14   9  14  11  24  13 164   4  94  10  83  18 131  15  45   6 118  14 176   1 134   2  47   3  25  12  18  17  95   8  67   0  65 
  0 194  17 102  10  55  13  89   6 123   9 200   7  63  16  43  19 175   8  43  15  67   3 115   4  77   1  47  11  30  12  70   5  58   2  90  14 146  18 104 
 12 112   3 153  18 151   1  28   4 196   2  27  17 147  16  84   7 131   0  86   9   1   8 112  15  81   6  17  13 153  19 161  14 186  10 149  11  80   5 153 
 11 110   6 132   2 190  14 170  12 124  16  37  13  38   3  43  17 121   8 166  19  69  15 179   9 188  18 192   7  41   1  82   5  22   0 132   4  53  10   1 
 18  57  19 167   6  38  17  16  15  69   3  35  12 122   7 122   9  28   4 160  16  54  14 152  10 129   5  52  13 148   8  43   2 183   0  99  11  36   1  47 
  0 142  15  73  10  38   9  17  16  85  11 150   8  90   3 195   5   8  19  84  14 151   7 183   6  53   2 140  18  11  17 150  13 111  12 185   1 122   4 144 
  7 135  12 116   2 132  19 114  16 116  14 197   9  79  18  84  11  55   6 181   8  44  13 103   0   1   5 161   3 161   4  72   1  96  10  28  17 124  15 189 
 15 140  11  12   1  98   9  68  14  17   4  18   7  27   2 127   6 122  13 154  16 184  12 163   3 168  17  76   0  73   8 122  19  45  18 150  10  74   5 143 
  1 156   0  52  13 172   5  91  19  71  18 185   9  96  14  31  11 160   4  29   8 197  10  62  15  87   7  47  12 127  16 143   6  17   3  32   2  83  17 178 
  5  23   3  37   1  74   8  86   7  98  10 158   0  18   4  98  19  79  15  23  16 181   9 139  14  94  12  85   6  61  11  46   2  99  13 173  18  75  17 119 
  9  60  13 142   0 141  14 175   6  46   4 191  16 187   1 103  15 134   8 153  19 192   2 192  17  66   3  82  12 132   7 101   5 169  11 147  18  30  10 101 
