30 20
  6  29  10 147  16 133   4 183   0 169  17  42  14  22   1 133   5  69  11 134  12  76   2  75   9 200   8  98  15   3  13  43  18 159  19  99   3  68   7  40 
  3 127   8  72   0 137  17 150   1  97  19 120  16 170   4   7   6 110  15  56   2 120  18  27  13  16  11  10  14  14  12 157   9 176  10 184   7 176   5 164 
  2  39  12 173  15 186  11 158   1 172   8  21   6 110  14 115   7  37  19 111  17 121   9  37   3 173  16  20  18 164   5   7   0  94  13 125   4 153  10 146 
  9 187  12   8   6   9  13 192  15 101  19 129   4 116  17 133   2  33  16 115  10  40   1 134  14  81  18 115   5  81   0 196   8  83   3 139   7  14  11 198 
  5  27   4  94   2  11  16  85   9  45  15  37  19 121  10  92  12 158  18 165  13  61  11   3   1  14   0 186   3 141   6 142  14  79   8  88   7  69  17 149 
  2 147   9 194   0   1  16 148   1  10   4 188  12  53  15  51   6  27  17  72   3 166  11  87  10  48  18  70  13 188  14 182   8 125   5  30   7   9  19 190 
 10  28  15  71  14  30   1 129  11 170   8   3   5  21   6  31   7 153   2  91   9 126  17  59   3 121  18 103   0  13  16 173  19 163   4 131  13 116  12  42 
 16  17  10 129  15  87   0 130  13  98  19  53  17 109   9  13   4 133   5  85   2  13   1  62   6 104   7  93  12  98   3  99  14  79   8  84  18 109  11  46 
 17  23  11 193  16 115  13 166   6  80   3   3   9  25   8  86  12   8   0 130  15  26   2 123   1 138  18  18   5 100  19 191   4  14  14 155  10  93   7  76 
  5 199   8  70  14 125  13 120   4 153   9 182   0   2  12 112   2 177  17 113   3 110  18 177  10  51   6   4  11 197  19  65   7 110  16  94   1  57  15 122 
 11  49  19 113  16  63  14  11   7 164  12 149   0  63   2 148   1  28   5  43   4  62   6  33  13  26  10  72  15 177  18 138  17 111   8 130   3  52   9 124 
 10  18  12  41   1 179  16 124   8 192  19 195   4 121   7  45   0 177  15 133  17 179  13  86   5  42   6 197   2 120   3 175  18 164  11 145  14  20   9  12 
 12   5   0  71  15 143   4   6  10 127   6 160  14 163   2 186   3 120  13 123  19 168   9  49   5  24   8  94  16 155   7 150  11 157   1 109  17  21  18  48 
 16 145  11 106  14 113   1 148   7  28  18  54  10  54  13 117   6 141   0  29  19 131   9 177   5 102   2 155   3  64  15 161  17  72   8 150   4  33  12   5 
 11 187   6 137  10  57   4 169   5  25   0  39   7  83   1   8   3  17  14  48   8  46   9  35   2 158  19 132  17 146  12  97  15 122  16  20  18 167  13  12 
  8 169   9 170   3 101  17 134  12  93  11  42  19  59   0 179   5  15   7 129  14 147   6  78  10 110  16  76  15 154   1 142   2  21  13  12   4  69  18  66 
 12  75   9 113   2  17  18 148   4 105   6 116   3 119  14 200  13 113   8 147   0  24  15 175   7  54  19 150  17  45   1  20   5 170  11 139  16  78  10  54 
  7  89   6 127  13 173   8  23  15 180   4 177   5  97   3 147  10  69   0  52  12 166   2  97  19  59  14 160  11  58  18 139  16  49   9  31   1  78  17 189 
 11 131  14  79  17 183   8  59   5 103  18  97   3  35   6 198  13 108  12  95  16 124   4  68  19  70   7 154  10 171   0  52   1  91   9 114   2   9  15  13 
 14 140   3 187  15  94  11 117   9 180   5  95   1  91   0  24  17 106   8 148  10  99   2 133  12  40  18  35  13 137  16 155   7 199   6 180  19  83   4 191 
  8  19  13  88  14 167   3  36   5 164   6  34  17  18  15 115  11  49   2 194  19 178  16  42   4 200  18 118   1  17   0 166  12 197  10  51   7  71   9 164 
  0  57   5 134  12 147   8 186  13 197  14  55   4  36  11 160   1 162  17 168  18  23  15 158  19  16   9  75   6 115   7  24   3 100  10 108   2  74  16   9 
  3  32  13 117  17  57  18 115  15  56   2  38   9  84  19  99   8 125   6 196  10 187   0 127  14 177   7 143   5 125  11  23   1 139   4 181  12 115  16 125 
 13 117   0 119   4 144   6  10   1 158  12 118   7 180  11 123  16 137  17  60  18  21   9 150  10   2  14  14   8 102  19 177   5 132  15 114   2  70   3  59 
 10  96   7  27   6 133  16 174   5  58   1   7   2  75  15 193   4 198  12  39   3  26  11 195  19 116  13  55  14 187   0 165   9  28  18 139  17  50   8  34 
 16 127   2 117  10  46  12  95   3 111   6 141  15 178   4 151   5 138  13  28  17 199   7   4  19  47  11 198   9 147   0  83  18 104   8 168   1 106  14 140 
 11  71  13 150  14 199  10 192   4 130  17 197   3  90   5 153   1   4   0  88   9   5  19  50  15  33   8  98  18  39  16 121   2 111  12 190   6 179   7  17 
 12  54   4 173  15 105  13 179  11 105   1 186   8 146   5  66  10 182   7  51   0 167   3 136   2 166   6  11  17 155   9  84  16  64  14 177  18 164  19 120 
 10  98  19  95  18  79   6  25   8  23   2 161   4 117   0  53   1 110  16  61   7  42  11  18   5  63  17  18  15 181  12  56   9 173   3  50  13 102  14   9 
  3 136  18  29  11 147  19 190   0 196  14  28   6   2   8 133   7 170   4 167  12  54  15 110   9 163  10 185   5  33   2 189   1  89  17 169  16 150  13 119 
