249 1000
1 466
2 261 3 4 5 6 8 9 10 12 14 15 16 18 21 23 25 27 28 30 32 33 34 35 36 37 38 39 40 42 43 44 45 46 47 48 49 50 52 54 55 56 58 59 62 64 67 72 73 74 75 76 78 79 80 81 82 83 84 89 91 93 95 96 97 100 101 102 103 104 106 107 109 110 112 114 117 118 119 120 121 122 125 126 127 130 131 132 133 134 137 138 139 144 145 149 151 152 154 155 156 157 158 160 161 163 168 170 172 173 174 175 176 177 179 181 184 187 188 189 191 192 193 196 197 198 199 201 202 203 204 205 207 208 209 211 212 214 215 218 219 220 221 223 224 225 227 228 229 230 231 232 233 236 237 239 241 242 243 244 245 246 247 248 249
3 273 5 6 8 9 12 14 15 16 18 21 23 25 27 28 30 32 33 34 35 36 37 38 39 42 43 44 46 47 49 52 54 55 56 58 59 62 64 67 72 73 74 75 76 78 79 81 82 83 84 93 95 96 97 100 101 102 104 106 107 112 117 118 119 120 121 122 127 130 131 132 133 134 137 138 139 149 151 152 154 155 156 157 158 160 161 163 168 170 174 175 176 177 181 184 188 189 191 192 193 196 197 198 199 201 202 203 204 205 207 208 209 211 212 214 215 218 219 220 221 224 225 227 228 231 232 233 236 237 239 241 242 243 244 245 246 247 248 249
4 497 5 8 21 27 35 36 37 39 67 73 75 78 81 84 95 97 100 102 104 106 107 139 154 157 160 163 168 174 175 176 177 197 203 205 211 212 214 220 225 231 232 236 241 243
5 250 6 8 9 10 12 14 15 16 18 21 23 25 27 28 30 32 33 34 35 36 37 38 39 40 42 43 44 45 46 47 48 49 50 52 54 55 56 58 59 60 62 63 64 66 67 70 72 73 74 75 76 78 79 80 81 82 83 84 89 91 93 95 96 97 100 101 102 103 104 106 107 109 110 112 114 117 118 119 120 121 122 123 124 125 126 127 130 131 132 133 134 137 138 139 144 145 149 151 152 153 154 155 156 157 158 160 161 163 165 168 170 171 172 173 174 175 176 177 179 181 182 184 185 186 187 188 189 191 192 193 196 197 198 199 201 202 203 204 205 207 208 209 210 211 212 214 215 216 218 219 220 221 223 224 225 227 228 229 230 231 232 233 236 237 239 241 242 243 244 245 246 247 248 249
6 253 8 9 12 14 15 16 18 21 23 25 27 28 30 32 33 34 35 36 37 38 39 42 43 44 46 47 49 52 54 55 56 58 59 62 64 67 72 73 74 75 76 78 79 81 82 83 84 93 95 96 97 100 101 102 104 106 107 112 117 118 119 120 121 122 127 130 131 132 133 134 137 138 139 149 151 152 154 155 156 157 158 160 161 163 168 170 174 175 176 177 181 184 188 189 191 192 193 196 197 198 199 201 203 204 205 207 208 209 211 212 214 215 218 219 220 221 224 225 227 228 231 232 233 236 237 239 241 242 243 244 245 246 247 248
7 382
8 308 9 10 12 14 15 16 18 21 23 25 27 28 30 32 33 34 35 36 37 38 39 40 42 43 44 45 46 47 48 49 50 52 54 55 56 58 59 62 64 67 72 73 74 75 76 78 79 80 81 82 83 84 89 91 93 95 96 97 100 101 102 103 104 106 107 109 110 112 114 117 118 119 120 121 122 125 126 127 130 131 132 133 134 137 138 139 144 145 149 151 152 154 155 156 157 158 160 161 163 168 170 172 173 174 175 176 177 179 181 184 187 188 189 191 192 193 196 197 198 199 201 202 203 204 205 207 208 209 211 212 214 215 218 219 220 221 223 224 225 227 228 229 230 231 232 233 236 237 239 241 242 243 244 245 246 247 248 249
9 310 12 16 21 25 27 35 36 37 39 43 44 49 56 67 72 73 75 78 81 83 84 93 95 97 100 102 104 106 107 112 119 121 132 137 139 149 151 152 154 157 160 163 168 174 175 176 177 181 184 196 197 203 205 207 211 212 214 218 220 221 225 231 232 236 239 241 242 243 247
10 424 21 27 35 36 37 39 67 73 75 78 81 84 95 97 100 102 104 106 107 139 154 157 163 168 174 175 176 177 197 203 205 211 212 214 220 225 231 232 236 241 243
11 273 21 35 39 67 75 78 100 102 104 139 154 168 176 212 214 232
12 303 14 15 16 18 21 23 25 27 28 30 32 33 34 35 36 37 38 39 40 42 43 44 45 46 47 48 49 52 54 55 56 58 59 62 64 67 72 73 74 75 76 78 79 80 81 82 83 84 89 91 93 95 96 97 100 101 102 103 104 106 107 112 114 117 118 119 120 121 122 125 127 130 131 132 133 134 137 138 139 144 149 151 152 154 155 156 157 158 160 161 163 168 170 174 175 176 177 179 181 184 187 188 189 191 192 193 196 197 198 199 201 202 203 204 205 207 208 209 211 212 214 215 218 219 220 221 224 225 227 228 229 230 231 232 233 236 237 239 241 242 243 244 245 246 247 248 249
13 385
14 283 16 21 25 27 28 30 35 36 37 39 43 44 49 56 58 67 72 73 74 75 78 79 81 83 84 93 95 97 100 102 104 106 107 112 119 121 132 137 139 149 151 152 154 155 157 160 163 168 174 175 176 177 181 184 188 196 197 203 204 205 207 211 212 214 218 220 221 225 231 232 236 239 241 242 243 245 247
15 332 16 21 25 27 28 30 35 36 37 39 43 44 49 56 58 67 72 73 74 75 78 79 81 83 84 93 95 97 100 102 104 106 107 112 119 121 132 137 139 149 151 152 154 155 157 160 163 168 174 175 176 177 181 184 188 196 197 203 204 205 207 211 212 214 218 220 221 224 225 231 232 236 239 241 242 243 245 247
16 425 18 21 23 25 27 28 30 32 33 34 35 36 37 38 39 42 43 44 46 47 49 52 54 55 56 58 59 62 64 67 72 73 74 75 76 78 79 81 82 83 84 93 95 96 97 100 101 102 104 106 107 112 117 118 119 120 121 122 127 130 131 132 133 134 137 138 139 149 151 152 154 155 156 157 158 160 161 163 168 170 174 175 176 177 181 184 188 189 191 192 193 196 197 198 199 201 202 203 204 205 207 208 209 211 212 214 215 218 219 220 221 224 225 227 228 231 232 233 236 237 239 241 242 243 244 245 246 247 248
17 254
18 321 21 25 27 28 30 33 35 36 37 38 39 42 43 44 49 52 55 56 58 62 64 67 72 73 74 75 76 78 79 81 82 83 84 93 95 97 100 101 102 104 106 107 112 118 119 120 121 131 132 137 138 139 149 151 152 154 155 157 158 160 163 168 170 174 175 176 177 181 184 188 189 191 192 196 197 199 203 204 205 207 208 211 212 214 218 220 221 224 225 228 231 232 233 236 237 239 241 242 243 244 245 246 247 248
19 464
20 253
21 283 23 25 26 27 28 29 30 32 33 34 35 36 37 38 39 40 42 43 44 45 46 47 48 49 50 52 54 55 56 58 59 60 62 63 64 66 67 70 72 73 74 75 76 78 79 80 81 82 83 84 89 91 93 95 96 97 100 101 102 103 104 106 107 109 110 112 114 117 118 119 120 121 122 123 124 125 126 127 128 130 131 132 133 134 135 137 138 139 141 144 145 149 151 152 153 154 155 156 157 158 160 161 162 163 164 165 168 170 171 172 173 174 175 176 177 179 181 182 184 185 186 187 188 189 191 192 193 194 196 197 198 199 201 202 203 204 205 207 208 209 210 211 212 213 214 215 216 218 219 220 221 223 224 225 227 228 229 230 231 232 233 236 237 239 241 242 243 244 245 246 247 248 249
22 443
23 258 25 27 28 30 35 36 37 39 43 44 49 52 56 58 67 72 73 74 75 78 79 81 83 84 93 95 97 100 102 104 106 107 112 119 121 132 137 139 149 151 152 154 155 157 160 163 168 174 175 176 177 181 184 188 196 197 203 204 205 207 211 212 214 218 220 221 224 225 231 232 236 239 241 242 243 245 247
24 299
25 401 27 28 30 32 33 34 35 36 37 38 39 42 43 44 46 49 52 54 55 56 58 59 62 64 67 72 73 74 75 76 78 79 81 82 83 84 93 95 97 100 101 102 104 106 107 112 118 119 120 121 122 130 131 132 134 137 138 139 149 151 152 154 155 156 157 158 160 161 163 168 170 174 175 176 177 181 184 188 189 191 192 193 196 197 198 199 203 204 205 207 208 209 211 212 214 215 218 220 221 224 225 227 228 231 232 233 236 237 239 241 242 243 244 245 246 247 248
26 276 35 39 67 75 78 100 102 104 139 154 168 176 212 232
27 323 28 30 32 33 34 35 36 37 38 39 40 42 43 44 45 46 47 48 49 50 52 54 55 56 58 59 62 64 67 72 73 74 75 76 78 79 80 81 82 83 84 89 91 93 95 96 97 100 101 102 103 104 106 107 109 110 112 114 117 118 119 120 121 122 125 126 127 130 131 132 133 134 137 138 139 144 145 149 151 152 154 155 156 157 158 160 161 163 168 170 172 173 174 175 176 177 179 181 182 184 187 188 189 191 192 193 196 197 198 199 201 202 203 204 205 207 208 209 211 212 214 215 218 219 220 221 223 224 225 227 228 229 230 231 232 233 236 237 239 241 242 243 244 245 246 247 248 249
28 488 30 33 35 36 37 38 39 42 43 44 49 52 54 55 56 58 59 62 64 67 72 73 74 75 76 78 79 81 82 83 84 93 95 97 100 101 102 104 106 107 112 118 119 120 121 122 130 131 132 137 138 139 149 151 152 154 155 157 158 160 163 168 170 174 175 176 177 181 184 188 189 191 192 196 197 198 199 203 204 205 207 208 211 212 214 215 218 220 221 224 225 227 228 231 232 233 236 237 239 241 242 243 244 245 246 247 248
29 255 35 39 67 78 100 102 104 139 154 168 176 212
30 257 32 33 34 35 36 37 38 39 42 43 44 46 49 52 54 55 56 58 59 62 64 67 72 73 74 75 76 78 79 81 82 83 84 93 95 97 100 101 102 104 106 107 112 118 119 120 121 122 130 131 132 137 138 139 149 151 152 154 155 157 158 160 163 168 170 174 175 176 177 181 184 188 189 191 192 193 196 197 198 199 203 204 205 207 208 209 211 212 214 215 218 220 221 224 225 227 228 231 232 233 236 237 239 241 242 243 244 245 246 247 248
31 431
32 250 35 36 37 39 43 44 49 56 67 72 73 74 75 78 79 81 83 84 93 95 97 100 102 104 106 107 112 119 121 132 137 139 149 151 152 154 157 160 163 168 174 175 176 177 181 184 196 197 203 205 207 211 212 214 218 220 221 225 231 232 236 239 241 242 243 245 247
33 319 35 36 37 39 43 44 49 52 55 56 58 64 67 72 73 74 75 78 79 81 83 84 93 95 97 100 102 104 106 107 112 118 119 121 132 137 138 139 149 151 152 154 155 157 160 163 168 174 175 176 177 181 184 188 192 196 197 199 203 204 205 207 211 212 214 218 220 221 224 225 231 232 236 239 241 242 243 245 246 247
34 460 35 36 37 39 43 44 49 56 67 72 73 74 75 78 79 81 83 84 93 95 97 100 102 104 106 107 112 119 121 132 137 139 149 151 152 154 157 160 163 168 174 175 176 177 181 184 196 197 203 205 207 211 212 214 218 220 221 225 231 232 236 239 241 242 243 245 247
35 263 36 37 38 39 40 42 43 44 45 46 47 48 49 50 52 54 55 56 58 59 60 62 63 64 66 67 70 72 73 74 75 76 78 79 80 81 82 83 84 89 91 93 95 96 97 100 101 102 103 104 106 107 109 110 112 114 117 118 119 120 121 122 123 124 125 126 127 128 130 131 132 133 134 135 137 138 139 141 144 145 149 151 152 153 154 155 156 157 158 160 161 162 163 164 165 168 170 171 172 173 174 175 176 177 179 181 182 184 185 186 187 188 189 191 192 193 194 196 197 198 199 201 202 203 204 205 207 208 209 210 211 212 213 214 215 216 218 219 220 221 223 224 225 227 228 229 230 231 232 233 236 237 239 241 242 243 244 245 246 247 248 249
36 277 37 38 39 40 42 43 44 45 46 47 48 49 50 52 54 55 56 58 59 62 64 67 72 73 74 75 76 78 79 80 81 82 83 84 89 91 93 95 96 97 100 101 102 103 104 106 107 109 110 112 114 117 118 119 120 121 122 125 126 127 130 131 132 133 134 137 138 139 144 145 149 151 152 154 155 156 157 158 160 161 163 168 170 172 173 174 175 176 177 179 181 184 187 188 189 191 192 193 196 197 198 199 201 202 203 204 205 207 208 209 211 212 214 215 218 219 220 221 223 224 225 227 228 229 230 231 232 233 236 237 239 241 242 243 244 245 246 247 248 249
37 381 38 39 40 42 43 44 45 46 47 48 49 50 52 54 55 56 58 59 62 64 67 72 73 74 75 76 78 79 80 81 82 83 84 89 91 93 95 96 97 100 101 102 103 104 106 107 109 110 112 114 117 118 119 120 121 122 125 126 127 130 131 132 133 134 137 138 139 144 145 149 151 152 154 155 156 157 158 160 161 163 168 170 172 173 174 175 176 177 179 181 184 187 188 189 191 192 193 196 197 198 199 201 202 203 204 205 207 208 209 211 212 214 215 218 219 220 221 224 225 227 228 229 230 231 232 233 236 237 239 241 242 243 244 245 246 247 248 249
38 302 39 43 44 49 52 55 56 58 64 67 72 73 74 75 78 79 81 83 84 93 95 97 100 102 104 106 107 112 118 119 121 132 137 138 139 149 151 152 154 155 157 160 163 168 174 175 176 177 181 184 188 192 196 197 199 203 204 205 207 211 212 214 218 220 221 224 225 231 232 236 239 241 242 243 245 246 247
39 317 40 42 43 44 45 46 47 48 49 50 52 54 55 56 58 59 60 62 63 64 66 67 70 72 73 74 75 76 78 79 80 81 82 83 84 89 91 93 95 96 97 100 101 102 103 104 106 107 109 110 112 114 117 118 119 120 121 122 123 124 125 126 127 128 130 131 132 133 134 135 137 138 139 141 144 145 149 151 152 153 154 155 156 157 158 160 161 162 163 164 165 168 170 171 172 173 174 175 176 177 179 181 182 184 185 186 187 188 189 191 192 193 194 196 197 198 199 201 202 203 204 205 207 208 209 210 211 212 213 214 215 216 218 219 220 221 223 224 225 227 228 229 230 231 232 233 236 237 238 239 241 242 243 244 245 246 247 248 249
40 397 44 49 56 67 72 73 75 78 81 84 95 97 100 102 104 106 107 112 119 139 151 152 154 157 160 163 168 174 175 176 177 197 203 205 211 212 214 220 225 231 232 236 239 241 242 243
41 260
42 343 43 44 49 52 56 58 64 67 72 73 74 75 78 79 81 83 84 93 95 97 100 102 104 106 107 112 118 119 121 132 137 138 139 149 151 152 154 155 157 160 163 168 174 175 176 177 181 184 188 192 196 197 199 203 204 205 207 211 212 214 218 220 221 224 225 231 232 236 239 241 242 243 245 246 247
43 380 44 46 49 52 54 55 56 58 59 62 64 67 72 73 74 75 76 78 79 81 82 83 84 93 95 97 100 101 102 104 106 107 112 118 119 120 121 122 127 130 131 132 133 134 137 138 139 149 151 152 154 155 156 157 158 160 161 163 168 170 174 175 176 177 181 184 188 189 191 192 193 196 197 198 199 203 204 205 207 208 209 211 212 214 215 218 219 220 221 224 225 227 228 231 232 233 236 237 239 241 242 243 244 245 246 247 248
44 289 45 46 47 48 49 52 54 55 56 58 59 62 64 67 72 73 74 75 76 78 79 80 81 82 83 84 89 91 93 95 96 97 100 101 102 103 104 106 107 112 114 117 118 119 120 121 122 125 126 127 130 131 132 133 134 137 138 139 144 149 151 152 154 155 156 157 158 160 161 163 168 170 174 175 176 177 179 181 184 187 188 189 191 192 193 196 197 198 199 201 202 203 204 205 207 208 209 211 212 214 215 218 219 220 221 224 225 227 228 229 230 231 232 233 236 237 239 241 242 243 244 245 246 247 248 249
45 331 49 56 67 72 73 75 78 81 84 95 97 100 102 104 106 107 112 119 139 151 152 154 157 160 163 168 174 175 176 177 181 197 203 205 211 212 214 218 220 225 231 232 236 239 241 242 243
46 385 49 56 67 72 73 74 75 78 79 81 83 84 93 95 97 100 102 104 106 107 112 119 121 132 137 139 149 151 152 154 157 160 163 168 174 175 176 177 181 184 196 197 203 205 207 211 212 214 218 220 221 225 231 232 236 239 241 242 243 245 247
47 250 49 56 67 72 73 75 78 81 83 84 93 95 97 100 102 104 106 107 112 119 139 151 152 154 157 160 163 168 174 175 176 177 181 184 197 203 205 211 212 214 218 220 221 225 231 232 236 239 241 242 243
48 365 56 67 72 73 75 78 81 84 95 97 100 102 104 106 107 112 119 139 154 157 160 163 168 174 175 176 177 197 203 205 211 212 214 220 225 231 232 236 239 241 242 243
49 441 52 54 55 56 58 59 62 64 67 72 73 74 75 76 78 79 80 81 82 83 84 89 91 93 95 96 97 100 101 102 103 104 106 107 112 114 117 118 119 120 121 122 125 127 130 131 132 133 134 137 138 139 149 151 152 154 155 156 157 158 160 161 163 168 170 174 175 176 177 179 181 184 187 188 189 191 192 193 196 197 198 199 201 202 203 204 205 207 208 209 211 212 214 215 218 219 220 221 224 225 227 228 231 232 233 236 237 239 241 242 243 244 245 246 247 248 249
50 263 67 73 75 78 81 84 95 97 100 102 104 106 107 139 154 157 160 163 168 174 175 176 177 197 203 205 211 212 214 220 225 231 232 236 241 243
51 296
52 492 55 56 58 59 62 64 67 72 73 74 75 76 78 79 81 82 83 84 93 95 97 100 101 102 104 106 107 112 118 119 120 121 131 132 137 138 139 149 151 152 154 155 157 158 160 163 168 170 174 175 176 177 181 184 188 189 191 192 196 197 198 199 203 204 205 207 208 211 212 214 218 220 221 224 225 228 231 232 233 236 237 239 241 242 243 244 245 246 247 248
53 253
54 255 56 58 67 72 73 74 75 78 79 81 83 84 93 95 97 100 102 104 106 107 112 119 121 132 137 139 149 151 152 154 155 157 160 163 168 174 175 176 177 181 184 188 196 197 203 204 205 207 211 212 214 218 220 221 225 231 232 236 239 241 242 243 245 247
55 431 56 58 62 64 67 72 73 74 75 76 78 79 81 82 83 84 93 95 97 100 101 102 104 106 107 112 118 119 120 121 132 137 138 139 149 151 152 154 155 157 158 160 163 168 170 174 175 176 177 181 184 188 189 191 192 196 197 199 203 204 205 207 208 211 212 214 218 220 221 224 225 231 232 233 236 237 239 241 242 243 244 245 246 247 248
56 260 58 59 62 64 67 72 73 74 75 76 78 79 80 81 82 83 84 89 91 93 95 96 97 100 101 102 103 104 106 107 112 114 117 118 119 120 121 122 125 127 130 131 132 133 134 137 138 139 149 151 152 154 155 156 157 158 160 161 163 168 170 174 175 176 177 179 181 184 187 188 189 191 192 193 196 197 198 199 201 202 203 204 205 207 208 209 211 212 214 215 218 219 220 221 224 225 227 228 229 231 232 233 236 237 239 241 242 243 244 245 246 247 248 249
57 309
58 487 59 62 64 67 72 73 74 75 76 78 79 81 82 83 84 93 95 97 100 101 102 104 106 107 112 118 119 120 121 122 130 131 132 137 138 139 149 151 152 154 155 157 158 160 163 168 170 174 175 176 177 181 184 188 189 191 192 196 197 198 199 203 204 205 207 208 211 212 214 215 218 220 221 224 225 227 228 231 232 233 236 237 239 241 242 243 244 245 246 247 248
59 255 67 72 73 74 75 78 79 81 83 84 93 95 97 100 102 104 106 107 112 118 119 121 132 137 139 149 151 152 154 155 157 160 163 168 174 175 176 177 181 184 188 196 197 203 204 205 207 211 212 214 218 220 221 224 225 231 232 236 239 241 242 243 245 246 247
60 258 67 75 78 84 95 97 100 102 104 107 139 154 168 174 176 203 211 212 214 232 243
61 407
62 259 64 67 72 73 74 75 78 79 81 82 83 84 93 95 97 100 102 104 106 107 112 118 119 121 132 137 138 139 149 151 152 154 155 157 160 163 168 174 175 176 177 181 184 188 191 192 196 197 199 203 204 205 207 211 212 214 218 220 221 224 225 231 232 236 239 241 242 243 244 245 246 247
63 334 67 75 78 84 95 97 100 102 104 107 139 154 168 174 176 203 211 212 214 231 232 243
64 480 67 72 73 74 75 76 78 79 81 82 83 84 93 95 97 100 101 102 104 106 107 112 118 119 120 121 131 132 137 138 139 149 151 152 154 155 157 158 160 163 168 170 174 175 176 177 181 184 188 189 191 192 196 197 199 203 204 205 207 208 211 212 214 218 220 221 224 225 228 231 232 233 236 237 239 241 242 243 244 245 246 247 248
65 255
66 265 67 75 78 84 95 97 100 102 104 107 139 154 168 174 176 203 211 212 214 232
67 428 70 72 73 74 75 76 78 79 80 81 82 83 84 89 91 93 95 96 97 100 101 102 103 104 106 107 109 110 112 114 117 118 119 120 121 122 123 124 125 126 127 128 130 131 132 133 134 135 137 138 139 141 144 145 149 151 152 153 154 155 156 157 158 160 161 162 163 164 165 168 170 171 172 173 174 175 176 177 179 181 182 184 185 186 187 188 189 191 192 193 194 196 197 198 199 201 202 203 204 205 207 208 209 210 211 212 213 214 215 216 218 219 220 221 223 224 225 227 228 229 230 231 232 233 236 237 239 241 242 243 244 245 246 247 248 249
68 279
69 293
70 387 75 78 84 95 97 100 102 104 107 139 154 168 174 176 203 211 212 214 232
71 281
72 332 73 74 75 76 78 79 80 81 82 83 84 89 91 93 95 96 97 100 101 102 103 104 106 107 112 114 117 118 119 120 121 122 125 127 130 131 132 133 134 137 138 139 149 151 152 154 155 156 157 158 160 161 163 168 170 174 175 176 177 179 181 184 187 188 189 191 192 193 196 197 198 199 201 202 203 204 205 207 208 209 211 212 214 215 218 219 220 221 224 225 227 228 229 231 232 233 236 237 239 241 242 243 244 245 246 247 248 249
73 444 74 75 76 78 79 80 81 82 83 84 89 91 93 95 96 97 100 101 102 103 104 106 107 109 110 112 114 117 118 119 120 121 122 125 126 127 130 131 132 133 134 137 138 139 144 145 149 151 152 154 155 156 157 158 160 161 163 168 170 172 173 174 175 176 177 179 181 184 187 188 189 191 192 193 196 197 198 199 201 202 203 204 205 207 208 209 211 212 214 215 218 219 220 221 223 224 225 227 228 229 230 231 232 233 236 237 239 241 242 243 244 245 246 247 248 249
74 251 75 76 78 79 81 82 83 84 93 95 97 100 101 102 104 106 107 112 118 119 120 121 122 130 131 132 137 138 139 149 151 152 154 155 157 158 160 163 168 170 174 175 176 177 181 184 188 189 191 192 196 197 198 199 203 204 205 207 208 211 212 214 215 218 220 221 224 225 227 228 231 232 233 236 237 239 241 242 243 244 245 246 247 248
75 305 76 78 79 80 81 82 83 84 89 91 93 95 96 97 100 101 102 103 104 106 107 109 110 112 114 117 118 119 120 121 122 123 124 125 126 127 128 130 131 132 133 134 135 137 138 139 141 144 145 149 151 152 153 154 155 156 157 158 160 161 162 163 165 168 170 171 172 173 174 175 176 177 179 181 182 184 185 186 187 188 189 191 192 193 194 196 197 198 199 201 202 203 204 205 207 208 209 210 211 212 214 215 216 218 219 220 221 223 224 225 227 228 229 230 231 232 233 236 237 239 241 242 243 244 245 246 247 248 249
76 489 78 79 81 83 84 93 95 97 100 102 104 106 107 112 118 119 121 132 137 138 139 149 151 152 154 155 157 160 163 168 174 175 176 177 181 184 188 192 196 197 199 203 204 205 207 211 212 214 218 220 221 224 225 231 232 236 239 241 242 243 245 246 247
77 254
78 257 79 80 81 82 83 84 89 91 93 95 96 97 100 101 102 103 104 106 107 109 110 112 114 117 118 119 120 121 122 123 124 125 126 127 128 130 131 132 133 134 135 137 138 139 141 144 145 149 151 152 153 154 155 156 157 158 160 161 162 163 164 165 168 170 171 172 173 174 175 176 177 179 181 182 184 185 186 187 188 189 191 192 193 194 196 197 198 199 201 202 203 204 205 207 208 209 210 211 212 213 214 215 216 218 219 220 221 223 224 225 227 228 229 230 231 232 233 236 237 238 239 241 242 243 244 245 246 247 248 249
79 372 81 82 83 84 93 95 97 100 101 102 104 106 107 112 118 119 120 121 122 130 131 132 137 138 139 149 151 152 154 155 157 158 160 163 168 170 174 175 176 177 181 184 188 189 191 192 196 197 198 199 203 204 205 207 208 209 211 212 214 215 218 220 221 224 225 227 228 231 232 233 236 237 239 241 242 243 244 245 246 247 248
80 251 81 84 95 97 100 102 104 106 107 112 119 139 151 152 154 157 160 163 168 174 175 176 177 181 197 203 205 211 212 214 218 220 225 231 232 236 239 241 242 243
81 377 82 83 84 89 91 93 95 96 97 100 101 102 103 104 106 107 109 112 114 117 118 119 120 121 122 125 126 127 130 131 132 133 134 137 138 139 144 149 151 152 154 155 156 157 158 160 161 163 168 170 174 175 176 177 179 181 184 187 188 189 191 192 193 196 197 198 199 201 202 203 204 205 207 208 209 211 212 214 215 218 219 220 221 224 225 227 228 229 230 231 232 233 236 237 239 241 242 243 244 245 246 247 248 249
82 452 83 84 93 95 97 100 102 104 106 107 112 118 119 120 121 132 137 138 139 149 151 152 154 155 157 160 163 168 170 174 175 176 177 181 184 188 189 191 192 196 197 199 203 204 205 207 211 212 214 218 220 221 224 225 231 232 236 239 241 242 243 244 245 246 247
83 257 84 93 95 96 97 100 101 102 103 104 106 107 112 117 118 119 120 121 122 127 130 131 132 133 134 137 138 139 149 151 152 154 155 156 157 158 160 161 163 168 170 174 175 176 177 181 184 188 189 191 192 193 196 197 198 199 201 202 203 204 205 207 208 209 211 212 214 215 218 219 220 221 224 225 227 228 231 232 233 236 237 239 241 242 243 244 245 246 247 248 249
84 291 89 91 93 95 96 97 100 101 102 103 104 106 107 109 110 112 114 117 118 119 120 121 122 123 124 125 126 127 130 131 132 133 134 137 138 139 144 145 149 151 152 153 154 155 156 157 158 160 161 163 165 168 170 171 172 173 174 175 176 177 179 181 182 184 186 187 188 189 191 192 193 196 197 198 199 201 202 203 204 205 207 208 209 210 211 212 214 215 216 218 219 220 221 223 224 225 227 228 229 230 231 232 233 236 237 239 241 242 243 244 245 246 247 248 249
85 428
86 271
87 301
88 422
89 253 95 97 100 102 104 106 107 112 119 139 151 152 154 157 160 163 168 174 175 176 177 181 197 203 205 211 212 214 218 220 225 231 232 236 239 241 242 243
90 325
91 358 93 95 97 100 102 104 106 107 112 119 139 151 152 154 157 160 163 168 174 175 176 177 181 197 203 205 211 212 214 218 220 221 225 231 232 236 239 241 242 243
92 260
93 382 95 96 97 100 101 102 103 104 106 107 112 117 118 119 120 121 122 127 130 131 132 133 134 137 138 139 149 151 152 154 155 156 157 158 160 161 163 168 170 174 175 176 177 181 184 188 189 191 192 193 196 197 198 199 201 202 203 204 205 207 208 209 211 212 214 215 218 219 220 221 224 225 227 228 231 232 233 236 237 239 241 242 243 244 245 246 247 248 249
94 497
95 250 96 97 100 101 102 103 104 106 107 109 110 112 114 117 118 119 120 121 122 123 124 125 126 127 130 131 132 133 134 137 138 139 144 145 149 151 152 153 154 155 156 157 158 160 161 163 165 168 170 171 172 173 174 175 176 177 179 181 182 184 186 187 188 189 191 192 193 196 197 198 199 201 202 203 204 205 207 208 209 211 212 214 215 218 219 220 221 223 224 225 227 228 229 230 231 232 233 236 237 239 241 242 243 244 245 246 247 248 249
96 253 97 100 102 104 106 107 112 119 139 151 152 154 157 160 163 168 174 175 176 177 181 197 203 205 211 212 214 218 220 221 225 231 232 236 239 241 242 243
97 382 100 101 102 103 104 106 107 109 110 112 114 117 118 119 120 121 122 123 124 125 126 127 130 131 132 133 134 137 138 139 144 145 149 151 152 153 154 155 156 157 158 160 161 163 165 168 170 171 172 173 174 175 176 177 179 181 182 184 185 186 187 188 189 191 192 193 196 197 198 199 201 202 203 204 205 207 208 209 210 211 212 214 215 216 218 219 220 221 223 224 225 227 228 229 230 231 232 233 236 237 239 241 242 243 244 245 246 247 248 249
98 306
99 312
100 359 101 102 103 104 106 107 109 110 112 114 115 117 118 119 120 121 122 123 124 125 126 127 128 130 131 132 133 134 135 137 138 139 141 144 145 149 151 152 153 154 155 156 157 158 160 161 162 163 164 165 168 170 171 172 173 174 175 176 177 179 181 182 184 185 186 187 188 189 191 192 193 194 196 197 198 199 201 202 203 204 205 207 208 209 210 211 212 213 214 215 216 218 219 220 221 223 224 225 227 228 229 230 231 232 233 236 237 238 239 241 242 243 244 245 246 247 248 249
101 269 102 104 106 107 112 118 119 121 132 137 138 139 149 151 152 154 155 157 160 163 168 174 175 176 177 181 184 188 191 192 196 197 199 203 204 205 207 211 212 214 218 220 221 224 225 231 232 236 239 241 242 243 244 245 246 247
102 372 103 104 106 107 109 110 112 114 115 117 118 119 120 121 122 123 124 125 126 127 128 130 131 132 133 134 135 137 138 139 141 144 145 149 151 152 153 154 155 156 157 158 160 161 162 163 164 165 168 170 171 172 173 174 175 176 177 179 181 182 184 185 186 187 188 189 191 192 193 194 196 197 198 199 201 202 203 204 205 207 208 209 210 211 212 213 214 215 216 218 219 220 221 223 224 225 227 228 229 230 231 232 233 236 237 238 239 241 242 243 244 245 246 247 248 249
103 409 104 106 107 112 119 139 151 152 154 157 160 163 168 174 175 176 177 181 197 203 205 211 212 214 218 220 221 225 231 232 236 239 241 242 243
104 293 106 107 109 110 112 114 117 118 119 120 121 122 123 124 125 126 127 128 130 131 132 133 134 135 137 138 139 141 144 145 149 151 152 153 154 155 156 157 158 160 161 162 163 164 165 168 170 171 172 173 174 175 176 177 179 181 182 184 185 186 187 188 189 191 192 193 194 196 197 198 199 201 202 203 204 205 207 208 209 210 211 212 213 214 215 216 218 219 220 221 223 224 225 227 228 229 230 231 232 233 236 237 238 239 241 242 243 244 245 246 247 248 249
105 298
106 491 107 109 110 112 114 117 118 119 120 121 122 125 126 127 130 131 132 133 134 137 138 139 144 145 149 151 152 154 155 156 157 158 160 161 163 168 170 172 173 174 175 176 177 179 181 184 187 188 189 191 192 193 196 197 198 199 201 202 203 204 205 207 208 209 211 212 214 215 218 219 220 221 224 225 227 228 229 230 231 232 233 236 237 239 241 242 243 244 245 246 247 248 249
107 252 109 110 112 114 117 118 119 120 121 122 123 124 125 126 127 130 131 132 133 134 137 138 139 144 145 149 151 152 153 154 155 156 157 158 160 161 163 168 170 171 172 173 174 175 176 177 179 181 182 184 187 188 189 191 192 193 196 197 198 199 201 202 203 204 205 207 208 209 211 212 214 215 218 219 220 221 223 224 225 227 228 229 230 231 232 233 236 237 239 241 242 243 244 245 246 247 248 249
108 257
109 434 139 154 157 160 163 168 174 175 176 177 197 203 205 211 212 214 220 225 231 232 236 241 243
110 271 139 154 157 163 168 174 175 176 177 197 203 205 211 212 214 225 231 232 236 241 243
111 295
112 369 114 117 118 119 120 121 122 125 127 130 131 132 133 134 137 138 139 144 149 151 152 154 155 156 157 158 160 161 163 168 170 174 175 176 177 179 181 184 187 188 189 191 192 193 196 197 198 199 201 202 203 204 205 207 208 209 211 212 214 215 218 219 220 221 224 225 227 228 229 230 231 232 233 236 237 239 241 242 243 244 245 246 247 248 249
113 252
114 379 119 139 154 157 160 163 168 174 175 176 177 197 203 205 211 212 214 220 225 231 232 236 239 241 242 243
115 383 154 212
116 288 154 212
117 329 119 139 151 152 154 157 160 163 168 174 175 176 177 181 184 197 203 205 211 212 214 218 220 221 225 231 232 236 239 241 242 243
118 393 119 120 121 131 132 137 138 139 149 151 152 154 155 157 158 160 163 168 170 174 175 176 177 181 184 188 189 191 192 196 197 198 199 203 204 205 207 208 211 212 214 218 220 221 224 225 228 231 232 233 236 237 239 241 242 243 244 245 246 247 248
119 263 120 121 122 125 126 127 130 131 132 133 134 137 138 139 144 149 151 152 154 155 156 157 158 160 161 163 168 170 174 175 176 177 179 181 184 187 188 189 191 192 193 196 197 198 199 201 202 203 204 205 207 208 209 211 212 214 215 218 219 220 221 224 225 227 228 229 230 231 232 233 236 237 239 241 242 243 244 245 246 247 248 249
120 344 121 132 137 138 139 149 151 152 154 155 157 160 163 168 174 175 176 177 181 184 188 191 192 196 197 199 203 204 205 207 211 212 214 218 220 221 224 225 231 232 236 239 241 242 243 244 245 246 247
121 438 122 130 131 132 134 137 138 139 149 151 152 154 155 157 158 160 161 163 168 170 174 175 176 177 181 184 188 189 191 192 193 196 197 198 199 203 204 205 207 208 209 211 212 214 215 218 220 221 224 225 227 228 231 232 233 236 237 239 241 242 243 244 245 246 247 248
122 259 132 137 139 149 151 152 154 155 157 160 163 168 174 175 176 177 181 184 188 196 197 203 204 205 207 211 212 214 218 220 221 225 231 232 236 239 241 242 243 245 247
123 303 139 154 168 174 176 203 211 212 214 232 243
124 451 139 154 168 174 176 203 211 212 214 231 232 243
125 267 139 151 152 154 157 160 163 168 174 175 176 177 181 197 203 205 211 212 214 218 220 225 231 232 236 239 241 242 243
126 282 139 154 157 160 163 168 174 175 176 177 197 203 205 211 212 214 220 225 231 232 236 241 243
127 494 137 139 151 152 154 157 160 163 168 174 175 176 177 181 184 197 203 205 211 212 214 218 220 221 225 231 232 236 239 241 242 243
128 252 139 154 168 176 212 214 232
129 254
130 391 132 137 139 149 151 152 154 155 157 160 163 168 174 175 176 177 181 184 188 196 197 203 204 205 207 211 212 214 218 220 221 225 231 232 236 239 241 242 243 245 247
131 288 132 137 138 139 149 151 152 154 155 157 160 163 168 174 175 176 177 181 184 188 196 197 199 203 204 205 207 211 212 214 218 220 221 224 225 231 232 236 239 241 242 243 245 246 247
132 321 134 137 138 139 149 151 152 154 155 156 157 158 160 161 163 168 170 174 175 176 177 181 184 188 189 191 192 193 196 197 198 199 203 204 205 207 208 209 211 212 214 215 218 219 220 221 224 225 227 228 231 232 233 236 237 239 241 242 243 244 245 246 247 248
133 376 137 139 151 152 154 157 160 163 168 174 175 176 177 181 184 197 203 205 211 212 214 218 220 221 225 231 232 236 239 241 242 243
134 264 137 139 149 151 152 154 157 160 163 168 174 175 176 177 181 184 196 197 203 205 207 211 212 214 218 220 221 225 231 232 236 239 241 242 243 247
135 360 139 154 168 176 212 214 232
136 499
137 250 138 139 149 151 152 154 155 156 157 158 160 161 163 168 170 174 175 176 177 181 184 188 189 191 192 193 196 197 198 199 203 204 205 207 208 209 211 212 214 215 218 219 220 221 224 225 227 228 231 232 233 236 237 239 241 242 243 244 245 246 247 248
138 251 139 149 151 152 154 155 157 158 160 163 168 170 174 175 176 177 181 184 188 189 191 192 196 197 199 203 204 205 207 208 211 212 214 218 220 221 224 225 228 231 232 233 236 237 239 241 242 243 244 245 246 247 248
139 381 141 144 145 149 151 152 153 154 155 156 157 158 160 161 162 163 164 165 168 170 171 172 173 174 175 176 177 179 181 182 184 185 186 187 188 189 191 192 193 194 196 197 198 199 201 202 203 204 205 207 208 209 210 211 212 213 214 215 216 218 219 220 221 223 224 225 227 228 229 230 231 232 233 236 237 238 239 241 242 243 244 245 246 247 248 249
140 255
141 364 154 168 176 212 214 232
142 353
143 311
144 336 154 157 160 163 168 174 175 176 177 197 203 205 211 212 214 220 225 231 232 236 239 241 242 243
145 440 154 157 163 168 174 175 176 177 197 203 205 211 212 214 225 231 232 236 241 243
146 269
147 291
148 457
149 267 151 152 154 155 157 158 160 161 163 168 170 174 175 176 177 181 184 188 189 191 192 193 196 197 198 199 203 204 205 207 208 209 211 212 214 215 218 220 221 224 225 227 228 231 232 233 236 237 239 241 242 243 244 245 246 247 248
150 276
151 452 152 154 155 156 157 158 160 161 163 168 170 174 175 176 177 181 184 187 188 189 191 192 193 196 197 198 199 201 202 203 204 205 207 208 209 211 212 214 215 218 219 220 221 224 225 227 228 231 232 233 236 237 239 241 242 243 244 245 246 247 248 249
152 270 154 155 156 157 158 160 161 163 168 170 174 175 176 177 181 184 187 188 189 191 192 193 196 197 198 199 201 202 203 204 205 207 208 209 211 212 214 215 218 219 220 221 224 225 227 228 231 232 233 236 237 239 241 242 243 244 245 246 247 248 249
153 278 154 168 174 176 203 211 212 214 231 232 243
154 404 155 156 157 158 160 161 162 163 164 165 168 170 171 172 173 174 175 176 177 179 181 182 184 185 186 187 188 189 191 192 193 194 196 197 198 199 201 202 203 204 205 207 208 209 210 211 212 213 214 215 216 218 219 220 221 223 224 225 227 228 229 230 231 232 233 236 237 238 239 241 242 243 244 245 246 247 248 249
155 262 157 158 160 163 168 170 174 175 176 177 181 184 188 189 191 192 196 197 198 199 203 204 205 207 208 211 212 214 215 218 220 221 224 225 227 228 231 232 233 236 237 239 241 242 243 244 245 246 247 248
156 334 157 160 163 168 174 175 176 177 181 184 197 203 205 207 211 212 214 218 220 221 225 231 232 236 239 241 242 243 247
157 398 158 160 161 163 168 170 172 173 174 175 176 177 179 181 184 187 188 189 191 192 193 196 197 198 199 201 202 203 204 205 207 208 209 211 212 214 215 218 219 220 221 223 224 225 227 228 229 230 231 232 233 236 237 239 241 242 243 244 245 246 247 248 249
158 293 160 163 168 174 175 176 177 181 184 188 192 196 197 199 203 204 205 207 211 212 214 218 220 221 224 225 231 232 236 239 241 242 243 245 246 247
159 309
160 360 161 163 168 170 174 175 176 177 179 181 184 187 188 189 191 192 193 196 197 198 199 201 202 203 204 205 207 208 209 211 212 214 215 218 219 220 221 224 225 227 228 229 230 231 232 233 236 237 239 241 242 243 244 245 246 247 248 249
161 279 163 168 174 175 176 177 181 184 196 197 203 205 207 211 212 214 218 220 221 225 231 232 236 239 241 242 243 247
162 361 168 176 212 232
163 425 168 170 172 173 174 175 176 177 179 181 184 187 188 189 191 192 193 196 197 198 199 201 202 203 204 205 207 208 209 211 212 214 215 218 219 220 221 223 224 225 227 228 229 230 231 232 233 236 237 239 241 242 243 244 245 246 247 248 249
164 284 168 176 212 232
165 291 168 174 176 211 212 214 232
166 491
167 251
168 258 170 171 172 173 174 175 176 177 179 181 182 184 185 186 187 188 189 191 192 193 194 196 197 198 199 201 202 203 204 205 207 208 209 210 211 212 213 214 215 216 218 219 220 221 223 224 225 227 228 229 230 231 232 233 236 237 239 241 242 243 244 245 246 247 248 249
169 451
170 272 174 175 176 177 181 184 188 189 191 192 196 197 199 203 204 205 207 211 212 214 218 220 221 224 225 231 232 236 239 241 242 243 244 245 246 247
171 277 174 176 203 211 212 214 232 243
172 446 174 175 176 177 197 203 205 211 212 214 225 231 232 236 241 243
173 276 174 175 176 177 197 203 205 211 212 214 225 231 232 236 241 243
174 278 175 176 177 179 181 182 184 186 187 188 189 191 192 193 196 197 198 199 201 202 203 204 205 207 208 209 210 211 212 214 215 216 218 219 220 221 223 224 225 227 228 229 230 231 232 233 236 237 239 241 242 243 244 245 246 247 248 249
175 497 176 177 179 181 184 187 188 189 191 192 193 196 197 198 199 201 202 203 204 205 207 208 209 211 212 214 215 218 219 220 221 224 225 227 228 229 230 231 232 233 236 237 239 241 242 243 244 245 246 247 248 249
176 250 177 179 181 182 184 185 186 187 188 189 191 192 193 194 196 197 198 199 201 202 203 204 205 207 208 209 210 211 212 213 214 215 216 218 219 220 221 223 224 225 227 228 229 230 231 232 233 236 237 239 241 242 243 244 245 246 247 248 249
177 253 179 181 182 184 187 188 189 191 192 193 196 197 198 199 201 202 203 204 205 207 208 209 211 212 214 215 218 219 220 221 223 224 225 227 228 229 230 231 232 233 236 237 239 241 242 243 244 245 246 247 248 249
178 437
179 254 197 203 205 211 212 214 220 225 231 232 236 239 241 242 243
180 309
181 469 184 187 188 189 191 192 193 196 197 198 199 201 202 203 204 205 207 208 209 211 212 214 215 218 219 220 221 224 225 227 228 231 232 233 236 237 239 241 242 243 244 245 246 247 248 249
182 254 203 211 212 214 231 232 241 243
183 277
184 437 188 189 191 192 193 196 197 198 199 203 204 205 207 208 209 211 212 214 215 218 219 220 221 224 225 227 228 231 232 233 236 237 239 241 242 243 244 245 246 247 248
185 279 212 214 232
186 284 211 212 214 232
187 354 197 203 205 211 212 214 218 220 225 231 232 236 239 241 242 243
188 311 189 191 192 196 197 198 199 203 204 205 207 208 211 212 214 215 218 220 221 224 225 227 228 231 232 233 236 237 239 241 242 243 244 245 246 247 248
189 335 191 192 196 197 199 203 204 205 207 211 212 214 218 220 221 224 225 231 232 236 239 241 242 243 244 245 246 247
190 425
191 250 192 196 197 199 203 204 205 207 211 212 214 218 220 221 224 225 231 232 236 239 241 242 243 244 245 246 247
192 325 196 197 199 203 204 205 207 208 211 212 214 218 220 221 224 225 231 232 233 236 237 239 241 242 243 244 245 246 247 248
193 461 196 197 203 205 207 211 212 214 218 220 221 225 231 232 236 239 241 242 243 247
194 258 212 214 232
195 281 212
196 416 197 198 199 203 204 205 207 208 209 211 212 214 215 218 220 221 224 225 227 228 231 232 233 236 237 239 241 242 243 244 245 246 247 248
197 270 198 199 201 202 203 204 205 207 208 209 211 212 214 215 218 219 220 221 223 224 225 227 228 229 230 231 232 233 236 237 239 241 242 243 244 245 246 247 248 249
198 314 203 204 205 207 211 212 214 218 220 221 224 225 231 232 236 239 241 242 243 245 246 247
199 459 203 204 205 207 208 211 212 214 218 220 221 224 225 228 231 232 233 236 237 239 241 242 243 244 245 246 247 248
200 258
201 283 203 205 211 212 214 218 220 221 225 231 232 236 239 241 242 243
202 400 203 205 211 212 214 218 220 221 225 231 232 236 239 241 242 243
203 271 204 205 207 208 209 211 212 214 215 218 219 220 221 223 224 225 227 228 229 230 231 232 233 236 237 239 241 242 243 244 245 246 247 248 249
204 329 205 207 208 211 212 214 215 218 220 221 224 225 227 228 231 232 233 236 237 239 241 242 243 244 245 246 247 248
205 468 207 208 209 211 212 214 215 218 219 220 221 223 224 225 227 228 229 230 231 232 233 236 237 239 241 242 243 244 245 246 247 248 249
206 250
207 282 208 209 211 212 214 215 218 219 220 221 224 225 227 228 231 232 233 236 237 239 241 242 243 244 245 246 247 248
208 370 211 212 214 218 220 221 224 225 231 232 236 239 241 242 243 245 246 247
209 269 211 212 214 218 220 221 225 231 232 236 239 241 242 243 247
210 361 211 212 214 232
211 422 212 214 215 216 218 219 220 221 223 224 225 227 228 229 230 231 232 233 236 237 239 241 242 243 244 245 246 247 248 249
212 256 213 214 215 216 218 219 220 221 223 224 225 227 228 229 230 231 232 233 236 237 238 239 241 242 243 244 245 246 247 248 249
213 322 232
214 407 215 216 218 219 220 221 223 224 225 227 228 229 230 231 232 233 236 237 239 241 242 243 244 245 246 247 248 249
215 260 218 220 221 225 231 232 236 239 241 242 243 245 247
216 333 232
217 382
218 250 219 220 221 224 225 227 228 231 232 233 236 237 239 241 242 243 244 245 246 247 248 249
219 368 220 221 225 231 232 236 239 241 242 243 247
220 449 221 224 225 227 228 229 230 231 232 233 236 237 239 241 242 243 244 245 246 247 248 249
221 254 224 225 227 228 231 232 233 236 237 239 241 242 243 244 245 246 247 248 249
222 297
223 426 225 231 232 236 241 243
224 258 225 228 231 232 233 236 237 239 241 242 243 244 245 246 247 248
225 316 227 228 229 230 231 232 233 236 237 239 241 242 243 244 245 246 247 248 249
226 464
227 267 231 232 236 239 241 242 243 245 247
228 269 231 232 236 239 241 242 243 245 246 247
229 415 231 232 236 239 241 242 243
230 254 231 232 236 239 241 242 243
231 331 232 233 236 237 239 241 242 243 244 245 246 247 248 249
232 392 233 236 237 239 241 242 243 244 245 246 247 248 249
233 280 236 239 241 242 243 245 246 247
234 328
235 415
236 284 237 239 241 242 243 244 245 246 247 248 249
237 301 239 241 242 243 245 246 247
238 432
239 279 241 242 243 244 245 246 247 248 249
240 289
241 410 242 243 244 245 246 247 248 249
242 267 243 244 245 246 247 248 249
243 323 244 245 246 247 248 249
244 385 245 246 247
245 252 246 247 248
246 363 247 248
247 368 248
248 292
249 340
