250 150
1 81 4 10 11 12 15 19 21 23 26 31 32 34 36 38 40 41 42 44 48 51 52 55 56 58 59 61 62 64 65 67 68 69 70 74 75 76 78 80 83 87 88 89 90 91 92 94 97 98 102 103 106 108 109 110 111 117 118 119 120 125 126 127 128 129 130 132 133 135 136 139 141 142 149 150 151 153 154 158 159 160 162 164 168 169 170 171 172 174 176 178 179 183 184 185 187 189 190 193 194 197 198 201 204 205 207 208 209 211 212 213 217 219 221 222 223 224 225 226 229 233 234 236 239 241 242 245 246 247 248 250
2 41 36 178 197
3 27 10 11 12 15 21 23 26 31 32 34 36 38 40 41 42 44 48 51 52 55 56 59 61 64 65 67 68 70 74 75 76 78 80 83 87 90 91 97 98 102 106 108 109 110 111 117 119 125 126 127 128 130 132 135 136 139 142 151 153 154 158 159 162 168 170 172 174 176 178 179 183 184 187 189 190 193 194 197 198 201 204 205 207 208 211 212 213 219 222 223 224 225 226 233 234 236 239 242 246 248
4 95 5 6 10 11 12 15 19 21 23 26 29 31 32 34 36 38 40 41 42 44 48 50 51 52 55 56 58 59 61 62 64 65 67 68 69 70 74 75 76 78 80 82 83 87 88 89 90 91 92 94 97 98 102 103 105 106 108 109 110 111 115 117 118 119 120 125 126 127 128 129 130 132 133 135 136 139 141 142 146 149 150 151 152 153 154 158 159 160 162 164 166 168 169 170 171 172 174 175 176 178 179 183 184 185 187 189 190 192 193 194 196 197 198 201 204 205 207 208 209 210 211 212 213 217 219 221 222 223 224 225 226 229 230 233 234 236 238 239 240 241 242 245 246 247 248 250
5 46 10 11 12 15 19 21 23 26 31 32 34 36 38 40 41 42 44 48 51 52 55 56 59 61 64 65 67 68 70 74 75 76 78 80 83 87 89 90 91 92 97 98 102 106 108 109 110 111 117 119 125 126 127 128 130 132 133 135 136 139 142 151 153 154 158 159 162 168 170 171 172 174 176 178 179 183 184 185 187 189 190 193 194 197 198 201 204 205 207 208 211 212 213 219 222 223 224 225 226 233 234 236 239 242 245 246 248
6 69 10 11 12 15 19 21 23 26 31 32 34 36 38 40 41 42 44 48 51 52 55 56 59 61 64 65 67 68 70 74 75 76 78 80 83 87 88 89 90 91 92 97 98 102 106 108 109 110 111 117 119 125 126 127 128 130 132 133 135 136 139 142 151 153 154 158 159 162 168 170 171 172 174 176 178 179 183 184 185 187 189 190 193 194 197 198 201 204 205 207 208 211 212 213 219 222 223 224 225 226 233 234 236 239 242 245 246 248
7 45 12 15 23 36 38 41 44 52 67 68 70 74 75 83 90 110 117 125 126 127 128 135 136 142 151 153 154 158 162 168 170 176 178 179 183 184 190 197 198 204 205 208 211 212 219 222 224 225 226 234 239 246
8 39 12 23 36 178 197 224 225
9 32 10 11 12 15 23 36 38 40 41 42 44 51 52 55 56 64 65 67 68 70 74 75 80 83 87 90 91 97 98 108 109 110 111 117 119 125 126 127 128 130 135 136 142 151 153 154 158 162 168 170 172 174 176 178 179 183 184 190 193 197 198 201 204 205 207 208 211 212 213 219 222 223 224 225 226 233 234 239 242 246
10 98 11 12 13 14 15 16 17 19 20 21 23 24 25 26 29 31 32 34 36 37 38 39 40 41 42 44 46 48 49 50 51 52 54 55 56 58 59 61 62 64 65 67 68 69 70 72 74 75 76 77 78 80 82 83 87 88 89 90 91 92 93 94 96 97 98 101 102 103 104 105 106 108 109 110 111 115 116 117 118 119 120 123 124 125 126 127 128 129 130 131 132 133 135 136 137 139 141 142 143 144 146 149 150 151 152 153 154 155 158 159 160 162 164 166 168 169 170 171 172 174 175 176 178 179 183 184 185 187 189 190 192 193 194 196 197 198 199 200 201 203 204 205 206 207 208 209 210 211 212 213 214 217 219 221 222 223 224 225 226 229 230 231 233 234 236 238 239 240 241 242 245 246 247 248 250
11 41 12 13 14 15 16 17 19 20 21 22 23 24 25 26 29 31 32 33 34 35 36 37 38 39 40 41 42 44 46 48 49 50 51 52 54 55 56 57 58 59 60 61 62 64 65 66 67 68 69 70 72 74 75 76 77 78 80 82 83 87 88 89 90 91 92 93 94 96 97 98 101 102 103 104 105 106 108 109 110 111 113 115 116 117 118 119 120 123 124 125 126 127 128 129 130 131 132 133 135 136 137 139 141 142 143 144 146 149 150 151 152 153 154 155 157 158 159 160 162 164 166 168 169 170 171 172 174 175 176 178 179 180 182 183 184 185 187 189 190 192 193 194 196 197 198 199 200 201 203 204 205 206 207 208 209 210 211 212 213 214 216 217 218 219 220 221 222 223 224 225 226 229 230 231 233 234 236 238 239 240 241 242 245 246 247 248 250
12 46 13 14 15 16 17 19 20 21 22 23 24 25 26 27 28 29 30 31 32 33 34 35 36 37 38 39 40 41 42 44 46 47 48 49 50 51 52 53 54 55 56 57 58 59 60 61 62 63 64 65 66 67 68 69 70 71 72 73 74 75 76 77 78 79 80 81 82 83 84 85 86 87 88 89 90 91 92 93 94 95 96 97 98 99 100 101 102 103 104 105 106 107 108 109 110 111 112 113 114 115 116 117 118 119 120 121 122 123 124 125 126 127 128 129 130 131 132 133 134 135 136 137 138 139 140 141 142 143 144 145 146 147 148 149 150 151 152 153 154 155 156 157 158 159 160 161 162 163 164 165 166 167 168 169 170 171 172 173 174 175 176 177 178 179 180 181 182 183 184 185 186 187 188 189 190 191 192 193 194 195 196 197 198 199 200 201 202 203 204 205 206 207 208 209 210 211 212 213 214 215 216 217 218 219 220 221 222 223 224 225 226 227 229 230 231 232 233 234 235 236 238 239 240 241 242 243 244 245 246 247 248 249 250
13 100 15 23 36 38 40 41 42 44 52 55 56 64 65 67 68 70 74 75 80 83 87 90 91 97 98 108 109 110 111 117 119 125 126 127 128 130 135 136 142 151 153 154 158 162 168 170 172 174 176 178 179 183 184 190 193 197 198 201 204 205 207 208 211 212 213 219 222 223 224 225 226 233 234 239 242 246
14 86 15 21 23 26 31 32 34 36 38 40 41 42 44 48 51 52 55 56 59 61 64 65 67 68 70 74 75 76 78 80 83 87 90 91 97 98 102 106 108 109 110 111 117 119 125 126 127 128 130 132 135 136 139 142 151 153 154 158 159 162 168 170 172 174 176 178 179 183 184 187 189 190 193 194 197 198 201 204 205 207 208 211 212 213 219 222 223 224 225 226 233 234 236 239 242 246 248
15 84 16 17 19 20 21 22 23 24 25 26 29 30 31 32 33 34 35 36 37 38 39 40 41 42 44 46 48 49 50 51 52 53 54 55 56 57 58 59 60 61 62 64 65 66 67 68 69 70 72 73 74 75 76 77 78 80 81 82 83 84 86 87 88 89 90 91 92 93 94 95 96 97 98 100 101 102 103 104 105 106 108 109 110 111 112 113 115 116 117 118 119 120 123 124 125 126 127 128 129 130 131 132 133 134 135 136 137 138 139 141 142 143 144 146 147 149 150 151 152 153 154 155 157 158 159 160 162 164 166 167 168 169 170 171 172 174 175 176 178 179 180 182 183 184 185 186 187 188 189 190 192 193 194 196 197 198 199 200 201 203 204 205 206 207 208 209 210 211 212 213 214 215 216 217 218 219 220 221 222 223 224 225 226 229 230 231 233 234 236 238 239 240 241 242 245 246 247 248 250
16 39 19 21 23 26 31 32 34 36 38 40 41 42 44 48 51 52 55 56 59 61 64 65 67 68 70 74 75 76 78 80 83 87 90 91 92 97 98 102 106 108 109 110 111 117 119 125 126 127 128 130 132 133 135 136 139 142 151 153 154 158 159 162 168 170 172 174 176 178 179 183 184 187 189 190 193 194 197 198 201 204 205 207 208 211 212 213 219 222 223 224 225 226 233 234 236 239 242 246 248
17 67 21 23 31 32 34 36 38 40 41 42 44 51 52 55 56 59 64 65 67 68 70 74 75 80 83 87 90 91 97 98 102 108 109 110 111 117 119 125 126 127 128 130 132 135 136 142 151 153 154 158 159 162 168 170 172 174 176 178 179 183 184 187 189 190 193 194 197 198 201 204 205 207 208 211 212 213 219 222 223 224 225 226 233 234 236 239 242 246 248
18 34 36 178 197
19 92 20 21 23 26 29 31 32 34 36 38 40 41 42 44 48 50 51 52 55 56 58 59 61 62 64 65 67 68 69 70 74 75 76 78 80 82 83 87 88 89 90 91 92 94 97 98 101 102 103 105 106 108 109 110 111 115 117 118 119 120 123 125 126 127 128 129 130 132 133 135 136 139 141 142 144 146 149 150 151 152 153 154 158 159 160 162 164 166 168 169 170 171 172 174 175 176 178 179 183 184 185 187 189 190 192 193 194 196 197 198 199 200 201 204 205 207 208 209 210 211 212 213 217 219 221 222 223 224 225 226 229 230 233 234 236 238 239 240 241 242 245 246 247 248 250
20 59 21 23 26 31 32 34 36 38 40 41 42 44 48 51 52 55 56 59 61 64 65 67 68 70 74 75 76 78 80 83 87 90 91 92 97 98 102 106 108 109 110 111 117 119 125 126 127 128 130 132 133 135 136 139 142 151 153 154 158 159 162 168 170 172 174 176 178 179 183 184 187 189 190 193 194 197 198 201 204 205 207 208 211 212 213 219 222 223 224 225 226 233 234 236 239 242 246 248
21 43 23 25 26 29 31 32 34 36 37 38 39 40 41 42 44 46 48 50 51 52 54 55 56 58 59 61 62 64 65 67 68 69 70 72 74 75 76 77 78 80 82 83 87 88 89 90 91 92 93 94 96 97 98 101 102 103 105 106 108 109 110 111 115 117 118 119 120 123 124 125 126 127 128 129 130 131 132 133 135 136 137 139 141 142 143 144 146 149 150 151 152 153 154 155 158 159 160 162 164 166 168 169 170 171 172 174 175 176 178 179 183 184 185 187 189 190 192 193 194 196 197 198 199 200 201 203 204 205 206 207 208 209 210 211 212 213 214 217 219 221 222 223 224 225 226 229 230 231 233 234 236 238 239 240 241 242 245 246 247 248 250
22 21 23 36 38 40 41 44 52 67 68 70 74 75 83 87 90 91 109 110 111 117 125 126 127 128 130 135 136 142 151 153 154 158 162 168 170 176 178 179 183 184 190 193 197 198 201 204 205 207 208 211 212 219 222 223 224 225 226 233 234 239 242 246
23 56 24 25 26 27 28 29 30 31 32 33 34 35 36 37 38 39 40 41 42 44 46 47 48 49 50 51 52 53 54 55 56 57 58 59 60 61 62 63 64 65 66 67 68 69 70 71 72 73 74 75 76 77 78 79 80 81 82 83 84 85 86 87 88 89 90 91 92 93 94 95 96 97 98 99 100 101 102 103 104 105 106 107 108 109 110 111 112 113 114 115 116 117 118 119 120 121 122 123 124 125 126 127 128 129 130 131 132 133 134 135 136 137 138 139 140 141 142 143 144 145 146 147 148 149 150 151 152 153 154 155 156 157 158 159 160 161 162 163 164 165 166 167 168 169 170 171 172 173 174 175 176 177 178 179 180 181 182 183 184 185 186 187 188 189 190 191 192 193 194 195 196 197 198 199 200 201 202 203 204 205 206 207 208 209 210 211 212 213 214 215 216 217 218 219 220 221 222 223 224 225 226 227 229 230 231 232 233 234 235 236 238 239 240 241 242 243 244 245 246 247 248 249 250
24 88 36 38 40 41 42 44 52 55 64 65 67 68 70 74 75 80 83 87 90 91 97 98 108 109 110 111 117 125 126 127 128 130 135 136 142 151 153 154 158 162 168 170 172 174 176 178 179 183 184 190 193 197 198 201 204 205 207 208 211 212 213 219 222 223 224 225 226 233 234 239 242 246
25 26 26 31 32 34 36 38 40 41 42 44 48 51 52 55 56 59 61 64 65 67 68 70 74 75 76 78 80 83 87 90 91 97 98 102 106 108 109 110 111 117 119 125 126 127 128 130 132 133 135 136 139 142 151 153 154 158 159 162 168 170 172 174 176 178 179 183 184 187 189 190 193 194 197 198 201 204 205 207 208 211 212 213 219 222 223 224 225 226 233 234 236 239 242 246 248
26 35 29 31 32 34 36 38 39 40 41 42 44 48 50 51 52 54 55 56 58 59 61 62 64 65 67 68 69 70 72 74 75 76 77 78 80 82 83 87 88 89 90 91 92 94 97 98 101 102 103 105 106 108 109 110 111 115 117 118 119 120 123 125 126 127 128 129 130 132 133 135 136 139 141 142 143 144 146 149 150 151 152 153 154 155 158 159 160 162 164 166 168 169 170 171 172 174 175 176 178 179 183 184 185 187 189 190 192 193 194 196 197 198 199 200 201 204 205 207 208 209 210 211 212 213 217 219 221 222 223 224 225 226 229 230 233 234 236 238 239 240 241 242 245 246 247 248 250
27 51 36 38 117 136 158 170 176 178 197 211 219 224 225
28 22 36 38 41 44 52 67 75 83 90 117 126 127 128 135 136 151 153 154 158 168 170 176 178 179 183 184 197 198 211 212 219 222 224 225 234 239
29 100 31 32 34 36 38 40 41 42 44 48 51 52 55 56 58 59 61 62 64 65 67 68 70 74 75 76 78 80 83 87 88 89 90 91 92 97 98 102 106 108 109 110 111 117 119 120 125 126 127 128 130 132 133 135 136 139 142 149 150 151 153 154 158 159 162 164 168 170 171 172 174 176 178 179 183 184 185 187 189 190 193 194 197 198 201 204 205 207 208 211 212 213 219 221 222 223 224 225 226 233 234 236 239 241 242 245 246 247 248
30 96 36 38 41 44 52 67 68 70 74 75 83 87 90 91 109 110 111 117 125 126 127 128 130 135 136 142 151 153 154 158 162 168 170 176 178 179 183 184 190 193 197 198 204 205 208 211 212 219 222 224 225 226 233 234 239 242 246
31 49 32 34 36 37 38 39 40 41 42 44 48 50 51 52 54 55 56 58 59 61 62 64 65 67 68 69 70 72 74 75 76 77 78 80 82 83 87 88 89 90 91 92 94 96 97 98 101 102 103 105 106 108 109 110 111 115 117 118 119 120 123 124 125 126 127 128 129 130 131 132 133 135 136 139 141 142 143 144 146 149 150 151 152 153 154 155 158 159 160 162 164 166 168 169 170 171 172 174 175 176 178 179 183 184 185 187 189 190 192 193 194 196 197 198 199 200 201 203 204 205 206 207 208 209 210 211 212 213 214 217 219 221 222 223 224 225 226 229 230 233 234 236 238 239 240 241 242 245 246 247 248 250
32 95 34 36 37 38 39 40 41 42 44 46 48 50 51 52 54 55 56 58 59 61 62 64 65 67 68 69 70 72 74 75 76 77 78 80 82 83 87 88 89 90 91 92 93 94 96 97 98 101 102 103 105 106 108 109 110 111 115 117 118 119 120 123 124 125 126 127 128 129 130 131 132 133 135 136 137 139 141 142 143 144 146 149 150 151 152 153 154 155 158 159 160 162 164 166 168 169 170 171 172 174 175 176 178 179 183 184 185 187 189 190 192 193 194 196 197 198 199 200 201 203 204 205 206 207 208 209 210 211 212 213 214 217 219 221 222 223 224 225 226 229 230 231 233 234 236 238 239 240 241 242 245 246 247 248 250
33 38 36 38 40 41 44 52 67 68 70 74 75 83 87 90 91 98 109 110 111 117 125 126 127 128 130 135 136 142 151 153 154 158 162 168 170 174 176 178 179 183 184 190 193 197 198 201 204 205 207 208 211 212 219 222 223 224 225 226 233 234 239 242 246
34 62 36 37 38 39 40 41 42 44 46 48 50 51 52 54 55 56 58 59 61 62 64 65 67 68 69 70 72 74 75 76 77 78 80 82 83 87 88 89 90 91 92 94 96 97 98 101 102 103 105 106 108 109 110 111 115 117 118 119 120 123 124 125 126 127 128 129 130 131 132 133 135 136 137 139 141 142 143 144 146 149 150 151 152 153 154 155 158 159 160 162 164 166 168 169 170 171 172 174 175 176 178 179 183 184 185 187 189 190 192 193 194 196 197 198 199 200 201 203 204 205 206 207 208 209 210 211 212 213 214 217 219 221 222 223 224 225 226 229 230 231 233 234 236 238 239 240 241 242 245 246 247 248 250
35 63 36 38 40 41 44 52 55 67 68 70 74 75 83 87 90 91 98 109 110 111 117 125 126 127 128 130 135 136 142 151 153 154 158 162 168 170 172 174 176 178 179 183 184 190 193 197 198 201 204 205 207 208 211 212 213 219 222 223 224 225 226 233 234 239 242 246
36 97 37 38 39 40 41 42 43 44 45 46 47 48 49 50 51 52 53 54 55 56 57 58 59 60 61 62 63 64 65 66 67 68 69 70 71 72 73 74 75 76 77 78 79 80 81 82 83 84 85 86 87 88 89 90 91 92 93 94 95 96 97 98 99 100 101 102 103 104 105 106 107 108 109 110 111 112 113 114 115 116 117 118 119 120 121 122 123 124 125 126 127 128 129 130 131 132 133 134 135 136 137 138 139 140 141 142 143 144 145 146 147 148 149 150 151 152 153 154 155 156 157 158 159 160 161 162 163 164 165 166 167 168 169 170 171 172 173 174 175 176 177 178 179 180 181 182 183 184 185 186 187 188 189 190 191 192 193 194 195 196 197 198 199 200 201 202 203 204 205 206 207 208 209 210 211 212 213 214 215 216 217 218 219 220 221 222 223 224 225 226 227 229 230 231 232 233 234 235 236 237 238 239 240 241 242 243 244 245 246 247 248 249 250
37 42 38 40 41 42 44 51 52 55 56 59 61 64 65 67 68 70 74 75 76 80 83 87 90 91 97 98 102 108 109 110 111 117 119 125 126 127 128 130 132 135 136 142 151 153 154 158 159 162 168 170 172 174 176 178 179 183 184 187 189 190 193 194 197 198 201 204 205 207 208 211 212 213 219 222 223 224 225 226 233 234 236 239 242 246 248
38 62 39 40 41 42 44 46 47 48 49 50 51 52 53 54 55 56 57 58 59 60 61 62 63 64 65 66 67 68 69 70 71 72 73 74 75 76 77 78 79 80 81 82 83 84 85 86 87 88 89 90 91 92 93 94 95 96 97 98 99 100 101 102 103 104 105 106 107 108 109 110 111 112 113 114 115 116 117 118 119 120 121 122 123 124 125 126 127 128 129 130 131 132 133 134 135 136 137 138 139 140 141 142 143 144 145 146 147 148 149 150 151 152 153 154 155 156 157 158 159 160 161 162 163 164 165 166 167 168 169 170 171 172 173 174 175 176 177 178 179 180 181 182 183 184 185 186 187 188 189 190 191 192 193 194 195 196 197 198 199 200 201 203 204 205 206 207 208 209 210 211 212 213 214 215 216 217 218 219 220 221 222 223 224 225 226 227 229 230 231 232 233 234 235 236 238 239 240 241 242 243 244 245 246 247 248 249 250
39 100 40 41 42 44 48 51 52 55 56 59 61 64 65 67 68 70 74 75 76 80 83 87 90 91 97 98 102 106 108 109 110 111 117 119 125 126 127 128 130 132 135 136 142 151 153 154 158 159 162 168 170 172 174 176 178 179 183 184 187 189 190 193 194 197 198 201 204 205 207 208 211 212 213 219 222 223 224 225 226 233 234 236 239 242 246 248
40 43 41 42 44 46 48 49 50 51 52 54 55 56 57 58 59 60 61 62 64 65 66 67 68 69 70 72 74 75 76 77 78 80 82 83 87 88 89 90 91 92 93 94 96 97 98 101 102 103 104 105 106 108 109 110 111 113 115 116 117 118 119 120 123 124 125 126 127 128 129 130 131 132 133 135 136 137 139 141 142 143 144 146 149 150 151 152 153 154 155 157 158 159 160 162 164 166 168 169 170 171 172 174 175 176 178 179 182 183 184 185 187 189 190 192 193 194 196 197 198 199 200 201 203 204 205 206 207 208 209 210 211 212 213 214 216 217 218 219 220 221 222 223 224 225 226 229 230 231 233 234 236 238 239 240 241 242 245 246 247 248 250
41 44 42 44 46 47 48 49 50 51 52 53 54 55 56 57 58 59 60 61 62 63 64 65 66 67 68 69 70 71 72 73 74 75 76 77 78 80 81 82 83 84 86 87 88 89 90 91 92 93 94 95 96 97 98 100 101 102 103 104 105 106 108 109 110 111 112 113 115 116 117 118 119 120 122 123 124 125 126 127 128 129 130 131 132 133 134 135 136 137 138 139 141 142 143 144 146 147 149 150 151 152 153 154 155 156 157 158 159 160 162 164 165 166 167 168 169 170 171 172 174 175 176 178 179 180 182 183 184 185 186 187 188 189 190 191 192 193 194 196 197 198 199 200 201 203 204 205 206 207 208 209 210 211 212 213 214 215 216 217 218 219 220 221 222 223 224 225 226 229 230 231 233 234 235 236 238 239 240 241 242 243 245 246 247 248 250
42 77 44 46 48 49 50 51 52 54 55 56 58 59 60 61 62 64 65 67 68 69 70 72 74 75 76 77 78 80 82 83 87 88 89 90 91 92 93 94 96 97 98 101 102 103 104 105 106 108 109 110 111 115 116 117 118 119 120 123 124 125 126 127 128 129 130 131 132 133 135 136 137 139 141 142 143 144 146 149 150 151 152 153 154 155 158 159 160 162 164 166 168 169 170 171 172 174 175 176 178 179 183 184 185 187 189 190 192 193 194 196 197 198 199 200 201 203 204 205 206 207 208 209 210 211 212 213 214 217 218 219 221 222 223 224 225 226 229 230 231 233 234 236 238 239 240 241 242 245 246 247 248 250
43 97 178 197
44 94 46 47 48 49 50 51 52 53 54 55 56 57 58 59 60 61 62 63 64 65 66 67 68 69 70 71 72 73 74 75 76 77 78 80 81 82 83 84 86 87 88 89 90 91 92 93 94 95 96 97 98 100 101 102 103 104 105 106 108 109 110 111 112 113 115 116 117 118 119 120 122 123 124 125 126 127 128 129 130 131 132 133 134 135 136 137 138 139 141 142 143 144 146 147 149 150 151 152 153 154 155 156 157 158 159 160 162 164 165 166 167 168 169 170 171 172 174 175 176 178 179 180 182 183 184 185 186 187 188 189 190 191 192 193 194 196 197 198 199 200 201 203 204 205 206 207 208 209 210 211 212 213 214 215 216 217 218 219 220 221 222 223 224 225 226 229 230 231 233 234 235 236 238 239 240 241 242 243 245 246 247 248 250
45 68 178 197
46 23 51 52 55 56 64 65 67 68 70 74 75 80 83 87 90 91 97 98 108 109 110 111 117 119 125 126 127 128 130 132 135 136 142 151 153 154 158 162 168 170 172 174 176 178 179 183 184 187 190 193 197 198 201 204 205 207 208 211 212 213 219 222 223 224 225 226 233 234 239 242 246 248
47 50 52 67 75 83 90 117 125 126 127 128 135 136 151 153 154 158 168 170 176 178 179 183 184 197 198 204 211 212 219 222 224 225 234 239
48 36 50 51 52 54 55 56 58 59 61 62 64 65 67 68 69 70 72 74 75 76 77 78 80 82 83 87 88 89 90 91 92 94 97 98 101 102 103 105 106 108 109 110 111 115 117 118 119 120 123 125 126 127 128 129 130 132 133 135 136 139 141 142 143 144 146 149 150 151 152 153 154 155 158 159 160 162 164 166 168 169 170 171 172 174 175 176 178 179 183 184 185 187 189 190 192 193 194 196 197 198 199 200 201 204 205 207 208 209 210 211 212 213 217 219 221 222 223 224 225 226 229 230 233 234 236 238 239 240 241 242 245 246 247 248 250
49 89 52 55 56 64 65 67 68 70 74 75 80 83 87 90 91 97 98 108 109 110 111 117 119 125 126 127 128 130 135 136 142 151 153 154 158 162 168 170 172 174 176 178 179 183 184 190 193 197 198 201 204 205 207 208 211 212 213 219 222 223 224 225 226 233 234 239 242 246
50 58 51 52 55 56 58 59 61 62 64 65 67 68 70 74 75 76 78 80 83 87 88 89 90 91 92 97 98 102 106 108 109 110 111 117 119 120 125 126 127 128 130 132 133 135 136 139 142 149 151 153 154 158 159 162 164 168 170 171 172 174 176 178 179 183 184 185 187 189 190 193 194 197 198 201 204 205 207 208 211 212 213 219 222 223 224 225 226 233 234 236 239 242 245 246 247 248
51 97 52 54 55 56 58 59 61 62 64 65 67 68 69 70 72 74 75 76 77 78 80 82 83 87 88 89 90 91 92 93 94 96 97 98 101 102 103 105 106 108 109 110 111 115 117 118 119 120 123 124 125 126 127 128 129 130 131 132 133 135 136 137 139 141 142 143 144 146 149 150 151 152 153 154 155 158 159 160 162 164 166 168 169 170 171 172 174 175 176 178 179 183 184 185 187 189 190 192 193 194 196 197 198 199 200 201 203 204 205 206 207 208 209 210 211 212 213 214 217 219 221 222 223 224 225 226 229 230 231 233 234 236 238 239 240 241 242 245 246 247 248 250
52 27 53 54 55 56 57 58 59 60 61 62 63 64 65 66 67 68 69 70 71 72 73 74 75 76 77 78 80 81 82 83 84 86 87 88 89 90 91 92 93 94 95 96 97 98 100 101 102 103 104 105 106 108 109 110 111 112 113 115 116 117 118 119 120 122 123 124 125 126 127 128 129 130 131 132 133 134 135 136 137 138 139 141 142 143 144 146 147 148 149 150 151 152 153 154 155 156 157 158 159 160 162 164 165 166 167 168 169 170 171 172 174 175 176 178 179 180 182 183 184 185 186 187 188 189 190 191 192 193 194 196 197 198 199 200 201 203 204 205 206 207 208 209 210 211 212 213 214 215 216 217 218 219 220 221 222 223 224 225 226 229 230 231 233 234 235 236 238 239 240 241 242 243 245 246 247 248 250
53 64 67 68 70 74 75 83 90 110 117 125 126 127 128 135 136 142 151 153 154 158 162 168 170 176 178 179 183 184 190 197 198 204 205 208 211 212 219 222 224 225 226 234 239 246
54 65 55 56 59 61 64 65 67 68 70 74 75 76 78 80 83 87 90 91 97 98 102 106 108 109 110 111 117 119 125 126 127 128 130 132 133 135 136 139 142 151 153 154 158 159 162 168 170 172 174 176 178 179 183 184 187 189 190 193 194 197 198 201 204 205 207 208 211 212 213 219 222 223 224 225 226 233 234 236 239 242 246 248
55 54 56 58 59 60 61 62 64 65 66 67 68 69 70 72 74 75 76 77 78 80 82 83 87 88 89 90 91 92 93 94 96 97 98 101 102 103 104 105 106 108 109 110 111 113 115 116 117 118 119 120 123 124 125 126 127 128 129 130 131 132 133 135 136 137 139 141 142 143 144 146 149 150 151 152 153 154 155 157 158 159 160 162 164 166 168 169 170 171 172 174 175 176 178 179 183 184 185 187 189 190 192 193 194 196 197 198 199 200 201 203 204 205 206 207 208 209 210 211 212 213 214 217 218 219 221 222 223 224 225 226 229 230 231 233 234 236 238 239 240 241 242 245 246 247 248 250
56 58 58 59 61 62 64 65 67 68 69 70 72 74 75 76 77 78 80 82 83 87 88 89 90 91 92 93 94 96 97 98 101 102 103 105 106 108 109 110 111 115 116 117 118 119 120 123 124 125 126 127 128 129 130 131 132 133 135 136 137 139 141 142 143 144 146 149 150 151 152 153 154 155 158 159 160 162 164 166 168 169 170 171 172 174 175 176 178 179 183 184 185 187 189 190 192 193 194 196 197 198 199 200 201 203 204 205 206 207 208 209 210 211 212 213 214 217 219 221 222 223 224 225 226 229 230 231 233 234 236 238 239 240 241 242 245 246 247 248 250
57 24 67 68 70 74 75 83 87 90 91 98 109 110 111 117 125 126 127 128 130 135 136 142 151 153 154 158 162 168 170 172 174 176 178 179 183 184 190 193 197 198 201 204 205 207 208 211 212 213 219 222 223 224 225 226 233 234 239 242 246
58 35 59 61 62 64 65 67 68 69 70 74 75 76 78 80 83 87 88 89 90 91 92 94 97 98 102 103 106 108 109 110 111 117 118 119 120 125 126 127 128 129 130 132 133 135 136 139 141 142 149 150 151 153 154 158 159 160 162 164 168 169 170 171 172 174 176 178 179 183 184 185 187 189 190 193 194 197 198 201 204 205 207 208 209 211 212 213 217 219 221 222 223 224 225 226 229 230 233 234 236 239 241 242 245 246 247 248 250
59 33 61 62 64 65 67 68 69 70 72 74 75 76 77 78 80 82 83 87 88 89 90 91 92 94 97 98 101 102 103 105 106 108 109 110 111 115 117 118 119 120 123 124 125 126 127 128 129 130 131 132 133 135 136 139 141 142 143 144 146 149 150 151 152 153 154 155 158 159 160 162 164 166 168 169 170 171 172 174 175 176 178 179 183 184 185 187 189 190 192 193 194 196 197 198 199 200 201 203 204 205 207 208 209 210 211 212 213 214 217 219 221 222 223 224 225 226 229 230 233 234 236 238 239 240 241 242 245 246 247 248 250
60 63 64 65 67 68 70 74 75 83 87 90 91 97 98 109 110 111 117 125 126 127 128 130 135 136 142 151 153 154 158 162 168 170 172 174 176 178 179 183 184 190 193 197 198 201 204 205 207 208 211 212 213 219 222 223 224 225 226 233 234 239 242 246
61 32 62 64 65 67 68 69 70 72 74 75 76 77 78 80 82 83 87 88 89 90 91 92 94 97 98 101 102 103 105 106 108 109 110 111 115 117 118 119 120 123 124 125 126 127 128 129 130 131 132 133 135 136 139 141 142 143 144 146 149 150 151 152 153 154 155 158 159 160 162 164 166 168 169 170 171 172 174 175 176 178 179 183 184 185 187 189 190 192 193 194 196 197 198 199 200 201 204 205 207 208 209 210 211 212 213 214 217 219 221 222 223 224 225 226 229 230 233 234 236 238 239 240 241 242 245 246 247 248 250
62 50 64 65 67 68 69 70 74 75 76 78 80 83 87 88 89 90 91 92 94 97 98 102 103 106 108 109 110 111 117 118 119 120 125 126 127 128 129 130 132 133 135 136 139 141 142 149 150 151 153 154 158 159 160 162 164 168 169 170 171 172 174 176 178 179 183 184 185 187 189 190 193 194 197 198 201 204 205 207 208 209 211 212 213 217 219 221 222 223 224 225 226 229 230 233 234 236 239 240 241 242 245 246 247 248 250
63 58 83 117 126 127 128 135 136 151 153 154 158 168 170 176 178 184 197 198 211 212 219 222 224 225
64 90 65 67 68 69 70 72 74 75 76 77 78 80 82 83 87 88 89 90 91 92 93 94 96 97 98 101 102 103 104 105 106 108 109 110 111 113 115 116 117 118 119 120 123 124 125 126 127 128 129 130 131 132 133 135 136 137 139 141 142 143 144 146 149 150 151 152 153 154 155 157 158 159 160 162 164 166 168 169 170 171 172 174 175 176 178 179 183 184 185 187 189 190 192 193 194 196 197 198 199 200 201 203 204 205 206 207 208 209 210 211 212 213 214 217 218 219 221 222 223 224 225 226 229 230 231 233 234 236 238 239 240 241 242 245 246 247 248 250
65 44 67 68 69 70 72 74 75 76 77 78 80 82 83 87 88 89 90 91 92 93 94 96 97 98 101 102 103 104 105 106 108 109 110 111 115 116 117 118 119 120 123 124 125 126 127 128 129 130 131 132 133 135 136 137 139 141 142 143 144 146 149 150 151 152 153 154 155 158 159 160 162 164 166 168 169 170 171 172 174 175 176 178 179 183 184 185 187 189 190 192 193 194 196 197 198 199 200 201 203 204 205 206 207 208 209 210 211 212 213 214 217 218 219 221 222 223 224 225 226 229 230 231 233 234 236 238 239 240 241 242 245 246 247 248 250
66 50 67 68 70 74 75 83 87 90 91 98 109 110 111 117 125 126 127 128 130 135 136 142 151 153 154 158 162 168 170 172 174 176 178 179 183 184 190 193 197 198 201 204 205 207 208 211 212 213 219 222 223 224 225 226 233 234 239 242 246
67 48 68 69 70 72 73 74 75 76 77 78 80 81 82 83 84 86 87 88 89 90 91 92 93 94 95 96 97 98 100 101 102 103 104 105 106 108 109 110 111 112 113 115 116 117 118 119 120 123 124 125 126 127 128 129 130 131 132 133 134 135 136 137 138 139 141 142 143 144 146 147 149 150 151 152 153 154 155 156 157 158 159 160 162 164 166 167 168 169 170 171 172 174 175 176 178 179 180 182 183 184 185 186 187 188 189 190 191 192 193 194 196 197 198 199 200 201 203 204 205 206 207 208 209 210 211 212 213 214 215 216 217 218 219 220 221 222 223 224 225 226 229 230 231 233 234 236 238 239 240 241 242 245 246 247 248 250
68 21 69 70 72 73 74 75 76 77 78 80 81 82 83 84 86 87 88 89 90 91 92 93 94 95 96 97 98 100 101 102 103 104 105 106 108 109 110 111 112 113 115 116 117 118 119 120 123 124 125 126 127 128 129 130 131 132 133 134 135 136 137 138 139 141 142 143 144 146 147 149 150 151 152 153 154 155 157 158 159 160 162 164 166 167 168 169 170 171 172 174 175 176 178 179 180 182 183 184 185 186 187 188 189 190 192 193 194 196 197 198 199 200 201 203 204 205 206 207 208 209 210 211 212 213 214 215 216 217 218 219 220 221 222 223 224 225 226 229 230 231 233 234 236 238 239 240 241 242 245 246 247 248 250
69 72 70 74 75 76 78 80 83 87 88 89 90 91 92 97 98 102 103 106 108 109 110 111 117 119 120 125 126 127 128 130 132 133 135 136 139 142 149 150 151 153 154 158 159 162 164 168 170 171 172 174 176 178 179 183 184 185 187 189 190 193 194 197 198 201 204 205 207 208 211 212 213 219 221 222 223 224 225 226 233 234 236 239 241 242 245 246 247 248
70 75 72 73 74 75 76 77 78 80 81 82 83 84 86 87 88 89 90 91 92 93 94 95 96 97 98 100 101 102 103 104 105 106 108 109 110 111 112 113 115 116 117 118 119 120 123 124 125 126 127 128 129 130 131 132 133 134 135 136 137 138 139 141 142 143 144 146 147 149 150 151 152 153 154 155 156 157 158 159 160 162 164 166 167 168 169 170 171 172 174 175 176 178 179 180 182 183 184 185 186 187 188 189 190 192 193 194 196 197 198 199 200 201 203 204 205 206 207 208 209 210 211 212 213 214 215 216 217 218 219 220 221 222 223 224 225 226 229 230 231 233 234 236 238 239 240 241 242 245 246 247 248 250
71 21 83 117 126 127 128 135 136 151 153 154 158 168 170 176 178 184 197 198 211 212 219 222 224 225
72 74 74 75 76 78 80 83 87 90 91 97 98 102 106 108 109 110 111 117 119 125 126 127 128 130 132 135 136 139 142 151 153 154 158 159 162 168 170 172 174 176 178 179 183 184 187 189 190 193 194 197 198 201 204 205 207 208 211 212 213 219 222 223 224 225 226 233 234 236 239 242 246 248
73 28 74 75 83 90 109 110 111 117 125 126 127 128 135 136 142 151 153 154 158 162 168 170 176 178 179 183 184 190 193 197 198 204 205 208 211 212 219 222 224 225 226 234 239 246
74 95 75 76 77 78 80 81 82 83 84 86 87 88 89 90 91 92 93 94 95 96 97 98 100 101 102 103 104 105 106 108 109 110 111 112 113 115 116 117 118 119 120 123 124 125 126 127 128 129 130 131 132 133 134 135 136 137 138 139 141 142 143 144 146 147 149 150 151 152 153 154 155 157 158 159 160 162 164 166 168 169 170 171 172 174 175 176 178 179 180 182 183 184 185 186 187 189 190 192 193 194 196 197 198 199 200 201 203 204 205 206 207 208 209 210 211 212 213 214 215 216 217 218 219 220 221 222 223 224 225 226 229 230 231 233 234 236 238 239 240 241 242 245 246 247 248 250
75 77 76 77 78 80 81 82 83 84 86 87 88 89 90 91 92 93 94 95 96 97 98 100 101 102 103 104 105 106 108 109 110 111 112 113 115 116 117 118 119 120 122 123 124 125 126 127 128 129 130 131 132 133 134 135 136 137 138 139 141 142 143 144 146 147 149 150 151 152 153 154 155 156 157 158 159 160 162 164 166 167 168 169 170 171 172 174 175 176 178 179 180 182 183 184 185 186 187 188 189 190 191 192 193 194 196 197 198 199 200 201 203 204 205 206 207 208 209 210 211 212 213 214 215 216 217 218 219 220 221 222 223 224 225 226 229 230 231 233 234 235 236 238 239 240 241 242 245 246 247 248 250
76 69 77 78 80 82 83 87 88 89 90 91 92 94 97 98 101 102 103 105 106 108 109 110 111 115 117 118 119 120 123 124 125 126 127 128 129 130 131 132 133 135 136 139 141 142 143 144 146 149 150 151 152 153 154 155 158 159 160 162 164 166 168 169 170 171 172 174 175 176 178 179 183 184 185 187 189 190 192 193 194 196 197 198 199 200 201 204 205 207 208 209 210 211 212 213 214 217 219 221 222 223 224 225 226 229 230 233 234 236 238 239 240 241 242 245 246 247 248 250
77 96 78 80 83 87 90 91 97 98 102 106 108 109 110 111 117 119 125 126 127 128 130 132 133 135 136 139 142 151 153 154 158 159 162 168 170 172 174 176 178 179 183 184 187 189 190 193 194 197 198 201 204 205 207 208 211 212 213 219 222 223 224 225 226 233 234 236 239 242 246 248
78 24 80 82 83 87 88 89 90 91 92 94 97 98 101 102 103 105 106 108 109 110 111 115 117 118 119 120 123 125 126 127 128 129 130 132 133 135 136 139 141 142 143 144 146 149 150 151 152 153 154 155 158 159 160 162 164 166 168 169 170 171 172 174 175 176 178 179 183 184 185 187 189 190 192 193 194 196 197 198 199 200 201 204 205 207 208 209 210 211 212 213 217 219 221 222 223 224 225 226 229 230 233 234 236 238 239 240 241 242 245 246 247 248 250
79 57 117 128 136 158 170 176 178 197 211 212 219 224 225
80 85 82 83 87 88 89 90 91 92 93 94 96 97 98 101 102 103 104 105 106 108 109 110 111 115 116 117 118 119 120 123 124 125 126 127 128 129 130 131 132 133 135 136 137 139 141 142 143 144 146 149 150 151 152 153 154 155 158 159 160 162 164 166 168 169 170 171 172 174 175 176 178 179 183 184 185 187 189 190 192 193 194 196 197 198 199 200 201 203 204 205 206 207 208 209 210 211 212 213 214 217 219 221 222 223 224 225 226 229 230 231 233 234 236 238 239 240 241 242 245 246 247 248 250
81 72 83 90 91 109 110 111 117 125 126 127 128 130 135 136 142 151 153 154 158 162 168 170 176 178 179 183 184 190 193 197 198 204 205 208 211 212 219 222 224 225 226 233 234 239 246
82 96 83 87 90 91 92 97 98 102 106 108 109 110 111 117 119 125 126 127 128 130 132 133 135 136 139 142 151 153 154 158 159 162 168 170 171 172 174 176 178 179 183 184 185 187 189 190 193 194 197 198 201 204 205 207 208 211 212 213 219 222 223 224 225 226 233 234 236 239 242 246 248
83 50 84 86 87 88 89 90 91 92 93 94 95 96 97 98 99 100 101 102 103 104 105 106 107 108 109 110 111 112 113 114 115 116 117 118 119 120 121 122 123 124 125 126 127 128 129 130 131 132 133 134 135 136 137 138 139 140 141 142 143 144 145 146 147 148 149 150 151 152 153 154 155 156 157 158 159 160 161 162 164 165 166 167 168 169 170 171 172 174 175 176 178 179 180 181 182 183 184 185 186 187 188 189 190 191 192 193 194 196 197 198 199 200 201 203 204 205 206 207 208 209 210 211 212 213 214 215 216 217 218 219 220 221 222 223 224 225 226 227 229 230 231 232 233 234 235 236 238 239 240 241 242 243 245 246 247 248 249 250
84 83 87 90 91 109 110 111 117 125 126 127 128 130 135 136 142 151 153 154 158 162 168 170 176 178 179 183 184 190 193 197 198 204 205 208 211 212 219 222 223 224 225 226 233 234 239 242 246
85 65 117 128 136 158 170 176 178 197 211 212 219 224 225
86 62 90 91 109 110 111 117 125 126 127 128 130 135 136 142 151 153 154 158 162 168 170 176 178 179 183 184 190 193 197 198 204 205 208 211 212 219 222 224 225 226 233 234 239 242 246
87 99 88 89 90 91 92 93 94 96 97 98 101 102 103 104 105 106 108 109 110 111 113 115 116 117 118 119 120 123 124 125 126 127 128 129 130 131 132 133 135 136 137 139 141 142 143 144 146 149 150 151 152 153 154 155 157 158 159 160 162 164 166 168 169 170 171 172 174 175 176 178 179 180 182 183 184 185 187 189 190 192 193 194 196 197 198 199 200 201 203 204 205 206 207 208 209 210 211 212 213 214 216 217 218 219 220 221 222 223 224 225 226 229 230 231 233 234 236 238 239 240 241 242 245 246 247 248 250
88 93 89 90 91 92 94 97 98 102 103 106 108 109 110 111 117 118 119 120 125 126 127 128 129 130 132 133 135 136 139 141 142 149 150 151 153 154 158 159 160 162 164 168 169 170 171 172 174 176 178 179 183 184 185 187 189 190 193 194 197 198 201 204 205 207 208 209 210 211 212 213 217 219 221 222 223 224 225 226 229 230 233 234 236 239 240 241 242 245 246 247 248 250
89 23 90 91 92 94 97 98 102 103 105 106 108 109 110 111 115 117 118 119 120 125 126 127 128 129 130 132 133 135 136 139 141 142 146 149 150 151 152 153 154 158 159 160 162 164 166 168 169 170 171 172 174 175 176 178 179 183 184 185 187 189 190 192 193 194 196 197 198 201 204 205 207 208 209 210 211 212 213 217 219 221 222 223 224 225 226 229 230 233 234 236 238 239 240 241 242 245 246 247 248 250
90 77 91 92 93 94 95 96 97 98 100 101 102 103 104 105 106 108 109 110 111 112 113 115 116 117 118 119 120 122 123 124 125 126 127 128 129 130 131 132 133 134 135 136 137 138 139 141 142 143 144 146 147 149 150 151 152 153 154 155 156 157 158 159 160 162 164 166 167 168 169 170 171 172 174 175 176 178 179 180 182 183 184 185 186 187 188 189 190 191 192 193 194 196 197 198 199 200 201 203 204 205 206 207 208 209 210 211 212 213 214 215 216 217 218 219 220 221 222 223 224 225 226 229 230 231 233 234 236 238 239 240 241 242 245 246 247 248 250
91 94 92 93 94 96 97 98 101 102 103 104 105 106 108 109 110 111 112 113 115 116 117 118 119 120 123 124 125 126 127 128 129 130 131 132 133 135 136 137 138 139 141 142 143 144 146 149 150 151 152 153 154 155 157 158 159 160 162 164 166 168 169 170 171 172 174 175 176 178 179 180 182 183 184 185 186 187 189 190 192 193 194 196 197 198 199 200 201 203 204 205 206 207 208 209 210 211 212 213 214 216 217 218 219 220 221 222 223 224 225 226 229 230 231 233 234 236 238 239 240 241 242 245 246 247 248 250
92 31 94 97 98 101 102 103 105 106 108 109 110 111 115 117 118 119 120 125 126 127 128 129 130 132 133 135 136 139 141 142 144 146 149 150 151 152 153 154 158 159 160 162 164 166 168 169 170 171 172 174 175 176 178 179 183 184 185 187 189 190 192 193 194 196 197 198 199 200 201 204 205 207 208 209 210 211 212 213 217 219 221 222 223 224 225 226 229 230 233 234 236 238 239 240 241 242 245 246 247 248 250
93 50 97 98 108 109 110 111 117 119 125 126 127 128 130 135 136 142 151 153 154 158 162 168 170 172 174 176 178 179 183 184 187 190 193 197 198 201 204 205 207 208 211 212 213 219 222 223 224 225 226 233 234 239 242 246 248
94 33 97 98 102 103 106 108 109 110 111 117 119 120 125 126 127 128 130 132 133 135 136 139 141 142 149 150 151 153 154 158 159 160 162 164 168 170 171 172 174 176 178 179 183 184 185 187 189 190 193 194 197 198 201 204 205 207 208 211 212 213 219 221 222 223 224 225 226 233 234 236 239 241 242 245 246 247 248 250
95 79 110 117 125 126 127 128 135 136 142 151 153 154 158 162 168 170 176 178 179 183 184 190 197 198 204 205 208 211 212 219 222 224 225 226 234 239 246
96 73 97 98 108 109 110 111 117 119 125 126 127 128 130 132 135 136 142 151 153 154 158 159 162 168 170 172 174 176 178 179 183 184 187 190 193 197 198 201 204 205 207 208 211 212 213 219 222 223 224 225 226 233 234 236 239 242 246 248
97 23 98 101 102 103 104 105 106 108 109 110 111 115 116 117 118 119 120 123 124 125 126 127 128 129 130 131 132 133 135 136 137 139 141 142 143 144 146 149 150 151 152 153 154 155 158 159 160 162 164 166 168 169 170 171 172 174 175 176 178 179 183 184 185 187 189 190 192 193 194 196 197 198 199 200 201 203 204 205 206 207 208 209 210 211 212 213 214 217 218 219 221 222 223 224 225 226 229 230 231 233 234 236 238 239 240 241 242 245 246 247 248 250
98 55 101 102 103 104 105 106 108 109 110 111 113 115 116 117 118 119 120 123 124 125 126 127 128 129 130 131 132 133 135 136 137 139 141 142 143 144 146 149 150 151 152 153 154 155 157 158 159 160 162 164 166 168 169 170 171 172 174 175 176 178 179 182 183 184 185 187 189 190 192 193 194 196 197 198 199 200 201 203 204 205 206 207 208 209 210 211 212 213 214 216 217 218 219 220 221 222 223 224 225 226 229 230 231 233 234 236 238 239 240 241 242 245 246 247 248 250
99 44 117 126 128 136 151 153 154 158 168 170 176 178 184 197 198 211 212 219 222 224 225
100 78 109 110 111 117 125 126 127 128 135 136 142 151 153 154 158 162 168 170 176 178 179 183 184 190 193 197 198 204 205 208 211 212 219 222 224 225 226 234 239 246
101 84 102 106 108 109 110 111 117 119 125 126 127 128 130 132 133 135 136 139 142 151 153 154 158 159 162 168 170 172 174 176 178 179 183 184 187 189 190 193 194 197 198 201 204 205 207 208 211 212 213 219 222 223 224 225 226 233 234 236 239 242 246 248
102 66 103 105 106 108 109 110 111 115 117 118 119 120 123 124 125 126 127 128 129 130 131 132 133 135 136 139 141 142 143 144 146 149 150 151 152 153 154 155 158 159 160 162 164 166 168 169 170 171 172 174 175 176 178 179 183 184 185 187 189 190 192 193 194 196 197 198 199 200 201 203 204 205 207 208 209 210 211 212 213 214 217 219 221 222 223 224 225 226 229 230 233 234 236 238 239 240 241 242 245 246 247 248 250
103 31 106 108 109 110 111 117 118 119 120 125 126 127 128 130 132 133 135 136 139 141 142 149 150 151 153 154 158 159 160 162 164 168 169 170 171 172 174 176 178 179 183 184 185 187 189 190 193 194 197 198 201 204 205 207 208 209 211 212 213 217 219 221 222 223 224 225 226 233 234 236 239 241 242 245 246 247 248 250
104 59 108 109 110 111 117 125 126 127 128 130 135 136 142 151 153 154 158 162 168 170 172 174 176 178 179 183 184 190 193 197 198 201 204 205 207 208 211 212 213 219 222 223 224 225 226 233 234 239 242 246
105 97 106 108 109 110 111 117 119 125 126 127 128 130 132 133 135 136 139 142 151 153 154 158 159 162 168 170 171 172 174 176 178 179 183 184 185 187 189 190 193 194 197 198 201 204 205 207 208 211 212 213 219 222 223 224 225 226 233 234 236 239 242 245 246 248
106 95 108 109 110 111 115 117 118 119 120 123 125 126 127 128 129 130 131 132 133 135 136 139 141 142 143 144 146 149 150 151 152 153 154 155 158 159 160 162 164 166 168 169 170 171 172 174 175 176 178 179 183 184 185 187 189 190 192 193 194 196 197 198 199 200 201 204 205 207 208 209 210 211 212 213 217 219 221 222 223 224 225 226 229 230 233 234 236 238 239 240 241 242 245 246 247 248 250
107 22 117 128 136 151 153 154 158 170 176 178 184 197 198 211 212 219 222 224 225
108 76 109 110 111 115 116 117 118 119 120 123 124 125 126 127 128 129 130 131 132 133 135 136 137 139 141 142 143 144 146 149 150 151 152 153 154 155 158 159 160 162 164 166 168 169 170 171 172 174 175 176 178 179 183 184 185 187 189 190 192 193 194 196 197 198 199 200 201 203 204 205 206 207 208 209 210 211 212 213 214 217 219 221 222 223 224 225 226 229 230 231 233 234 236 238 239 240 241 242 245 246 247 248 250
109 90 110 111 112 113 115 116 117 118 119 120 123 124 125 126 127 128 129 130 131 132 133 135 136 137 138 139 141 142 143 144 146 149 150 151 152 153 154 155 157 158 159 160 162 164 166 168 169 170 171 172 174 175 176 178 179 180 182 183 184 185 186 187 189 190 192 193 194 196 197 198 199 200 201 203 204 205 206 207 208 209 210 211 212 213 214 216 217 218 219 220 221 222 223 224 225 226 229 230 231 233 234 236 238 239 240 241 242 245 246 247 248 250
110 66 111 112 113 115 116 117 118 119 120 123 124 125 126 127 128 129 130 131 132 133 134 135 136 137 138 139 141 142 143 144 146 147 149 150 151 152 153 154 155 157 158 159 160 162 164 166 168 169 170 171 172 174 175 176 178 179 180 182 183 184 185 186 187 189 190 192 193 194 196 197 198 199 200 201 203 204 205 206 207 208 209 210 211 212 213 214 216 217 218 219 220 221 222 223 224 225 226 229 230 231 233 234 236 238 239 240 241 242 245 246 247 248 250
111 29 112 113 115 116 117 118 119 120 123 124 125 126 127 128 129 130 131 132 133 135 136 137 138 139 141 142 143 144 146 149 150 151 152 153 154 155 157 158 159 160 162 164 166 168 169 170 171 172 174 175 176 178 179 180 182 183 184 185 186 187 189 190 192 193 194 196 197 198 199 200 201 203 204 205 206 207 208 209 210 211 212 213 214 216 217 218 219 220 221 222 223 224 225 226 229 230 231 233 234 236 238 239 240 241 242 245 246 247 248 250
112 100 117 125 126 127 128 130 135 136 142 151 153 154 158 162 168 170 176 178 179 183 184 190 193 197 198 204 205 208 211 212 219 222 224 225 226 233 234 239 246
113 90 117 125 126 127 128 130 135 136 142 151 153 154 158 162 168 170 172 174 176 178 179 183 184 190 193 197 198 201 204 205 207 208 211 212 213 219 222 223 224 225 226 233 234 239 242 246
114 92 117 128 136 158 170 176 178 197 198 211 212 219 222 224 225
115 50 117 119 125 126 127 128 130 132 133 135 136 139 142 151 153 154 158 159 162 168 170 171 172 174 176 178 179 183 184 185 187 189 190 193 194 197 198 201 204 205 207 208 211 212 213 219 222 223 224 225 226 233 234 236 239 242 245 246 248
116 49 117 119 125 126 127 128 130 135 136 142 151 153 154 158 162 168 170 172 174 176 178 179 183 184 190 193 197 198 201 204 205 207 208 211 212 213 219 222 223 224 225 226 233 234 239 242 246
117 47 118 119 120 121 122 123 124 125 126 127 128 129 130 131 132 133 134 135 136 137 138 139 140 141 142 143 144 145 146 147 148 149 150 151 152 153 154 155 156 157 158 159 160 161 162 164 165 166 167 168 169 170 171 172 174 175 176 177 178 179 180 181 182 183 184 185 186 187 188 189 190 191 192 193 194 196 197 198 199 200 201 203 204 205 206 207 208 209 210 211 212 213 214 215 216 217 218 219 220 221 222 223 224 225 226 227 229 230 231 232 233 234 235 236 238 239 240 241 242 243 244 245 246 247 248 249 250
118 43 119 120 125 126 127 128 130 132 133 135 136 139 141 142 149 150 151 153 154 158 159 160 162 164 168 170 171 172 174 176 178 179 183 184 185 187 189 190 193 194 197 198 201 204 205 207 208 211 212 213 219 221 222 223 224 225 226 233 234 236 239 241 242 245 246 247 248 250
119 37 120 123 124 125 126 127 128 129 130 131 132 133 135 136 137 139 141 142 143 144 146 149 150 151 152 153 154 155 158 159 160 162 164 166 168 169 170 171 172 174 175 176 178 179 183 184 185 187 189 190 192 193 194 196 197 198 199 200 201 203 204 205 206 207 208 209 210 211 212 213 214 217 219 221 222 223 224 225 226 229 230 231 233 234 236 238 239 240 241 242 245 246 247 248 250
120 40 125 126 127 128 129 130 132 133 135 136 139 141 142 149 150 151 153 154 158 159 160 162 164 168 169 170 171 172 174 176 178 179 183 184 185 187 189 190 193 194 197 198 201 204 205 207 208 209 211 212 213 217 219 221 222 223 224 225 226 229 230 233 234 236 239 241 242 245 246 247 248 250
121 60 128 136 158 170 176 178 197 211 212 219 224 225
122 52 126 127 128 135 136 151 153 154 158 168 170 176 178 184 197 198 211 212 219 222 224 225 234
123 54 125 126 127 128 130 132 133 135 136 139 142 151 153 154 158 159 162 168 170 172 174 176 178 179 183 184 187 189 190 193 194 197 198 201 204 205 207 208 211 212 213 219 222 223 224 225 226 233 234 236 239 242 246 248
124 99 125 126 127 128 130 132 135 136 142 151 153 154 158 159 162 168 170 172 174 176 178 179 183 184 187 189 190 193 194 197 198 201 204 205 207 208 211 212 213 219 222 223 224 225 226 233 234 236 239 242 246 248
125 34 126 127 128 129 130 131 132 133 134 135 136 137 138 139 141 142 143 144 146 147 149 150 151 152 153 154 155 156 157 158 159 160 162 164 166 167 168 169 170 171 172 174 175 176 178 179 180 182 183 184 185 186 187 188 189 190 192 193 194 196 197 198 199 200 201 203 204 205 206 207 208 209 210 211 212 213 214 215 216 217 218 219 220 221 222 223 224 225 226 229 230 231 233 234 236 238 239 240 241 242 245 246 247 248 250
126 46 127 128 129 130 131 132 133 134 135 136 137 138 139 141 142 143 144 146 147 148 149 150 151 152 153 154 155 156 157 158 159 160 162 164 165 166 167 168 169 170 171 172 174 175 176 178 179 180 181 182 183 184 185 186 187 188 189 190 191 192 193 194 196 197 198 199 200 201 203 204 205 206 207 208 209 210 211 212 213 214 215 216 217 218 219 220 221 222 223 224 225 226 229 230 231 233 234 235 236 238 239 240 241 242 243 245 246 247 248 250
127 88 128 129 130 131 132 133 134 135 136 137 138 139 141 142 143 144 146 147 148 149 150 151 152 153 154 155 156 157 158 159 160 162 164 165 166 167 168 169 170 171 172 174 175 176 178 179 180 182 183 184 185 186 187 188 189 190 191 192 193 194 196 197 198 199 200 201 203 204 205 206 207 208 209 210 211 212 213 214 215 216 217 218 219 220 221 222 223 224 225 226 229 230 231 233 234 235 236 238 239 240 241 242 243 245 246 247 248 250
128 97 129 130 131 132 133 134 135 136 137 138 139 140 141 142 143 144 145 146 147 148 149 150 151 152 153 154 155 156 157 158 159 160 161 162 164 165 166 167 168 169 170 171 172 174 175 176 178 179 180 181 182 183 184 185 186 187 188 189 190 191 192 193 194 196 197 198 199 200 201 203 204 205 206 207 208 209 210 211 212 213 214 215 216 217 218 219 220 221 222 223 224 225 226 227 229 230 231 232 233 234 235 236 238 239 240 241 242 243 244 245 246 247 248 249 250
129 85 130 132 133 135 136 139 142 149 150 151 153 154 158 159 162 164 168 170 171 172 174 176 178 179 183 184 185 187 189 190 193 194 197 198 201 204 205 207 208 211 212 213 219 221 222 223 224 225 226 233 234 236 239 241 242 245 246 247 248
130 39 131 132 133 135 136 137 138 139 141 142 143 144 146 149 150 151 152 153 154 155 157 158 159 160 162 164 166 168 169 170 171 172 174 175 176 178 179 180 182 183 184 185 186 187 189 190 192 193 194 196 197 198 199 200 201 203 204 205 206 207 208 209 210 211 212 213 214 216 217 218 219 220 221 222 223 224 225 226 229 230 231 233 234 236 238 239 240 241 242 245 246 247 248 250
131 32 132 135 136 142 151 153 154 158 159 162 168 170 172 174 176 178 179 183 184 187 189 190 193 194 197 198 201 204 205 207 208 211 212 213 219 222 223 224 225 226 233 234 236 239 242 246 248
132 51 133 135 136 137 139 141 142 143 144 146 149 150 151 152 153 154 155 158 159 160 162 164 166 168 169 170 171 172 174 175 176 178 179 183 184 185 187 189 190 192 193 194 196 197 198 199 200 201 203 204 205 206 207 208 209 210 211 212 213 214 217 219 221 222 223 224 225 226 229 230 231 233 234 236 238 239 240 241 242 245 246 247 248 250
133 95 135 136 139 141 142 144 146 149 150 151 152 153 154 155 158 159 160 162 164 166 168 169 170 171 172 174 175 176 178 179 183 184 185 187 189 190 192 193 194 196 197 198 199 200 201 204 205 207 208 209 210 211 212 213 217 219 221 222 223 224 225 226 229 230 233 234 236 238 239 240 241 242 245 246 247 248 250
134 54 135 136 142 151 153 154 158 162 168 170 176 178 179 183 184 190 197 198 204 205 208 211 212 219 222 224 225 226 234 239 246
135 99 136 137 138 139 141 142 143 144 146 147 149 150 151 152 153 154 155 156 157 158 159 160 162 164 165 166 167 168 169 170 171 172 174 175 176 178 179 180 182 183 184 185 186 187 188 189 190 191 192 193 194 196 197 198 199 200 201 203 204 205 206 207 208 209 210 211 212 213 214 215 216 217 218 219 220 221 222 223 224 225 226 229 230 231 233 234 235 236 238 239 240 241 242 245 246 247 248 250
136 86 137 138 139 140 141 142 143 144 145 146 147 148 149 150 151 152 153 154 155 156 157 158 159 160 161 162 163 164 165 166 167 168 169 170 171 172 173 174 175 176 177 178 179 180 181 182 183 184 185 186 187 188 189 190 191 192 193 194 195 196 197 198 199 200 201 203 204 205 206 207 208 209 210 211 212 213 214 215 216 217 218 219 220 221 222 223 224 225 226 227 229 230 231 232 233 234 235 236 238 239 240 241 242 243 244 245 246 247 248 249 250
137 48 142 151 153 154 158 162 168 170 172 174 176 178 179 183 184 187 190 193 197 198 201 204 205 207 208 211 212 213 219 222 223 224 225 226 233 234 239 242 246 248
138 90 142 151 153 154 158 162 168 170 176 178 179 183 184 190 193 197 198 204 205 208 211 212 219 222 224 225 226 233 234 239 242 246
139 28 141 142 143 144 146 149 150 151 152 153 154 155 158 159 160 162 164 166 168 169 170 171 172 174 175 176 178 179 183 184 185 187 189 190 192 193 194 196 197 198 199 200 201 204 205 207 208 209 210 211 212 213 217 219 221 222 223 224 225 226 229 230 233 234 236 238 239 240 241 242 245 246 247 248 250
140 25 158 170 176 178 197 198 211 212 219 222 224 225
141 86 142 149 150 151 153 154 158 159 160 162 164 168 169 170 171 172 174 176 178 179 183 184 185 187 189 190 193 194 197 198 201 204 205 207 208 209 211 212 213 217 219 221 222 223 224 225 226 233 234 236 239 241 242 245 246 247 248 250
142 39 143 144 146 147 149 150 151 152 153 154 155 157 158 159 160 162 164 166 167 168 169 170 171 172 174 175 176 178 179 180 182 183 184 185 186 187 188 189 190 192 193 194 196 197 198 199 200 201 203 204 205 206 207 208 209 210 211 212 213 214 215 216 217 218 219 220 221 222 223 224 225 226 229 230 231 233 234 236 238 239 240 241 242 245 246 247 248 250
143 74 151 153 154 158 159 162 168 170 172 174 176 178 179 183 184 187 189 190 193 194 197 198 201 204 205 207 208 211 212 213 219 222 223 224 225 226 233 234 236 239 242 246 248
144 26 151 153 154 158 159 162 168 170 172 174 176 178 179 183 184 187 189 190 193 194 197 198 201 204 205 207 208 211 212 213 219 222 223 224 225 226 233 234 236 239 242 246 248
145 38 158 170 176 178 197 198 211 212 219 222 224 225
146 60 151 153 154 158 159 162 168 170 171 172 174 176 178 179 183 184 185 187 189 190 193 194 197 198 201 204 205 207 208 211 212 213 219 222 223 224 225 226 233 234 236 239 242 245 246 248
147 41 151 153 154 158 162 168 170 176 178 179 183 184 190 197 198 204 205 208 211 212 219 222 224 225 226 234 239 246
148 67 151 153 154 158 168 170 176 178 184 197 198 211 212 219 222 224 225
149 80 150 151 153 154 158 159 160 162 164 168 169 170 171 172 174 176 178 179 183 184 185 187 189 190 193 194 197 198 201 204 205 207 208 209 211 212 213 217 219 221 222 223 224 225 226 229 230 233 234 236 239 240 241 242 245 246 247 248 250
150 33 151 153 154 158 159 160 162 164 168 169 170 171 172 174 176 178 179 183 184 185 187 189 190 193 194 197 198 201 204 205 207 208 209 211 212 213 217 219 221 222 223 224 225 226 229 233 234 236 239 241 242 245 246 247 248 250
151 37 152 153 154 155 156 157 158 159 160 162 164 165 166 167 168 169 170 171 172 174 175 176 178 179 180 181 182 183 184 185 186 187 188 189 190 191 192 193 194 196 197 198 199 200 201 203 204 205 206 207 208 209 210 211 212 213 214 215 216 217 218 219 220 221 222 223 224 225 226 229 230 231 233 234 235 236 238 239 240 241 242 243 245 246 247 248 249 250
152 62 153 154 158 159 162 168 170 171 172 174 176 178 179 183 184 185 187 189 190 193 194 197 198 201 204 205 207 208 211 212 213 219 222 223 224 225 226 233 234 236 239 242 245 246 248
153 71 154 155 156 157 158 159 160 162 164 165 166 167 168 169 170 171 172 174 175 176 178 179 180 181 182 183 184 185 186 187 188 189 190 191 192 193 194 196 197 198 199 200 201 203 204 205 206 207 208 209 210 211 212 213 214 215 216 217 218 219 220 221 222 223 224 225 226 229 230 231 233 234 235 236 238 239 240 241 242 243 245 246 247 248 249 250
154 87 155 156 157 158 159 160 162 164 165 166 167 168 169 170 171 172 174 175 176 178 179 180 181 182 183 184 185 186 187 188 189 190 191 192 193 194 196 197 198 199 200 201 203 204 205 206 207 208 209 210 211 212 213 214 215 216 217 218 219 220 221 222 223 224 225 226 229 230 231 233 234 235 236 238 239 240 241 242 243 245 246 247 248 249 250
155 31 158 159 162 168 170 172 174 176 178 179 183 184 187 189 190 193 194 197 198 201 204 205 207 208 211 212 213 219 222 223 224 225 226 233 234 236 239 242 246 248
156 72 158 168 170 176 178 179 183 184 197 198 204 211 212 219 222 224 225 226 234 239
157 84 158 162 168 170 172 174 176 178 179 183 184 190 193 197 198 201 204 205 207 208 211 212 213 219 222 223 224 225 226 233 234 239 242 246
158 84 159 160 161 162 163 164 165 166 167 168 169 170 171 172 173 174 175 176 177 178 179 180 181 182 183 184 185 186 187 188 189 190 191 192 193 194 195 196 197 198 199 200 201 203 204 205 206 207 208 209 210 211 212 213 214 215 216 217 218 219 220 221 222 223 224 225 226 227 229 230 231 232 233 234 235 236 238 239 240 241 242 243 244 245 246 247 248 249 250
159 53 160 162 164 166 168 169 170 171 172 174 175 176 178 179 183 184 185 187 189 190 192 193 194 196 197 198 199 200 201 203 204 205 206 207 208 209 210 211 212 213 214 217 219 221 222 223 224 225 226 229 230 233 234 236 238 239 240 241 242 245 246 247 248 250
160 85 162 164 168 169 170 171 172 174 176 178 179 183 184 185 187 189 190 193 194 197 198 201 204 205 207 208 209 211 212 213 217 219 221 222 223 224 225 226 233 234 236 239 241 242 245 246 247 248 250
161 32 170 176 178 197 198 211 212 219 222 224 225
162 24 164 166 168 169 170 171 172 174 175 176 178 179 180 182 183 184 185 186 187 189 190 192 193 194 196 197 198 199 200 201 203 204 205 206 207 208 209 210 211 212 213 214 215 216 217 218 219 220 221 222 223 224 225 226 229 230 231 233 234 236 238 239 240 241 242 245 246 247 248 250
163 88 176 178 197 219 224 225
164 54 168 169 170 171 172 174 176 178 179 183 184 185 187 189 190 193 194 197 198 201 204 205 207 208 209 211 212 213 217 219 221 222 223 224 225 226 229 230 233 234 236 239 241 242 245 246 247 248 250
165 28 168 170 176 178 184 197 198 211 212 219 222 224 225
166 36 168 170 171 172 174 176 178 179 183 184 185 187 189 190 193 194 197 198 201 204 205 207 208 211 212 213 219 222 223 224 225 226 233 234 236 239 242 245 246 248
167 91 168 170 176 178 179 183 184 197 198 204 205 211 212 219 222 224 225 226 234 239
168 61 169 170 171 172 174 175 176 178 179 180 181 182 183 184 185 186 187 188 189 190 191 192 193 194 196 197 198 199 200 201 203 204 205 206 207 208 209 210 211 212 213 214 215 216 217 218 219 220 221 222 223 224 225 226 229 230 231 233 234 235 236 238 239 240 241 242 243 245 246 247 248 250
169 29 170 171 172 174 176 178 179 183 184 185 187 189 190 193 194 197 198 201 204 205 207 208 211 212 213 219 221 222 223 224 225 226 233 234 236 239 241 242 245 246 247 248 250
170 68 171 172 173 174 175 176 177 178 179 180 181 182 183 184 185 186 187 188 189 190 191 192 193 194 196 197 198 199 200 201 203 204 205 206 207 208 209 210 211 212 213 214 215 216 217 218 219 220 221 222 223 224 225 226 227 229 230 231 232 233 234 235 236 238 239 240 241 242 243 244 245 246 247 248 249 250
171 69 172 174 175 176 178 179 183 184 185 187 189 190 192 193 194 196 197 198 201 204 205 207 208 209 210 211 212 213 217 219 221 222 223 224 225 226 229 230 233 234 236 238 239 240 241 242 245 246 247 248 250
172 35 174 175 176 178 179 183 184 185 187 189 190 192 193 194 196 197 198 199 200 201 203 204 205 206 207 208 209 210 211 212 213 214 217 218 219 220 221 222 223 224 225 226 229 230 231 233 234 236 238 239 240 241 242 245 246 247 248 250
173 30 176 178 197 211 219 224 225
174 88 175 176 178 179 182 183 184 185 187 189 190 192 193 194 196 197 198 199 200 201 203 204 205 206 207 208 209 210 211 212 213 214 216 217 218 219 220 221 222 223 224 225 226 229 230 231 233 234 236 238 239 240 241 242 245 246 247 248 250
175 85 176 178 179 183 184 185 187 189 190 193 194 197 198 201 204 205 207 208 211 212 213 219 222 223 224 225 226 233 234 236 239 242 245 246 248
176 87 177 178 179 180 181 182 183 184 185 186 187 188 189 190 191 192 193 194 195 196 197 198 199 200 201 203 204 205 206 207 208 209 210 211 212 213 214 215 216 217 218 219 220 221 222 223 224 225 226 227 229 230 231 232 233 234 235 236 238 239 240 241 242 243 244 245 246 247 248 249 250
177 70 178 197 211 219 224 225
178 70 179 180 181 182 183 184 185 186 187 188 189 190 191 192 193 194 195 196 197 198 199 200 201 202 203 204 205 206 207 208 209 210 211 212 213 214 215 216 217 218 219 220 221 222 223 224 225 226 227 229 230 231 232 233 234 235 236 237 238 239 240 241 242 243 244 245 246 247 248 249 250
179 59 180 182 183 184 185 186 187 188 189 190 191 192 193 194 196 197 198 199 200 201 203 204 205 206 207 208 209 210 211 212 213 214 215 216 217 218 219 220 221 222 223 224 225 226 229 230 231 233 234 236 238 239 240 241 242 245 246 247 248 250
180 26 183 184 190 193 197 198 201 204 205 208 211 212 219 222 223 224 225 226 233 234 239 242 246
181 73 184 197 198 211 212 219 222 224 225
182 27 183 184 190 193 197 198 201 204 205 207 208 211 212 219 222 223 224 225 226 233 234 239 242 246
183 44 184 185 186 187 188 189 190 191 192 193 194 196 197 198 199 200 201 203 204 205 206 207 208 209 210 211 212 213 214 215 216 217 218 219 220 221 222 223 224 225 226 229 230 231 233 234 236 238 239 240 241 242 245 246 247 248 250
184 27 185 186 187 188 189 190 191 192 193 194 196 197 198 199 200 201 203 204 205 206 207 208 209 210 211 212 213 214 215 216 217 218 219 220 221 222 223 224 225 226 229 230 231 233 234 235 236 238 239 240 241 242 243 245 246 247 248 249 250
185 35 187 189 190 192 193 194 196 197 198 201 204 205 207 208 209 210 211 212 213 217 219 221 222 223 224 225 226 229 230 233 234 236 238 239 240 241 242 245 246 247 248 250
186 38 190 193 197 198 204 205 208 211 212 219 222 224 225 226 233 234 239 242 246
187 65 189 190 192 193 194 196 197 198 199 200 201 203 204 205 206 207 208 209 210 211 212 213 214 217 219 221 222 223 224 225 226 229 230 231 233 234 236 238 239 240 241 242 245 246 247 248 250
188 21 197 198 204 205 211 212 219 222 224 225 226 234 239
189 69 190 192 193 194 196 197 198 199 200 201 203 204 205 207 208 209 210 211 212 213 214 217 219 221 222 223 224 225 226 229 230 233 234 236 238 239 240 241 242 245 246 247 248 250
190 59 192 193 194 196 197 198 199 200 201 203 204 205 206 207 208 209 210 211 212 213 214 216 217 218 219 220 221 222 223 224 225 226 229 230 231 233 234 236 238 239 240 241 242 245 246 247 248 250
191 35 197 198 211 212 219 222 224 225 234 239
192 70 193 194 197 198 201 204 205 207 208 211 212 213 219 222 223 224 225 226 233 234 236 239 242 245 246 248
193 40 194 196 197 198 199 200 201 203 204 205 206 207 208 209 210 211 212 213 214 216 217 218 219 220 221 222 223 224 225 226 229 230 231 233 234 236 238 239 240 241 242 245 246 247 248 250
194 84 196 197 198 199 200 201 203 204 205 207 208 209 210 211 212 213 214 217 219 221 222 223 224 225 226 229 230 233 234 236 238 239 240 241 242 245 246 247 248 250
195 42 197 219 224 225
196 92 197 198 201 204 205 207 208 211 212 213 219 222 223 224 225 226 233 234 236 239 242 245 246 248
197 24 198 199 200 201 202 203 204 205 206 207 208 209 210 211 212 213 214 215 216 217 218 219 220 221 222 223 224 225 226 227 229 230 231 232 233 234 235 236 238 239 240 241 242 243 244 245 246 247 248 249 250
198 46 199 200 201 203 204 205 206 207 208 209 210 211 212 213 214 215 216 217 218 219 220 221 222 223 224 225 226 227 229 230 231 232 233 234 235 236 238 239 240 241 242 243 245 246 247 248 249 250
199 78 201 204 205 207 208 211 212 213 219 222 223 224 225 226 233 234 236 239 242 246 248
200 60 201 204 205 207 208 211 212 213 219 222 223 224 225 226 233 234 236 239 242 246 248
201 76 203 204 205 206 207 208 209 210 211 212 213 214 216 217 218 219 220 221 222 223 224 225 226 229 230 231 233 234 236 238 239 240 241 242 245 246 247 248 250
202 43 224 225
203 49 204 205 207 208 211 212 213 219 222 223 224 225 226 233 234 236 239 242 246 248
204 79 205 206 207 208 209 210 211 212 213 214 215 216 217 218 219 220 221 222 223 224 225 226 229 230 231 233 234 236 238 239 240 241 242 245 246 247 248 250
205 65 206 207 208 209 210 211 212 213 214 215 216 217 218 219 220 221 222 223 224 225 226 229 230 231 233 234 236 238 239 240 241 242 245 246 247 248 250
206 24 207 208 211 212 213 219 222 223 224 225 226 233 234 236 239 242 246 248
207 28 208 209 210 211 212 213 214 216 217 218 219 220 221 222 223 224 225 226 229 230 231 233 234 236 238 239 240 241 242 245 246 247 248 250
208 43 209 210 211 212 213 214 215 216 217 218 219 220 221 222 223 224 225 226 229 230 231 233 234 236 238 239 240 241 242 245 246 247 248 250
209 26 211 212 213 219 221 222 223 224 225 226 233 234 236 239 241 242 245 246 247 248 250
210 93 211 212 213 219 222 223 224 225 226 233 234 236 239 242 245 246 248
211 62 212 213 214 215 216 217 218 219 220 221 222 223 224 225 226 227 229 230 231 232 233 234 235 236 238 239 240 241 242 243 244 245 246 247 248 249 250
212 91 213 214 215 216 217 218 219 220 221 222 223 224 225 226 227 229 230 231 232 233 234 235 236 238 239 240 241 242 243 244 245 246 247 248 249 250
213 21 214 217 218 219 220 221 222 223 224 225 226 229 230 231 233 234 236 238 239 240 241 242 245 246 247 248 250
214 21 219 222 223 224 225 226 233 234 236 239 242 246 248
215 32 219 222 224 225 226 234 239
216 34 219 222 223 224 225 226 233 234 239 242 246
217 86 219 221 222 223 224 225 226 233 234 236 239 241 242 245 246 247 248 250
218 27 219 222 223 224 225 226 233 234 239 242 246
219 79 220 221 222 223 224 225 226 227 229 230 231 232 233 234 235 236 238 239 240 241 242 243 244 245 246 247 248 249 250
220 34 222 223 224 225 226 233 234 239 242 246
221 88 222 223 224 225 226 229 233 234 236 239 241 242 245 246 247 248 250
222 93 223 224 225 226 227 229 230 231 232 233 234 235 236 238 239 240 241 242 243 245 246 247 248 249 250
223 58 224 225 226 229 230 231 233 234 236 238 239 240 241 242 245 246 247 248 250
224 77 225 226 227 229 230 231 232 233 234 235 236 238 239 240 241 242 243 244 245 246 247 248 249 250
225 62 226 227 229 230 231 232 233 234 235 236 238 239 240 241 242 243 244 245 246 247 248 249 250
226 87 229 230 231 233 234 236 238 239 240 241 242 245 246 247 248 250
227 99
228 61
229 83 233 234 236 239 241 242 245 246 247 248
230 75 233 234 236 239 241 242 245 246 247 248
231 99 233 234 239 242 246 248
232 93
233 39 234 236 238 239 240 241 242 245 246 247 248 250
234 85 235 236 238 239 240 241 242 245 246 247 248 250
235 31
236 69 238 239 240 241 242 245 246 247 248 250
237 48
238 67 239 242 245 246 248
239 50 240 241 242 245 246 247 248 250
240 24 242 245 246 247 248
241 49 242 245 246 247 248 250
242 82 245 246 247 248 250
243 97
244 86
245 21 246 247 248 250
246 86 247 248 250
247 41 248 250
248 100 250
249 84
250 77
