120 1000
1 458 2 3 5 6 8 9 11 12 15 20 22 23 25 26 28 29 30 31 32 34 36 37 38 39 40 41 42 43 44 45 47 48 49 51 53 54 55 56 57 58 59 60 61 63 64 65 66 67 68 70 71 74 75 76 78 79 80 81 82 83 84 85 88 91 92 94 95 96 97 99 100 102 103 105 106 107 109 110 111 113 114 115 116 117 119 120
2 252 3 5 6 8 9 11 12 15 20 22 23 25 28 29 30 31 32 36 37 38 39 40 41 42 43 44 45 47 48 49 51 53 54 55 56 57 58 59 60 61 63 64 65 66 67 68 70 71 74 75 76 78 79 80 81 82 83 84 85 88 91 92 94 95 96 97 99 100 102 103 105 106 107 109 110 111 113 114 115 116 117 119 120
3 290 5 6 8 9 11 12 15 20 22 23 25 28 29 30 32 36 37 38 39 40 41 42 43 45 47 48 49 51 53 54 56 57 58 59 60 61 63 64 65 66 67 68 70 71 74 75 78 79 80 81 82 83 84 85 88 91 92 95 96 97 99 100 102 103 105 106 107 110 111 113 114 115 116 117 119 120
4 497 48 68
5 250 9 12 20 22 23 25 29 32 36 37 48 49 53 58 59 61 64 66 67 68 74 78 79 80 81 82 88 91 95 105 110 111 113 115 117
6 253 9 12 20 22 23 25 29 32 36 37 48 49 53 58 59 61 64 66 67 68 74 78 79 80 81 82 88 91 95 105 110 111 113 115 117
7 446 48 68
8 276 9 11 12 20 22 23 25 29 32 36 37 41 48 49 53 58 59 61 64 66 67 68 74 78 79 80 81 82 88 91 92 95 105 110 111 113 115 117
9 278 11 12 15 20 22 23 25 26 28 29 30 31 32 34 36 37 38 39 40 41 42 43 44 45 47 48 49 51 53 54 55 56 57 58 59 60 61 63 64 65 66 67 68 70 71 74 75 76 78 79 80 81 82 83 84 85 88 91 92 94 95 96 97 99 100 102 103 105 106 107 109 110 111 113 114 115 116 117 119 120
10 387
11 274 12 20 22 23 25 29 30 32 36 37 38 41 45 48 49 53 56 57 58 59 60 61 64 65 66 67 68 71 74 75 78 79 80 81 82 83 84 85 88 91 92 95 97 100 103 105 106 110 111 113 114 115 117 120
12 339 15 20 22 23 25 26 28 29 30 31 32 36 37 38 39 40 41 42 43 44 45 47 48 49 51 53 54 55 56 57 58 59 60 61 63 64 65 66 67 68 70 71 74 75 76 78 79 80 81 82 83 84 85 88 91 92 94 95 96 97 99 100 102 103 105 106 107 109 110 111 113 114 115 116 117 119 120
13 462
14 268
15 270 23 29 32 37 48 49 53 58 59 64 66 68 79 80 82 88 91 95 110 111 115
16 472
17 258
18 270 48 68
19 377
20 276 22 23 25 28 29 30 32 36 37 38 41 42 45 47 48 49 53 56 57 58 59 60 61 64 65 66 67 68 71 74 75 78 79 80 81 82 83 84 85 88 91 92 95 96 97 99 100 103 105 106 110 111 113 114 115 116 117 120
21 347
22 484 23 25 29 30 32 36 37 38 41 45 48 49 53 56 57 58 59 60 61 64 65 66 67 68 71 74 75 78 79 80 81 82 83 84 85 88 91 92 95 97 100 103 105 106 110 111 113 114 115 116 117 120
23 253 25 28 29 30 32 36 37 38 39 40 41 42 43 45 47 48 49 51 53 54 56 57 58 59 60 61 63 64 65 66 67 68 70 71 74 75 78 79 80 81 82 83 84 85 88 91 92 95 96 97 99 100 102 103 105 106 107 110 111 113 114 115 116 117 120
24 263
25 490 29 30 32 36 37 38 41 45 48 49 53 56 57 58 59 60 61 64 65 66 67 68 71 74 75 78 79 80 81 82 83 84 85 88 91 92 95 97 100 103 105 106 110 111 113 114 115 116 117 120
26 252 32 48 68 88
27 258
28 414 29 32 36 37 48 49 53 58 59 61 64 66 67 68 74 78 79 80 81 82 88 91 95 105 110 111 115 117
29 250 30 32 36 37 38 40 41 42 45 47 48 49 53 56 57 58 59 60 61 64 65 66 67 68 70 71 74 75 78 79 80 81 82 83 84 85 88 91 92 95 96 97 99 100 103 105 106 107 110 111 113 114 115 116 117 120
30 336 32 36 37 41 48 49 53 58 59 61 64 66 67 68 74 78 79 80 81 82 88 91 95 105 110 111 113 115 117
31 493 32 48 64 66 68 80 82 88 91
32 253 34 36 37 38 39 40 41 42 43 44 45 47 48 49 51 53 54 55 56 57 58 59 60 61 63 64 65 66 67 68 70 71 74 75 76 78 79 80 81 82 83 84 85 88 91 92 94 95 96 97 99 100 102 103 105 106 107 109 110 111 113 114 115 116 117 119 120
33 254
34 470 48 68
35 257 48 68
36 273 37 38 40 41 42 45 47 48 49 53 56 57 58 59 60 61 64 65 66 67 68 70 71 74 75 78 79 80 81 82 83 84 85 88 91 92 95 96 97 99 100 103 105 106 110 111 113 114 115 116 117 120
37 403 38 39 40 41 42 43 45 47 48 49 51 53 56 57 58 59 60 61 63 64 65 66 67 68 70 71 74 75 78 79 80 81 82 83 84 85 88 91 92 95 96 97 99 100 103 105 106 107 110 111 113 114 115 116 117 120
38 262 41 48 49 53 58 59 61 64 66 67 68 74 78 79 80 81 82 88 91 92 95 105 110 111 113 115 117
39 335 48 49 64 66 68 80 82 88 91 95
40 433 48 49 53 58 59 61 64 66 68 74 79 80 81 82 88 91 95 105 110 111 115
41 273 45 48 49 53 56 57 58 59 60 61 64 65 66 67 68 71 74 78 79 80 81 82 83 84 88 91 92 95 97 100 103 105 106 110 111 113 115 117 120
42 294 48 49 53 58 59 61 64 66 67 68 74 78 79 80 81 82 88 91 95 105 110 111 115 117
43 375 48 49 53 59 64 66 68 80 82 88 91 95 111 115
44 276 48 64 68 88
45 349 48 49 53 58 59 60 61 64 66 67 68 74 78 79 80 81 82 88 91 92 95 105 110 111 113 115 117
46 422
47 276 48 49 53 58 59 61 64 66 67 68 74 78 79 80 81 82 88 91 95 105 110 111 115 117
48 302 49 51 53 54 55 56 57 58 59 60 61 63 64 65 66 67 68 70 71 74 75 76 78 79 80 81 82 83 84 85 88 91 92 94 95 96 97 99 100 102 103 105 106 107 109 110 111 112 113 114 115 116 117 119 120
49 446 51 53 56 57 58 59 60 61 63 64 65 66 67 68 70 71 74 75 78 79 80 81 82 83 84 85 88 91 92 95 96 97 99 100 103 105 106 107 110 111 113 114 115 116 117 120
50 274
51 280 53 64 66 68 80 82 88 91 95 111 115
52 352
53 318 56 57 58 59 60 61 63 64 65 66 67 68 70 71 74 75 78 79 80 81 82 83 84 85 88 91 92 95 96 97 99 100 103 105 106 107 110 111 113 114 115 116 117 120
54 330 64 66 68 80 82 88 91
55 402 64 68 88
56 269 57 58 59 60 61 64 66 67 68 74 78 79 80 81 82 83 84 88 91 92 95 100 105 106 110 111 113 115 117 120
57 329 58 59 60 61 64 66 67 68 74 78 79 80 81 82 83 84 88 91 92 95 100 105 106 110 111 113 115 117 120
58 436 59 60 61 64 65 66 67 68 70 71 74 75 78 79 80 81 82 83 84 85 88 91 92 95 96 97 99 100 103 105 106 107 110 111 113 114 115 116 117 120
59 254 60 61 63 64 65 66 67 68 70 71 74 75 78 79 80 81 82 83 84 85 88 91 92 95 96 97 99 100 103 105 106 107 110 111 113 114 115 116 117 120
60 310 61 64 65 66 67 68 74 78 79 80 81 82 83 84 88 91 92 95 97 100 105 106 110 111 113 115 117 120
61 357 64 65 66 67 68 70 71 74 75 78 79 80 81 82 83 84 85 88 91 92 95 96 97 99 100 103 105 106 107 110 111 113 114 115 116 117 120
62 268
63 375 64 66 68 80 82 88 91 95 111 115
64 410 65 66 67 68 70 71 74 75 76 78 79 80 81 82 83 84 85 88 91 92 94 95 96 97 99 100 102 103 105 106 107 109 110 111 113 114 115 116 117 119 120
65 262 66 67 68 74 78 79 80 81 82 84 88 91 92 95 105 110 111 113 115 117 120
66 328 67 68 70 71 74 75 76 78 79 80 81 82 83 84 85 88 91 92 95 96 97 99 100 102 103 105 106 107 109 110 111 113 114 115 116 117 119 120
67 352 68 71 74 75 78 79 80 81 82 83 84 85 88 91 92 95 96 97 100 103 105 106 110 111 113 114 115 116 117 120
68 275 70 71 74 75 76 78 79 80 81 82 83 84 85 88 91 92 94 95 96 97 99 100 102 103 105 106 107 109 110 111 112 113 114 115 116 117 119 120
69 373
70 423 74 79 80 81 82 88 91 95 105 110 111 115
71 262 74 78 79 80 81 82 88 91 92 95 105 110 111 113 115 117
72 315
73 426
74 266 75 78 79 80 81 82 83 84 85 88 91 92 95 96 97 99 100 103 105 106 107 110 111 113 114 115 116 117 120
75 308 78 79 80 81 82 88 91 95 105 110 111 113 115 117
76 388 80 82 88
77 251
78 361 79 80 81 82 83 84 85 88 91 92 95 96 97 99 100 103 105 106 110 111 113 114 115 116 117 120
79 386 80 81 82 83 84 85 88 91 92 95 96 97 99 100 103 105 106 107 110 111 113 114 115 116 117 120
80 272 81 82 83 84 85 88 91 92 95 96 97 99 100 102 103 105 106 107 109 110 111 113 114 115 116 117 119 120
81 342 82 83 84 85 88 91 92 95 96 97 99 100 103 105 106 110 111 113 114 115 116 117 120
82 374 83 84 85 88 91 92 95 96 97 99 100 102 103 105 106 107 110 111 113 114 115 116 117 119 120
83 254 84 88 91 92 95 100 105 110 111 113 115 117 120
84 372 88 91 92 95 100 105 106 110 111 113 115 117 120
85 408 88 91 95 105 110 111 113 115 117
86 287
87 305
88 442 91 92 94 95 96 97 99 100 102 103 105 106 107 109 110 111 113 114 115 116 117 119 120
89 252
90 306
91 364 92 95 96 97 99 100 102 103 105 106 107 110 111 113 114 115 116 117 119 120
92 302 95 97 100 105 106 110 111 113 115 117 120
93 334
94 363
95 265 96 97 99 100 103 105 106 107 110 111 113 114 115 116 117 120
96 372 105 110 111 115 117
97 396 105 110 111 113 115 117
98 292
99 312 105 110 111 115 117
100 485 105 106 110 111 113 115 117 120
101 255
102 260
103 436 105 110 111 113 115 117
104 256
105 308 106 107 110 111 113 114 115 116 117 120
106 445 110 111 113 115 117 120
107 270 110 111 115
108 285
109 419
110 275 111 113 114 115 116 117 120
111 306 113 114 115 116 117 120
112 427
113 250 114 115 116 117 120
114 323 115 117
115 490 116 117 120
116 252 117
117 258 120
118 496
119 250
120 254
