249 1000
1 466 5 21 27 35 39 67 75 78 84 95 97 100 102 104 107 139 154 168 174 176 203 211 212 214 231 232 243
2 261 3 4 5 6 8 9 10 11 12 13 14 15 16 17 18 19 21 23 25 26 27 28 29 30 31 32 33 34 35 36 37 38 39 40 42 43 44 45 46 47 48 49 50 51 52 54 55 56 57 58 59 60 62 63 64 66 67 70 71 72 73 74 75 76 78 79 80 81 82 83 84 87 89 90 91 92 93 95 96 97 99 100 101 102 103 104 105 106 107 109 110 111 112 113 114 115 116 117 118 119 120 121 122 123 124 125 126 127 128 130 131 132 133 134 135 137 138 139 141 142 143 144 145 146 149 151 152 153 154 155 156 157 158 159 160 161 162 163 164 165 167 168 169 170 171 172 173 174 175 176 177 179 181 182 183 184 185 186 187 188 189 191 192 193 194 195 196 197 198 199 200 201 202 203 204 205 207 208 209 210 211 212 213 214 215 216 217 218 219 220 221 223 224 225 227 228 229 230 231 232 233 236 237 238 239 241 242 243 244 245 246 247 248 249
3 273 4 5 6 8 9 10 11 12 14 15 16 18 21 23 25 26 27 28 30 32 33 34 35 36 37 38 39 40 42 43 44 45 46 47 48 49 50 52 54 55 56 58 59 60 62 63 64 66 67 70 72 73 74 75 76 78 79 80 81 82 83 84 89 91 93 95 96 97 100 101 102 103 104 106 107 109 110 112 114 117 118 119 120 121 122 123 124 125 126 127 128 130 131 132 133 134 135 137 138 139 141 144 145 149 151 152 153 154 155 156 157 158 160 161 162 163 165 168 170 171 172 173 174 175 176 177 179 181 182 184 185 186 187 188 189 191 192 193 194 196 197 198 199 201 202 203 204 205 207 208 209 210 211 212 214 215 216 218 219 220 221 223 224 225 227 228 229 230 231 232 233 236 237 239 241 242 243 244 245 246 247 248 249
4 497 5 6 8 12 16 18 21 25 27 28 30 35 36 37 39 43 44 49 52 55 56 58 64 67 72 73 74 75 78 79 81 83 84 93 95 97 100 102 104 106 107 112 118 119 121 132 137 138 139 149 151 152 154 155 157 160 163 168 174 175 176 177 181 184 188 192 196 197 199 203 204 205 207 211 212 214 218 220 221 224 225 231 232 236 239 241 242 243 245 246 247
5 250 6 8 9 10 11 12 13 14 15 16 17 18 19 20 21 22 23 24 25 26 27 28 29 30 31 32 33 34 35 36 37 38 39 40 42 43 44 45 46 47 48 49 50 51 52 53 54 55 56 57 58 59 60 61 62 63 64 65 66 67 69 70 71 72 73 74 75 76 78 79 80 81 82 83 84 86 87 89 90 91 92 93 95 96 97 98 99 100 101 102 103 104 105 106 107 108 109 110 111 112 113 114 115 116 117 118 119 120 121 122 123 124 125 126 127 128 129 130 131 132 133 134 135 136 137 138 139 140 141 142 143 144 145 146 147 148 149 150 151 152 153 154 155 156 157 158 159 160 161 162 163 164 165 166 167 168 169 170 171 172 173 174 175 176 177 179 181 182 183 184 185 186 187 188 189 191 192 193 194 195 196 197 198 199 200 201 202 203 204 205 206 207 208 209 210 211 212 213 214 215 216 217 218 219 220 221 222 223 224 225 227 228 229 230 231 232 233 234 235 236 237 238 239 240 241 242 243 244 245 246 247 248 249
6 253 8 9 10 12 14 15 16 18 21 23 25 27 28 30 32 33 34 35 36 37 38 39 40 42 43 44 45 46 47 48 49 50 52 54 55 56 58 59 60 62 63 64 66 67 70 72 73 74 75 76 78 79 80 81 82 83 84 89 91 93 95 96 97 100 101 102 103 104 106 107 109 110 112 114 117 118 119 120 121 122 123 124 125 126 127 130 131 132 133 134 137 138 139 144 145 149 151 152 153 154 155 156 157 158 160 161 163 165 168 170 171 172 173 174 175 176 177 179 181 182 184 185 186 187 188 189 191 192 193 196 197 198 199 201 202 203 204 205 207 208 209 210 211 212 214 215 216 218 219 220 221 223 224 225 227 228 229 230 231 232 233 236 237 239 241 242 243 244 245 246 247 248 249
7 382 21 35 39 67 75 78 100 102 104 139 154 168 176 212 214 232
8 308 9 10 11 12 13 14 15 16 17 18 19 21 23 25 26 27 28 29 30 31 32 33 34 35 36 37 38 39 40 42 43 44 45 46 47 48 49 50 51 52 54 55 56 57 58 59 60 62 63 64 66 67 70 71 72 73 74 75 76 78 79 80 81 82 83 84 87 89 90 91 92 93 95 96 97 99 100 101 102 103 104 105 106 107 109 110 111 112 113 114 115 116 117 118 119 120 121 122 123 124 125 126 127 128 130 131 132 133 134 135 137 138 139 141 142 143 144 145 146 149 151 152 153 154 155 156 157 158 159 160 161 162 163 164 165 167 168 169 170 171 172 173 174 175 176 177 179 181 182 183 184 185 186 187 188 189 191 192 193 194 195 196 197 198 199 200 201 202 203 204 205 207 208 209 210 211 212 213 214 215 216 217 218 219 220 221 223 224 225 227 228 229 230 231 232 233 236 237 238 239 241 242 243 244 245 246 247 248 249
9 310 12 14 15 16 18 21 23 25 27 28 30 32 33 34 35 36 37 38 39 42 43 44 46 49 52 54 55 56 58 59 62 64 67 72 73 74 75 76 78 79 81 82 83 84 93 95 97 100 101 102 104 106 107 112 118 119 120 121 122 130 131 132 137 138 139 149 151 152 154 155 157 158 160 163 168 170 174 175 176 177 181 184 188 189 191 192 193 196 197 198 199 203 204 205 207 208 209 211 212 214 215 218 220 221 224 225 227 228 231 232 233 236 237 239 241 242 243 244 245 246 247 248
10 424 12 16 18 21 25 27 28 30 35 36 37 39 43 44 49 52 55 56 58 64 67 72 73 74 75 78 79 81 83 84 93 95 97 100 102 104 106 107 112 118 119 121 132 137 138 139 149 151 152 154 155 157 160 163 168 174 175 176 177 181 184 188 192 196 197 199 203 204 205 207 211 212 214 218 220 221 224 225 231 232 236 239 241 242 243 245 246 247
11 273 12 21 27 35 36 37 39 44 49 56 67 72 73 75 78 81 83 84 93 95 97 100 102 104 106 107 112 119 139 151 152 154 157 160 163 168 174 175 176 177 181 197 203 205 211 212 214 218 220 221 225 231 232 236 239 241 242 243
12 303 14 15 16 18 21 23 25 26 27 28 29 30 32 33 34 35 36 37 38 39 40 42 43 44 45 46 47 48 49 50 52 54 55 56 58 59 60 62 63 64 66 67 70 71 72 73 74 75 76 78 79 80 81 82 83 84 87 89 91 93 95 96 97 100 101 102 103 104 105 106 107 109 110 111 112 114 115 116 117 118 119 120 121 122 123 124 125 126 127 128 130 131 132 133 134 135 137 138 139 141 143 144 145 149 151 152 153 154 155 156 157 158 160 161 162 163 164 165 168 170 171 172 173 174 175 176 177 179 181 182 184 185 186 187 188 189 191 192 193 194 195 196 197 198 199 200 201 202 203 204 205 207 208 209 210 211 212 213 214 215 216 218 219 220 221 223 224 225 227 228 229 230 231 232 233 236 237 238 239 241 242 243 244 245 246 247 248 249
13 385 21 27 35 36 37 39 67 73 75 78 84 95 97 100 102 104 106 107 139 154 157 163 168 174 175 176 177 197 203 205 211 212 214 225 231 232 236 241 243
14 283 15 16 18 21 23 25 27 28 30 32 33 34 35 36 37 38 39 42 43 44 46 49 52 54 55 56 58 59 62 64 67 72 73 74 75 76 78 79 81 82 83 84 93 95 97 100 101 102 104 106 107 112 118 119 120 121 122 130 131 132 134 137 138 139 149 151 152 154 155 156 157 158 160 161 163 168 170 174 175 176 177 181 184 188 189 191 192 193 196 197 198 199 203 204 205 207 208 209 211 212 214 215 218 219 220 221 224 225 227 228 231 232 233 236 237 239 241 242 243 244 245 246 247 248
15 332 16 18 21 23 25 27 28 30 32 33 34 35 36 37 38 39 42 43 44 46 49 52 54 55 56 58 59 62 64 67 72 73 74 75 76 78 79 81 82 83 84 93 95 97 100 101 102 104 106 107 112 118 119 120 121 122 127 130 131 132 133 134 137 138 139 149 151 152 154 155 156 157 158 160 161 163 168 170 174 175 176 177 181 184 188 189 191 192 193 196 197 198 199 203 204 205 207 208 209 211 212 214 215 218 219 220 221 224 225 227 228 231 232 233 236 237 239 241 242 243 244 245 246 247 248
16 425 18 21 23 25 27 28 30 32 33 34 35 36 37 38 39 40 42 43 44 45 46 47 48 49 50 52 54 55 56 58 59 60 62 63 64 66 67 70 72 73 74 75 76 78 79 80 81 82 83 84 89 91 93 95 96 97 100 101 102 103 104 106 107 109 110 112 114 117 118 119 120 121 122 123 124 125 126 127 128 130 131 132 133 134 135 137 138 139 144 145 149 151 152 153 154 155 156 157 158 160 161 163 165 168 170 171 172 173 174 175 176 177 179 181 182 184 185 186 187 188 189 191 192 193 194 196 197 198 199 201 202 203 204 205 207 208 209 210 211 212 214 215 216 218 219 220 221 223 224 225 227 228 229 230 231 232 233 236 237 239 241 242 243 244 245 246 247 248 249
17 254 21 27 35 36 37 39 67 73 75 78 81 84 95 97 100 102 104 106 107 139 154 157 160 163 168 174 175 176 177 197 203 205 211 212 214 220 225 231 232 236 241 243
18 321 21 23 25 27 28 30 32 33 34 35 36 37 38 39 40 42 43 44 45 46 47 48 49 50 52 54 55 56 58 59 62 64 67 72 73 74 75 76 78 79 80 81 82 83 84 89 91 93 95 96 97 100 101 102 103 104 106 107 109 112 114 117 118 119 120 121 122 125 126 127 130 131 132 133 134 137 138 139 144 145 149 151 152 154 155 156 157 158 160 161 163 168 170 174 175 176 177 179 181 184 187 188 189 191 192 193 196 197 198 199 201 202 203 204 205 207 208 209 211 212 214 215 218 219 220 221 224 225 227 228 229 230 231 232 233 236 237 239 241 242 243 244 245 246 247 248 249
19 464 21 27 35 36 39 67 73 75 78 84 95 97 100 102 104 107 139 154 157 163 168 174 176 177 197 203 205 211 212 214 225 231 232 236 241 243
20 253 21 35 39 67 75 78 84 95 97 100 102 104 107 139 154 168 174 176 203 211 212 214 232 243
21 283 22 23 24 25 26 27 28 29 30 31 32 33 34 35 36 37 38 39 40 42 43 44 45 46 47 48 49 50 51 52 53 54 55 56 57 58 59 60 61 62 63 64 65 66 67 69 70 71 72 73 74 75 76 78 79 80 81 82 83 84 85 86 87 88 89 90 91 92 93 94 95 96 97 98 99 100 101 102 103 104 105 106 107 108 109 110 111 112 113 114 115 116 117 118 119 120 121 122 123 124 125 126 127 128 129 130 131 132 133 134 135 136 137 138 139 140 141 142 143 144 145 146 147 148 149 150 151 152 153 154 155 156 157 158 159 160 161 162 163 164 165 166 167 168 169 170 171 172 173 174 175 176 177 178 179 181 182 183 184 185 186 187 188 189 191 192 193 194 195 196 197 198 199 200 201 202 203 204 205 206 207 208 209 210 211 212 213 214 215 216 217 218 219 220 221 222 223 224 225 226 227 228 229 230 231 232 233 234 235 236 237 238 239 240 241 242 243 244 245 246 247 248 249
22 443 35 39 67 75 78 84 95 97 100 102 104 107 139 154 168 174 176 203 211 212 214 231 232 243
23 258 25 27 28 30 32 33 34 35 36 37 38 39 42 43 44 46 47 49 52 54 55 56 58 59 62 64 67 72 73 74 75 76 78 79 81 82 83 84 93 95 97 100 101 102 104 106 107 112 118 119 120 121 122 127 130 131 132 133 134 137 138 139 149 151 152 154 155 156 157 158 160 161 163 168 170 174 175 176 177 181 184 188 189 191 192 193 196 197 198 199 203 204 205 207 208 209 211 212 214 215 218 219 220 221 224 225 227 228 231 232 233 236 237 239 241 242 243 244 245 246 247 248
24 299 35 39 67 75 78 84 97 100 102 104 139 154 168 174 176 211 212 214 232
25 401 27 28 30 32 33 34 35 36 37 38 39 40 42 43 44 45 46 47 48 49 50 52 54 55 56 58 59 62 63 64 67 72 73 74 75 76 78 79 80 81 82 83 84 89 91 93 95 96 97 100 101 102 103 104 106 107 109 110 112 114 117 118 119 120 121 122 124 125 126 127 130 131 132 133 134 137 138 139 144 145 149 151 152 153 154 155 156 157 158 160 161 163 168 170 172 173 174 175 176 177 179 181 182 184 187 188 189 191 192 193 196 197 198 199 201 202 203 204 205 207 208 209 211 212 214 215 218 219 220 221 223 224 225 227 228 229 230 231 232 233 236 237 239 241 242 243 244 245 246 247 248 249
26 276 27 35 36 37 39 44 49 56 67 72 73 75 78 81 83 84 93 95 97 100 102 104 106 107 112 119 139 151 152 154 157 160 163 168 174 175 176 177 181 197 203 205 211 212 214 218 220 221 225 231 232 236 239 241 242 243
27 323 28 29 30 31 32 33 34 35 36 37 38 39 40 42 43 44 45 46 47 48 49 50 51 52 53 54 55 56 57 58 59 60 62 63 64 66 67 70 71 72 73 74 75 76 78 79 80 81 82 83 84 86 87 89 90 91 92 93 95 96 97 98 99 100 101 102 103 104 105 106 107 109 110 111 112 113 114 115 116 117 118 119 120 121 122 123 124 125 126 127 128 129 130 131 132 133 134 135 136 137 138 139 140 141 142 143 144 145 146 147 148 149 151 152 153 154 155 156 157 158 159 160 161 162 163 164 165 166 167 168 169 170 171 172 173 174 175 176 177 179 181 182 183 184 185 186 187 188 189 191 192 193 194 195 196 197 198 199 200 201 202 203 204 205 206 207 208 209 210 211 212 213 214 215 216 217 218 219 220 221 222 223 224 225 227 228 229 230 231 232 233 236 237 238 239 241 242 243 244 245 246 247 248 249
28 488 30 32 33 34 35 36 37 38 39 40 42 43 44 45 46 47 48 49 50 52 54 55 56 58 59 62 64 67 72 73 74 75 76 78 79 80 81 82 83 84 89 91 93 95 96 97 100 101 102 103 104 106 107 109 110 112 114 117 118 119 120 121 122 125 126 127 130 131 132 133 134 137 138 139 144 145 149 151 152 154 155 156 157 158 160 161 163 168 170 172 173 174 175 176 177 179 181 184 187 188 189 191 192 193 196 197 198 199 201 202 203 204 205 207 208 209 211 212 214 215 218 219 220 221 223 224 225 227 228 229 230 231 232 233 236 237 239 241 242 243 244 245 246 247 248 249
29 255 35 36 37 39 44 49 56 67 72 73 75 78 81 84 93 95 97 100 102 104 106 107 112 119 139 151 152 154 157 160 163 168 174 175 176 177 181 197 203 205 211 212 214 218 220 225 231 232 236 239 241 242 243
30 257 32 33 34 35 36 37 38 39 40 42 43 44 45 46 47 48 49 50 52 54 55 56 58 59 62 64 67 72 73 74 75 76 78 79 80 81 82 83 84 89 91 93 95 96 97 100 101 102 103 104 106 107 109 110 112 114 117 118 119 120 121 122 125 126 127 130 131 132 133 134 137 138 139 144 145 149 151 152 154 155 156 157 158 160 161 163 168 170 172 173 174 175 176 177 179 181 182 184 187 188 189 191 192 193 196 197 198 199 201 202 203 204 205 207 208 209 211 212 214 215 218 219 220 221 223 224 225 227 228 229 230 231 232 233 236 237 239 241 242 243 244 245 246 247 248 249
31 431 35 36 37 39 67 73 75 78 84 95 97 100 102 104 106 107 139 154 157 163 168 174 175 176 177 197 203 205 211 212 214 225 231 232 236 241 243
32 250 33 34 35 36 37 38 39 42 43 44 46 49 52 54 55 56 58 59 62 64 67 72 73 74 75 76 78 79 81 82 83 84 93 95 97 100 101 102 104 106 107 112 118 119 120 121 122 130 131 132 137 138 139 149 151 152 154 155 157 158 160 161 163 168 170 174 175 176 177 181 184 188 189 191 192 193 196 197 198 199 203 204 205 207 208 209 211 212 214 215 218 220 221 224 225 227 228 231 232 233 236 237 239 241 242 243 244 245 246 247 248
33 319 34 35 36 37 38 39 42 43 44 46 47 49 52 54 55 56 58 59 62 64 67 72 73 74 75 76 78 79 81 82 83 84 93 95 96 97 100 101 102 104 106 107 112 117 118 119 120 121 122 127 130 131 132 133 134 137 138 139 149 151 152 154 155 156 157 158 160 161 163 168 170 174 175 176 177 181 184 188 189 191 192 193 196 197 198 199 201 202 203 204 205 207 208 209 211 212 214 215 218 219 220 221 224 225 227 228 231 232 233 236 237 239 241 242 243 244 245 246 247 248
34 460 35 36 37 38 39 42 43 44 46 49 52 54 55 56 58 59 62 64 67 72 73 74 75 76 78 79 81 82 83 84 93 95 97 100 101 102 104 106 107 112 118 119 120 121 122 130 131 132 137 138 139 149 151 152 154 155 157 158 160 161 163 168 170 174 175 176 177 181 184 188 189 191 192 193 196 197 198 199 203 204 205 207 208 209 211 212 214 215 218 220 221 224 225 227 228 231 232 233 236 237 239 241 242 243 244 245 246 247 248
35 263 36 37 38 39 40 42 43 44 45 46 47 48 49 50 51 52 53 54 55 56 57 58 59 60 61 62 63 64 65 66 67 69 70 71 72 73 74 75 76 77 78 79 80 81 82 83 84 85 86 87 88 89 90 91 92 93 94 95 96 97 98 99 100 101 102 103 104 105 106 107 108 109 110 111 112 113 114 115 116 117 118 119 120 121 122 123 124 125 126 127 128 129 130 131 132 133 134 135 136 137 138 139 140 141 142 143 144 145 146 147 148 149 150 151 152 153 154 155 156 157 158 159 160 161 162 163 164 165 166 167 168 169 170 171 172 173 174 175 176 177 178 179 181 182 183 184 185 186 187 188 189 191 192 193 194 195 196 197 198 199 200 201 202 203 204 205 206 207 208 209 210 211 212 213 214 215 216 217 218 219 220 221 222 223 224 225 226 227 228 229 230 231 232 233 234 235 236 237 238 239 240 241 242 243 244 245 246 247 248 249
36 277 37 38 39 40 42 43 44 45 46 47 48 49 50 51 52 54 55 56 57 58 59 60 62 63 64 66 67 70 71 72 73 74 75 76 78 79 80 81 82 83 84 86 87 89 90 91 92 93 95 96 97 99 100 101 102 103 104 105 106 107 109 110 111 112 113 114 115 116 117 118 119 120 121 122 123 124 125 126 127 128 130 131 132 133 134 135 137 138 139 141 142 143 144 145 146 149 151 152 153 154 155 156 157 158 159 160 161 162 163 164 165 167 168 169 170 171 172 173 174 175 176 177 179 181 182 183 184 185 186 187 188 189 191 192 193 194 195 196 197 198 199 200 201 202 203 204 205 206 207 208 209 210 211 212 213 214 215 216 217 218 219 220 221 223 224 225 227 228 229 230 231 232 233 236 237 238 239 241 242 243 244 245 246 247 248 249
37 381 38 39 40 42 43 44 45 46 47 48 49 50 51 52 54 55 56 58 59 60 62 63 64 66 67 70 71 72 73 74 75 76 78 79 80 81 82 83 84 87 89 90 91 92 93 95 96 97 99 100 101 102 103 104 105 106 107 109 110 111 112 113 114 115 116 117 118 119 120 121 122 123 124 125 126 127 128 130 131 132 133 134 135 137 138 139 141 143 144 145 149 151 152 153 154 155 156 157 158 160 161 162 163 164 165 167 168 169 170 171 172 173 174 175 176 177 179 181 182 183 184 185 186 187 188 189 191 192 193 194 195 196 197 198 199 200 201 202 203 204 205 207 208 209 210 211 212 213 214 215 216 217 218 219 220 221 223 224 225 227 228 229 230 231 232 233 236 237 238 239 241 242 243 244 245 246 247 248 249
38 302 39 42 43 44 46 47 49 52 54 55 56 58 59 62 64 67 72 73 74 75 76 78 79 81 82 83 84 91 93 95 96 97 100 101 102 103 104 106 107 112 117 118 119 120 121 122 127 130 131 132 133 134 137 138 139 149 151 152 154 155 156 157 158 160 161 163 168 170 174 175 176 177 181 184 188 189 191 192 193 196 197 198 199 201 202 203 204 205 207 208 209 211 212 214 215 218 219 220 221 224 225 227 228 231 232 233 236 237 239 241 242 243 244 245 246 247 248 249
39 317 40 42 43 44 45 46 47 48 49 50 51 52 53 54 55 56 57 58 59 60 61 62 63 64 65 66 67 69 70 71 72 73 74 75 76 77 78 79 80 81 82 83 84 85 86 87 88 89 90 91 92 93 94 95 96 97 98 99 100 101 102 103 104 105 106 107 108 109 110 111 112 113 114 115 116 117 118 119 120 121 122 123 124 125 126 127 128 129 130 131 132 133 134 135 136 137 138 139 140 141 142 143 144 145 146 147 148 149 150 151 152 153 154 155 156 157 158 159 160 161 162 163 164 165 166 167 168 169 170 171 172 173 174 175 176 177 178 179 180 181 182 183 184 185 186 187 188 189 191 192 193 194 195 196 197 198 199 200 201 202 203 204 205 206 207 208 209 210 211 212 213 214 215 216 217 218 219 220 221 222 223 224 225 226 227 228 229 230 231 232 233 234 235 236 237 238 239 240 241 242 243 244 245 246 247 248 249
40 397 43 44 49 52 55 56 58 64 67 72 73 74 75 78 79 81 82 83 84 93 95 97 100 102 104 106 107 112 118 119 121 132 137 138 139 149 151 152 154 155 157 160 163 168 174 175 176 177 181 184 188 189 191 192 196 197 199 203 204 205 207 211 212 214 218 220 221 224 225 231 232 236 239 241 242 243 244 245 246 247
41 260 212
42 343 43 44 46 47 49 52 54 55 56 58 59 62 64 67 72 73 74 75 76 78 79 81 82 83 84 93 95 96 97 100 101 102 104 106 107 112 117 118 119 120 121 122 127 130 131 132 133 134 137 138 139 149 151 152 154 155 156 157 158 160 161 163 168 170 174 175 176 177 181 184 188 189 191 192 193 196 197 198 199 201 202 203 204 205 207 208 209 211 212 214 215 218 219 220 221 224 225 227 228 231 232 233 236 237 239 241 242 243 244 245 246 247 248
43 380 44 45 46 47 48 49 50 52 54 55 56 58 59 60 62 63 64 66 67 70 72 73 74 75 76 78 79 80 81 82 83 84 89 91 93 95 96 97 100 101 102 103 104 106 107 109 110 112 114 117 118 119 120 121 122 123 124 125 126 127 130 131 132 133 134 137 138 139 144 145 149 151 152 153 154 155 156 157 158 160 161 163 168 170 171 172 173 174 175 176 177 179 181 182 184 186 187 188 189 191 192 193 196 197 198 199 201 202 203 204 205 207 208 209 211 212 214 215 218 219 220 221 223 224 225 227 228 229 230 231 232 233 236 237 239 241 242 243 244 245 246 247 248 249
44 289 45 46 47 48 49 50 52 54 55 56 58 59 60 62 63 64 66 67 70 71 72 73 74 75 76 78 79 80 81 82 83 84 87 89 91 93 95 96 97 100 101 102 103 104 105 106 107 109 110 111 112 113 114 115 116 117 118 119 120 121 122 123 124 125 126 127 128 130 131 132 133 134 135 137 138 139 141 143 144 145 149 151 152 153 154 155 156 157 158 160 161 162 163 164 165 168 170 171 172 173 174 175 176 177 179 181 182 184 185 186 187 188 189 191 192 193 194 195 196 197 198 199 200 201 202 203 204 205 207 208 209 210 211 212 213 214 215 216 218 219 220 221 223 224 225 227 228 229 230 231 232 233 236 237 238 239 241 242 243 244 245 246 247 248 249
45 331 49 52 55 56 58 62 64 67 72 73 74 75 78 79 81 82 83 84 93 95 97 100 101 102 104 106 107 112 118 119 120 121 132 137 138 139 149 151 152 154 155 157 160 163 168 170 174 175 176 177 181 184 188 189 191 192 196 197 199 203 204 205 207 211 212 214 218 220 221 224 225 231 232 236 239 241 242 243 244 245 246 247
46 385 49 52 54 55 56 58 59 62 64 67 72 73 74 75 76 78 79 81 82 83 84 93 95 97 100 101 102 104 106 107 112 118 119 120 121 122 130 131 132 134 137 138 139 149 151 152 154 155 157 158 160 161 163 168 170 174 175 176 177 181 184 188 189 191 192 193 196 197 198 199 203 204 205 207 208 209 211 212 214 215 218 220 221 224 225 227 228 231 232 233 236 237 239 241 242 243 244 245 246 247 248
47 250 49 52 55 56 58 59 62 64 67 72 73 74 75 76 78 79 81 82 83 84 93 95 97 100 101 102 104 106 107 112 118 119 120 121 131 132 137 138 139 149 151 152 154 155 157 158 160 163 168 170 174 175 176 177 181 184 188 189 191 192 196 197 198 199 203 204 205 207 208 211 212 214 218 220 221 224 225 228 231 232 233 236 237 239 241 242 243 244 245 246 247 248
48 365 49 52 55 56 58 64 67 72 73 74 75 78 79 81 82 83 84 93 95 97 100 102 104 106 107 112 118 119 121 132 137 138 139 149 151 152 154 155 157 160 163 168 174 175 176 177 181 184 188 189 191 192 196 197 199 203 204 205 207 211 212 214 218 220 221 224 225 231 232 236 239 241 242 243 244 245 246 247
49 441 50 52 54 55 56 58 59 60 62 63 64 66 67 70 72 73 74 75 76 78 79 80 81 82 83 84 89 91 93 95 96 97 100 101 102 103 104 106 107 109 110 111 112 114 115 116 117 118 119 120 121 122 123 124 125 126 127 128 130 131 132 133 134 135 137 138 139 141 143 144 145 149 151 152 153 154 155 156 157 158 160 161 162 163 164 165 168 170 171 172 173 174 175 176 177 179 181 182 184 185 186 187 188 189 191 192 193 194 195 196 197 198 199 200 201 202 203 204 205 207 208 209 210 211 212 213 214 215 216 218 219 220 221 223 224 225 227 228 229 230 231 232 233 236 237 238 239 241 242 243 244 245 246 247 248 249
50 263 52 55 56 58 64 67 72 73 74 75 78 79 81 83 84 93 95 97 100 102 104 106 107 112 118 119 121 132 137 138 139 149 151 152 154 155 157 160 163 168 174 175 176 177 181 184 188 192 196 197 199 203 204 205 207 211 212 214 218 220 221 224 225 231 232 236 239 241 242 243 245 246 247
51 296 67 73 75 78 84 95 97 100 102 104 106 107 139 154 157 163 168 174 175 176 177 197 203 205 211 212 214 225 231 232 236 241 243
52 492 54 55 56 58 59 62 64 67 72 73 74 75 76 78 79 80 81 82 83 84 89 91 93 95 96 97 100 101 102 103 104 106 107 109 110 112 114 117 118 119 120 121 122 125 126 127 130 131 132 133 134 137 138 139 144 145 149 151 152 154 155 156 157 158 160 161 163 168 170 172 173 174 175 176 177 179 181 184 187 188 189 191 192 193 196 197 198 199 201 202 203 204 205 207 208 209 211 212 214 215 218 219 220 221 224 225 227 228 229 230 231 232 233 236 237 239 241 242 243 244 245 246 247 248 249
53 253 67 75 78 84 95 97 100 102 104 107 139 154 168 174 176 177 203 211 212 214 231 232 241 243
54 255 55 56 58 59 62 64 67 72 73 74 75 76 78 79 81 82 83 84 93 95 97 100 101 102 104 106 107 112 118 119 120 121 122 127 130 131 132 134 137 138 139 149 151 152 154 155 156 157 158 160 161 163 168 170 174 175 176 177 181 184 188 189 191 192 193 196 197 198 199 203 204 205 207 208 209 211 212 214 215 218 219 220 221 224 225 227 228 231 232 233 236 237 239 241 242 243 244 245 246 247 248
55 431 56 58 59 62 64 67 72 73 74 75 76 78 79 80 81 82 83 84 89 91 93 95 96 97 100 101 102 103 104 106 107 109 112 114 117 118 119 120 121 122 125 126 127 130 131 132 133 134 137 138 139 144 149 151 152 154 155 156 157 158 160 161 163 168 170 174 175 176 177 179 181 184 187 188 189 191 192 193 196 197 198 199 201 202 203 204 205 207 208 209 211 212 214 215 218 219 220 221 224 225 227 228 229 230 231 232 233 236 237 239 241 242 243 244 245 246 247 248 249
56 260 58 59 60 62 63 64 66 67 70 72 73 74 75 76 78 79 80 81 82 83 84 89 91 93 95 96 97 100 101 102 103 104 106 107 109 110 111 112 114 115 116 117 118 119 120 121 122 123 124 125 126 127 128 130 131 132 133 134 135 137 138 139 141 143 144 145 149 151 152 153 154 155 156 157 158 160 161 162 163 164 165 168 170 171 172 173 174 175 176 177 179 181 182 184 185 186 187 188 189 191 192 193 194 195 196 197 198 199 200 201 202 203 204 205 207 208 209 210 211 212 213 214 215 216 218 219 220 221 223 224 225 227 228 229 230 231 232 233 236 237 238 239 241 242 243 244 245 246 247 248 249
57 309 67 73 75 78 84 95 97 100 102 104 107 139 154 157 163 168 174 175 176 177 197 203 205 211 212 214 225 231 232 236 241 243
58 487 59 62 64 67 72 73 74 75 76 78 79 80 81 82 83 84 89 91 93 95 96 97 100 101 102 103 104 106 107 109 110 112 114 117 118 119 120 121 122 125 126 127 130 131 132 133 134 137 138 139 144 145 149 151 152 154 155 156 157 158 160 161 163 168 170 172 173 174 175 176 177 179 181 184 187 188 189 191 192 193 196 197 198 199 201 202 203 204 205 207 208 209 211 212 214 215 218 219 220 221 223 224 225 227 228 229 230 231 232 233 236 237 239 241 242 243 244 245 246 247 248 249
59 255 62 64 67 72 73 74 75 76 78 79 81 82 83 84 93 95 97 100 101 102 104 106 107 112 117 118 119 120 121 122 127 130 131 132 133 134 137 138 139 149 151 152 154 155 156 157 158 160 161 163 168 170 174 175 176 177 181 184 188 189 191 192 193 196 197 198 199 203 204 205 207 208 209 211 212 214 215 218 219 220 221 224 225 227 228 231 232 233 236 237 239 241 242 243 244 245 246 247 248
60 258 67 72 73 75 78 81 83 84 93 95 97 100 102 104 106 107 112 119 132 137 139 151 152 154 157 160 163 168 174 175 176 177 181 184 197 203 205 207 211 212 214 218 220 221 225 231 232 236 239 241 242 243 247
61 407 67 75 78 97 100 102 104 139 154 168 176 212 214 232
62 259 64 67 72 73 74 75 76 78 79 80 81 82 83 84 89 91 93 95 96 97 100 101 102 103 104 106 107 112 117 118 119 120 121 122 125 127 130 131 132 133 134 137 138 139 149 151 152 154 155 156 157 158 160 161 163 168 170 174 175 176 177 181 184 187 188 189 191 192 193 196 197 198 199 201 202 203 204 205 207 208 209 211 212 214 215 218 219 220 221 224 225 227 228 231 232 233 236 237 239 241 242 243 244 245 246 247 248 249
63 334 67 72 73 75 78 81 83 84 93 95 97 100 102 104 106 107 112 119 121 132 137 139 149 151 152 154 157 160 163 168 174 175 176 177 181 184 196 197 203 205 207 211 212 214 218 220 221 225 231 232 236 239 241 242 243 247
64 480 67 72 73 74 75 76 78 79 80 81 82 83 84 89 91 93 95 96 97 100 101 102 103 104 106 107 109 112 114 117 118 119 120 121 122 125 126 127 130 131 132 133 134 137 138 139 144 145 149 151 152 154 155 156 157 158 160 161 163 168 170 174 175 176 177 179 181 184 187 188 189 191 192 193 196 197 198 199 201 202 203 204 205 207 208 209 211 212 214 215 218 219 220 221 224 225 227 228 229 230 231 232 233 236 237 239 241 242 243 244 245 246 247 248 249
65 255 67 75 78 84 95 97 100 102 104 107 139 154 168 174 176 203 211 212 214 232 243
66 265 67 72 73 75 78 81 83 84 93 95 97 100 102 104 106 107 112 119 137 139 151 152 154 157 160 163 168 174 175 176 177 181 184 197 203 205 211 212 214 218 220 221 225 231 232 236 239 241 242 243
67 428 69 70 71 72 73 74 75 76 77 78 79 80 81 82 83 84 85 86 87 88 89 90 91 92 93 94 95 96 97 98 99 100 101 102 103 104 105 106 107 108 109 110 111 112 113 114 115 116 117 118 119 120 121 122 123 124 125 126 127 128 129 130 131 132 133 134 135 136 137 138 139 140 141 142 143 144 145 146 147 148 149 150 151 152 153 154 155 156 157 158 159 160 161 162 163 164 165 166 167 168 169 170 171 172 173 174 175 176 177 178 179 181 182 183 184 185 186 187 188 189 191 192 193 194 195 196 197 198 199 200 201 202 203 204 205 206 207 208 209 210 211 212 213 214 215 216 217 218 219 220 221 222 223 224 225 226 227 228 229 230 231 232 233 234 235 236 237 238 239 240 241 242 243 244 245 246 247 248 249
68 279 102 154 212
69 293 75 78 84 95 97 100 102 104 107 139 154 168 174 176 203 211 212 214 232 243
70 387 72 73 75 78 81 83 84 93 95 97 100 102 104 106 107 112 119 137 139 151 152 154 157 160 163 168 174 175 176 177 181 184 197 203 205 211 212 214 218 220 221 225 231 232 236 239 241 242 243
71 281 72 73 75 78 81 84 95 97 100 102 104 106 107 112 119 139 154 157 160 163 168 174 175 176 177 197 203 205 211 212 214 220 225 231 232 236 239 241 242 243
72 332 73 74 75 76 78 79 80 81 82 83 84 87 89 91 93 95 96 97 100 101 102 103 104 106 107 109 110 111 112 114 115 116 117 118 119 120 121 122 123 124 125 126 127 128 130 131 132 133 134 135 137 138 139 141 143 144 145 149 151 152 153 154 155 156 157 158 160 161 162 163 164 165 168 170 171 172 173 174 175 176 177 179 181 182 184 185 186 187 188 189 191 192 193 194 195 196 197 198 199 200 201 202 203 204 205 207 208 209 210 211 212 213 214 215 216 218 219 220 221 223 224 225 227 228 229 230 231 232 233 236 237 238 239 241 242 243 244 245 246 247 248 249
73 444 74 75 76 78 79 80 81 82 83 84 86 87 89 90 91 92 93 95 96 97 99 100 101 102 103 104 105 106 107 109 110 111 112 113 114 115 116 117 118 119 120 121 122 123 124 125 126 127 128 130 131 132 133 134 135 137 138 139 141 142 143 144 145 146 149 151 152 153 154 155 156 157 158 159 160 161 162 163 164 165 167 168 169 170 171 172 173 174 175 176 177 179 181 182 183 184 185 186 187 188 189 191 192 193 194 195 196 197 198 199 200 201 202 203 204 205 206 207 208 209 210 211 212 213 214 215 216 217 218 219 220 221 223 224 225 227 228 229 230 231 232 233 236 237 238 239 241 242 243 244 245 246 247 248 249
74 251 75 76 78 79 80 81 82 83 84 89 91 93 95 96 97 100 101 102 103 104 106 107 109 110 112 114 117 118 119 120 121 122 125 126 127 130 131 132 133 134 137 138 139 144 145 149 151 152 154 155 156 157 158 160 161 163 168 170 172 173 174 175 176 177 179 181 184 187 188 189 191 192 193 196 197 198 199 201 202 203 204 205 207 208 209 211 212 214 215 218 219 220 221 223 224 225 227 228 229 230 231 232 233 236 237 239 241 242 243 244 245 246 247 248 249
75 305 76 78 79 80 81 82 83 84 86 87 88 89 90 91 92 93 94 95 96 97 98 99 100 101 102 103 104 105 106 107 108 109 110 111 112 113 114 115 116 117 118 119 120 121 122 123 124 125 126 127 128 129 130 131 132 133 134 135 136 137 138 139 140 141 142 143 144 145 146 147 148 149 150 151 152 153 154 155 156 157 158 159 160 161 162 163 164 165 166 167 168 169 170 171 172 173 174 175 176 177 178 179 181 182 183 184 185 186 187 188 189 191 192 193 194 195 196 197 198 199 200 201 202 203 204 205 206 207 208 209 210 211 212 213 214 215 216 217 218 219 220 221 222 223 224 225 226 227 228 229 230 231 232 233 234 235 236 237 238 239 240 241 242 243 244 245 246 247 248 249
76 489 78 79 81 82 83 84 93 95 96 97 100 101 102 104 106 107 112 117 118 119 120 121 122 127 130 131 132 133 134 137 138 139 149 151 152 154 155 156 157 158 160 161 163 168 170 174 175 176 177 181 184 188 189 191 192 193 196 197 198 199 201 202 203 204 205 207 208 209 211 212 214 215 218 219 220 221 224 225 227 228 231 232 233 236 237 239 241 242 243 244 245 246 247 248
77 254 78 100 102 104 139 154 212
78 257 79 80 81 82 83 84 85 86 87 88 89 90 91 92 93 94 95 96 97 98 99 100 101 102 103 104 105 106 107 108 109 110 111 112 113 114 115 116 117 118 119 120 121 122 123 124 125 126 127 128 129 130 131 132 133 134 135 136 137 138 139 140 141 142 143 144 145 146 147 148 149 150 151 152 153 154 155 156 157 158 159 160 161 162 163 164 165 166 167 168 169 170 171 172 173 174 175 176 177 178 179 180 181 182 183 184 185 186 187 188 189 191 192 193 194 195 196 197 198 199 200 201 202 203 204 205 206 207 208 209 210 211 212 213 214 215 216 217 218 219 220 221 222 223 224 225 226 227 228 229 230 231 232 233 234 235 236 237 238 239 240 241 242 243 244 245 246 247 248 249
79 372 80 81 82 83 84 89 91 93 95 96 97 100 101 102 103 104 106 107 109 110 112 114 117 118 119 120 121 122 125 126 127 130 131 132 133 134 137 138 139 144 145 149 151 152 154 155 156 157 158 160 161 163 168 170 172 173 174 175 176 177 179 181 182 184 187 188 189 191 192 193 196 197 198 199 201 202 203 204 205 207 208 209 211 212 214 215 218 219 220 221 223 224 225 227 228 229 230 231 232 233 236 237 239 241 242 243 244 245 246 247 248 249
80 251 81 82 83 84 93 95 97 100 102 104 106 107 112 118 119 121 132 137 138 139 149 151 152 154 155 157 160 163 168 170 174 175 176 177 181 184 188 189 191 192 196 197 199 203 204 205 207 211 212 214 218 220 221 224 225 231 232 236 239 241 242 243 244 245 246 247
81 377 82 83 84 87 89 91 93 95 96 97 100 101 102 103 104 105 106 107 109 110 111 112 113 114 115 116 117 118 119 120 121 122 123 124 125 126 127 128 130 131 132 133 134 135 137 138 139 141 143 144 145 149 151 152 153 154 155 156 157 158 160 161 162 163 164 165 168 170 171 172 173 174 175 176 177 179 181 182 184 185 186 187 188 189 191 192 193 194 195 196 197 198 199 200 201 202 203 204 205 207 208 209 210 211 212 213 214 215 216 217 218 219 220 221 223 224 225 227 228 229 230 231 232 233 236 237 238 239 241 242 243 244 245 246 247 248 249
82 452 83 84 89 91 93 95 96 97 100 101 102 103 104 106 107 112 114 117 118 119 120 121 122 125 127 130 131 132 133 134 137 138 139 144 149 151 152 154 155 156 157 158 160 161 163 168 170 174 175 176 177 179 181 184 187 188 189 191 192 193 196 197 198 199 201 202 203 204 205 207 208 209 211 212 214 215 218 219 220 221 224 225 227 228 229 230 231 232 233 236 237 239 241 242 243 244 245 246 247 248 249
83 257 84 89 91 93 95 96 97 100 101 102 103 104 106 107 109 110 112 114 117 118 119 120 121 122 123 124 125 126 127 128 130 131 132 133 134 135 137 138 139 141 144 145 149 151 152 153 154 155 156 157 158 160 161 162 163 165 168 170 171 172 173 174 175 176 177 179 181 182 184 185 186 187 188 189 191 192 193 194 196 197 198 199 201 202 203 204 205 207 208 209 210 211 212 214 215 216 218 219 220 221 223 224 225 227 228 229 230 231 232 233 236 237 239 241 242 243 244 245 246 247 248 249
84 291 86 87 89 90 91 92 93 95 96 97 98 99 100 101 102 103 104 105 106 107 108 109 110 111 112 113 114 115 116 117 118 119 120 121 122 123 124 125 126 127 128 129 130 131 132 133 134 135 136 137 138 139 140 141 142 143 144 145 146 147 148 149 150 151 152 153 154 155 156 157 158 159 160 161 162 163 164 165 166 167 168 169 170 171 172 173 174 175 176 177 179 181 182 183 184 185 186 187 188 189 191 192 193 194 195 196 197 198 199 200 201 202 203 204 205 206 207 208 209 210 211 212 213 214 215 216 217 218 219 220 221 222 223 224 225 227 228 229 230 231 232 233 234 236 237 238 239 240 241 242 243 244 245 246 247 248 249
85 428 100 102 104 139 154 176 212
86 271 95 97 100 102 104 107 139 154 157 168 174 176 177 197 203 205 211 212 214 231 232 236 241 243
87 301 95 97 100 102 104 106 107 112 119 139 154 157 160 163 168 174 175 176 177 197 203 205 211 212 214 220 225 231 232 236 239 241 242 243
88 422 100 102 104 139 154 168 176 212 214 232
89 253 93 95 97 100 102 104 106 107 112 118 119 121 132 137 138 139 149 151 152 154 155 157 160 163 168 170 174 175 176 177 181 184 188 189 191 192 196 197 199 203 204 205 207 211 212 214 218 220 221 224 225 231 232 236 239 241 242 243 244 245 246 247
90 325 95 97 100 102 104 106 107 139 154 157 163 168 174 175 176 177 197 203 205 211 212 214 225 231 232 236 241 243
91 358 93 95 97 100 101 102 104 106 107 112 118 119 120 121 132 137 138 139 149 151 152 154 155 157 160 163 168 170 174 175 176 177 181 184 188 189 191 192 196 197 199 203 204 205 207 208 211 212 214 218 220 221 224 225 231 232 233 236 237 239 241 242 243 244 245 246 247 248
92 260 95 97 100 102 104 106 107 139 154 157 163 168 174 175 176 177 197 203 205 211 212 214 225 231 232 236 241 243
93 382 95 96 97 100 101 102 103 104 106 107 109 110 112 114 117 118 119 120 121 122 123 124 125 126 127 128 130 131 132 133 134 135 137 138 139 141 144 145 149 151 152 153 154 155 156 157 158 160 161 162 163 164 165 168 170 171 172 173 174 175 176 177 179 181 182 184 185 186 187 188 189 191 192 193 194 196 197 198 199 201 202 203 204 205 207 208 209 210 211 212 213 214 215 216 218 219 220 221 223 224 225 227 228 229 230 231 232 233 236 237 239 241 242 243 244 245 246 247 248 249
94 497 100 102 104 139 154 168 176 212 214 232
95 250 96 97 98 99 100 101 102 103 104 105 106 107 108 109 110 111 112 113 114 115 116 117 118 119 120 121 122 123 124 125 126 127 128 129 130 131 132 133 134 135 136 137 138 139 140 141 142 143 144 145 146 147 148 149 150 151 152 153 154 155 156 157 158 159 160 161 162 163 164 165 166 167 168 169 170 171 172 173 174 175 176 177 179 181 182 183 184 185 186 187 188 189 191 192 193 194 195 196 197 198 199 200 201 202 203 204 205 206 207 208 209 210 211 212 213 214 215 216 217 218 219 220 221 222 223 224 225 227 228 229 230 231 232 233 234 236 237 238 239 240 241 242 243 244 245 246 247 248 249
96 253 97 100 101 102 104 106 107 112 118 119 120 121 131 132 137 138 139 149 151 152 154 155 157 158 160 163 168 170 174 175 176 177 181 184 188 189 191 192 196 197 199 203 204 205 207 208 211 212 214 218 220 221 224 225 228 231 232 233 236 237 239 241 242 243 244 245 246 247 248
97 382 98 99 100 101 102 103 104 105 106 107 108 109 110 111 112 113 114 115 116 117 118 119 120 121 122 123 124 125 126 127 128 129 130 131 132 133 134 135 136 137 138 139 140 141 142 143 144 145 146 147 148 149 150 151 152 153 154 155 156 157 158 159 160 161 162 163 164 165 166 167 168 169 170 171 172 173 174 175 176 177 179 181 182 183 184 185 186 187 188 189 191 192 193 194 195 196 197 198 199 200 201 202 203 204 205 206 207 208 209 210 211 212 213 214 215 216 217 218 219 220 221 222 223 224 225 226 227 228 229 230 231 232 233 234 235 236 237 238 239 240 241 242 243 244 245 246 247 248 249
98 306 100 102 104 107 139 154 168 174 176 203 211 212 214 231 232 243
99 312 100 102 104 106 107 139 154 157 163 168 174 175 176 177 197 203 205 211 212 214 225 231 232 236 241 243
100 359 101 102 103 104 105 106 107 108 109 110 111 112 113 114 115 116 117 118 119 120 121 122 123 124 125 126 127 128 129 130 131 132 133 134 135 136 137 138 139 140 141 142 143 144 145 146 147 148 149 150 151 152 153 154 155 156 157 158 159 160 161 162 163 164 165 166 167 168 169 170 171 172 173 174 175 176 177 178 179 180 181 182 183 184 185 186 187 188 189 191 192 193 194 195 196 197 198 199 200 201 202 203 204 205 206 207 208 209 210 211 212 213 214 215 216 217 218 219 220 221 222 223 224 225 226 227 228 229 230 231 232 233 234 235 236 237 238 239 240 241 242 243 244 245 246 247 248 249
101 269 102 103 104 106 107 112 117 118 119 120 121 122 127 130 131 132 133 134 137 138 139 149 151 152 154 155 156 157 158 160 161 163 168 170 174 175 176 177 181 184 188 189 191 192 193 196 197 198 199 201 202 203 204 205 207 208 209 211 212 214 215 218 219 220 221 224 225 227 228 231 232 233 236 237 239 241 242 243 244 245 246 247 248 249
102 372 103 104 105 106 107 108 109 110 111 112 113 114 115 116 117 118 119 120 121 122 123 124 125 126 127 128 129 130 131 132 133 134 135 136 137 138 139 140 141 142 143 144 145 146 147 148 149 150 151 152 153 154 155 156 157 158 159 160 161 162 163 164 165 166 167 168 169 170 171 172 173 174 175 176 177 178 179 180 181 182 183 184 185 186 187 188 189 191 192 193 194 195 196 197 198 199 200 201 202 203 204 205 206 207 208 209 210 211 212 213 214 215 216 217 218 219 220 221 222 223 224 225 226 227 228 229 230 231 232 233 234 235 236 237 238 239 240 241 242 243 244 245 246 247 248 249
103 409 104 106 107 112 118 119 120 121 132 137 138 139 149 151 152 154 155 157 160 163 168 170 174 175 176 177 181 184 188 189 191 192 196 197 199 203 204 205 207 208 211 212 214 218 220 221 224 225 231 232 233 236 237 239 241 242 243 244 245 246 247 248
104 293 105 106 107 108 109 110 111 112 113 114 115 116 117 118 119 120 121 122 123 124 125 126 127 128 129 130 131 132 133 134 135 136 137 138 139 140 141 142 143 144 145 146 147 148 149 150 151 152 153 154 155 156 157 158 159 160 161 162 163 164 165 166 167 168 169 170 171 172 173 174 175 176 177 178 179 180 181 182 183 184 185 186 187 188 189 191 192 193 194 195 196 197 198 199 200 201 202 203 204 205 206 207 208 209 210 211 212 213 214 215 216 217 218 219 220 221 222 223 224 225 226 227 228 229 230 231 232 233 234 235 236 237 238 239 240 241 242 243 244 245 246 247 248 249
105 298 106 107 112 119 139 154 157 160 163 168 174 175 176 177 197 203 205 211 212 214 220 225 231 232 236 241 243
106 491 107 109 110 111 112 113 114 115 116 117 118 119 120 121 122 123 124 125 126 127 128 130 131 132 133 134 135 137 138 139 141 142 143 144 145 149 151 152 153 154 155 156 157 158 160 161 162 163 164 165 167 168 169 170 171 172 173 174 175 176 177 179 181 182 183 184 185 186 187 188 189 191 192 193 194 195 196 197 198 199 200 201 202 203 204 205 207 208 209 210 211 212 213 214 215 216 217 218 219 220 221 223 224 225 227 228 229 230 231 232 233 236 237 238 239 241 242 243 244 245 246 247 248 249
107 252 108 109 110 111 112 113 114 115 116 117 118 119 120 121 122 123 124 125 126 127 128 129 130 131 132 133 134 135 136 137 138 139 140 141 142 143 144 145 146 147 148 149 150 151 152 153 154 155 156 157 158 159 160 161 162 163 164 165 166 167 168 169 170 171 172 173 174 175 176 177 179 181 182 183 184 185 186 187 188 189 191 192 193 194 195 196 197 198 199 200 201 202 203 204 205 206 207 208 209 210 211 212 213 214 215 216 217 218 219 220 221 222 223 224 225 227 228 229 230 231 232 233 234 236 237 238 239 240 241 242 243 244 245 246 247 248 249
108 257 139 154 168 174 176 203 211 212 214 231 232 243
109 434 112 118 119 121 132 137 138 139 149 151 152 154 155 157 160 163 168 174 175 176 177 181 184 188 192 196 197 199 203 204 205 207 211 212 214 218 220 221 224 225 231 232 236 239 241 242 243 245 246 247
110 271 112 118 119 121 132 137 139 149 151 152 154 155 157 160 163 168 174 175 176 177 181 184 188 196 197 199 203 204 205 207 211 212 214 218 220 221 224 225 231 232 236 239 241 242 243 245 246 247
111 295 112 119 139 152 154 157 160 163 168 174 175 176 177 197 203 205 211 212 214 220 225 231 232 236 239 241 242 243
112 369 114 115 116 117 118 119 120 121 122 123 124 125 126 127 128 130 131 132 133 134 135 137 138 139 141 143 144 145 149 151 152 153 154 155 156 157 158 160 161 162 163 164 165 168 170 171 172 173 174 175 176 177 179 181 182 184 185 186 187 188 189 191 192 193 194 195 196 197 198 199 200 201 202 203 204 205 207 208 209 210 211 212 213 214 215 216 218 219 220 221 223 224 225 227 228 229 230 231 232 233 236 237 238 239 241 242 243 244 245 246 247 248 249
113 252 119 139 154 157 160 163 168 174 175 176 177 197 203 205 211 212 214 220 225 231 232 236 241 243
114 379 118 119 121 132 137 138 139 149 151 152 154 155 157 160 163 168 174 175 176 177 181 184 188 189 191 192 196 197 199 203 204 205 207 211 212 214 218 220 221 224 225 231 232 236 239 241 242 243 244 245 246 247
115 383 119 139 151 152 154 157 160 163 168 174 175 176 177 181 197 203 205 211 212 214 218 220 225 231 232 236 239 241 242 243
116 288 119 139 151 152 154 157 160 163 168 174 175 176 177 181 197 203 205 211 212 214 218 220 225 231 232 236 239 241 242 243
117 329 118 119 120 121 131 132 137 138 139 149 151 152 154 155 157 158 160 163 168 170 174 175 176 177 181 184 188 189 191 192 196 197 198 199 203 204 205 207 208 211 212 214 218 220 221 224 225 228 231 232 233 236 237 239 241 242 243 244 245 246 247 248
118 393 119 120 121 122 125 126 127 130 131 132 133 134 137 138 139 144 145 149 151 152 154 155 156 157 158 160 161 163 168 170 172 173 174 175 176 177 179 181 184 187 188 189 191 192 193 196 197 198 199 201 202 203 204 205 207 208 209 211 212 214 215 218 219 220 221 224 225 227 228 229 230 231 232 233 236 237 239 241 242 243 244 245 246 247 248 249
119 263 120 121 122 123 124 125 126 127 128 130 131 132 133 134 135 137 138 139 141 143 144 145 149 151 152 153 154 155 156 157 158 160 161 162 163 164 165 168 170 171 172 173 174 175 176 177 179 181 182 184 185 186 187 188 189 191 192 193 194 195 196 197 198 199 200 201 202 203 204 205 207 208 209 210 211 212 213 214 215 216 218 219 220 221 223 224 225 227 228 229 230 231 232 233 236 237 238 239 241 242 243 244 245 246 247 248 249
120 344 121 122 125 127 130 131 132 133 134 137 138 139 149 151 152 154 155 156 157 158 160 161 163 168 170 174 175 176 177 181 184 187 188 189 191 192 193 196 197 198 199 201 202 203 204 205 207 208 209 211 212 214 215 218 219 220 221 224 225 227 228 231 232 233 236 237 239 241 242 243 244 245 246 247 248 249
121 438 122 124 125 126 127 130 131 132 133 134 137 138 139 144 145 149 151 152 153 154 155 156 157 158 160 161 163 168 170 172 173 174 175 176 177 179 181 182 184 187 188 189 191 192 193 196 197 198 199 201 202 203 204 205 207 208 209 211 212 214 215 218 219 220 221 223 224 225 227 228 229 230 231 232 233 236 237 239 241 242 243 244 245 246 247 248 249
122 259 127 130 131 132 133 134 137 138 139 149 151 152 154 155 156 157 158 160 161 163 168 170 174 175 176 177 181 184 188 189 191 192 193 196 197 198 199 203 204 205 207 208 209 211 212 214 215 218 219 220 221 224 225 227 228 231 232 233 236 237 239 241 242 243 244 245 246 247 248
123 303 132 137 139 151 152 154 157 160 163 168 174 175 176 177 181 184 197 203 205 207 211 212 214 218 220 221 225 231 232 236 239 241 242 243 247
124 451 132 137 139 149 151 152 154 157 160 163 168 174 175 176 177 181 184 196 197 203 205 207 211 212 214 218 220 221 225 231 232 236 239 241 242 243 247
125 267 132 137 138 139 149 151 152 154 155 157 160 163 168 170 174 175 176 177 181 184 188 189 191 192 196 197 199 203 204 205 207 211 212 214 218 220 221 224 225 231 232 236 239 241 242 243 244 245 246 247
126 282 132 137 138 139 149 151 152 154 155 157 160 163 168 174 175 176 177 181 184 188 192 196 197 199 203 204 205 207 211 212 214 218 220 221 224 225 231 232 236 239 241 242 243 244 245 246 247
127 494 130 131 132 137 138 139 149 151 152 154 155 157 158 160 163 168 170 174 175 176 177 181 184 188 189 191 192 196 197 198 199 203 204 205 207 208 211 212 214 218 220 221 224 225 227 228 231 232 233 236 237 239 241 242 243 244 245 246 247 248
128 252 139 151 152 154 157 160 163 168 174 175 176 177 181 197 203 205 211 212 214 218 220 221 225 231 232 236 239 241 242 243
129 254 139 154 168 174 176 203 211 212 214 231 232 243
130 391 131 132 133 134 137 138 139 149 151 152 154 155 156 157 158 160 161 163 168 170 174 175 176 177 181 184 188 189 191 192 193 196 197 198 199 203 204 205 207 208 209 211 212 214 215 218 219 220 221 224 225 227 228 231 232 233 236 237 239 241 242 243 244 245 246 247 248
131 288 132 133 134 137 138 139 149 151 152 154 155 156 157 158 160 161 163 168 170 174 175 176 177 181 184 188 189 191 192 193 196 197 198 199 201 203 204 205 207 208 209 211 212 214 215 218 219 220 221 224 225 227 228 231 232 233 236 237 239 241 242 243 244 245 246 247 248
132 321 133 134 137 138 139 144 145 149 151 152 153 154 155 156 157 158 160 161 163 168 170 172 173 174 175 176 177 179 181 182 184 187 188 189 191 192 193 196 197 198 199 201 202 203 204 205 207 208 209 211 212 214 215 218 219 220 221 223 224 225 227 228 229 230 231 232 233 236 237 239 241 242 243 244 245 246 247 248 249
133 376 137 138 139 149 151 152 154 155 157 158 160 163 168 170 174 175 176 177 181 184 188 189 191 192 196 197 198 199 203 204 205 207 208 211 212 214 218 220 221 224 225 227 228 231 232 233 236 237 239 241 242 243 244 245 246 247 248
134 264 137 138 139 149 151 152 154 155 157 158 160 163 168 170 174 175 176 177 181 184 188 189 191 192 196 197 198 199 203 204 205 207 208 211 212 214 215 218 220 221 224 225 227 228 231 232 233 236 237 239 241 242 243 244 245 246 247 248
135 360 139 151 152 154 157 160 163 168 174 175 176 177 181 197 203 205 211 212 214 218 220 221 225 231 232 236 239 241 242 243
136 499 139 154 168 174 176 177 203 211 212 214 231 232 241 243
137 250 138 139 144 145 149 151 152 153 154 155 156 157 158 160 161 163 165 168 170 171 172 173 174 175 176 177 179 181 182 184 186 187 188 189 191 192 193 196 197 198 199 201 202 203 204 205 207 208 209 211 212 214 215 218 219 220 221 223 224 225 227 228 229 230 231 232 233 236 237 239 241 242 243 244 245 246 247 248 249
138 251 139 144 145 149 151 152 154 155 156 157 158 160 161 163 168 170 174 175 176 177 179 181 184 187 188 189 191 192 193 196 197 198 199 201 202 203 204 205 207 208 209 211 212 214 215 218 219 220 221 224 225 227 228 229 230 231 232 233 236 237 239 241 242 243 244 245 246 247 248 249
139 381 140 141 142 143 144 145 146 147 148 149 150 151 152 153 154 155 156 157 158 159 160 161 162 163 164 165 166 167 168 169 170 171 172 173 174 175 176 177 178 179 181 182 183 184 185 186 187 188 189 191 192 193 194 195 196 197 198 199 200 201 202 203 204 205 206 207 208 209 210 211 212 213 214 215 216 217 218 219 220 221 222 223 224 225 226 227 228 229 230 231 232 233 234 235 236 237 238 239 240 241 242 243 244 245 246 247 248 249
140 255 154 168 174 176 177 203 211 212 214 231 232 241 243
141 364 151 152 154 157 160 163 168 174 175 176 177 181 197 203 205 211 212 214 218 220 221 225 231 232 236 239 241 242 243
142 353 154 157 163 168 174 175 176 177 197 203 205 211 212 214 225 231 232 236 241 243
143 311 154 157 160 163 168 174 175 176 177 197 203 205 211 212 214 220 225 231 232 236 239 241 242 243
144 336 149 151 152 154 155 157 160 163 168 174 175 176 177 181 184 188 191 192 196 197 199 203 204 205 207 211 212 214 218 220 221 224 225 231 232 236 239 241 242 243 244 245 246 247
145 440 149 151 152 154 155 157 160 163 168 174 175 176 177 181 184 188 196 197 199 203 204 205 207 211 212 214 218 220 221 224 225 231 232 236 239 241 242 243 245 246 247
146 269 154 157 163 168 174 175 176 177 197 203 205 211 212 214 225 231 232 236 241 243
147 291 154 168 174 176 177 203 211 212 214 231 232 241 243
148 457 154 168 174 176 177 203 211 212 214 231 232 241 243
149 267 151 152 153 154 155 156 157 158 160 161 163 168 170 172 173 174 175 176 177 179 181 182 184 187 188 189 191 192 193 196 197 198 199 201 202 203 204 205 207 208 209 211 212 214 215 218 219 220 221 223 224 225 227 228 229 230 231 232 233 236 237 239 241 242 243 244 245 246 247 248 249
150 276 154 168 174 176 203 211 212 214 232
151 452 152 153 154 155 156 157 158 160 161 162 163 164 165 168 170 171 172 173 174 175 176 177 179 181 182 184 185 186 187 188 189 191 192 193 194 195 196 197 198 199 201 202 203 204 205 207 208 209 210 211 212 213 214 215 216 218 219 220 221 223 224 225 227 228 229 230 231 232 233 236 237 238 239 241 242 243 244 245 246 247 248 249
152 270 153 154 155 156 157 158 160 161 162 163 164 165 168 170 171 172 173 174 175 176 177 179 181 182 184 185 186 187 188 189 191 192 193 194 195 196 197 198 199 201 202 203 204 205 207 208 209 210 211 212 213 214 215 216 218 219 220 221 223 224 225 227 228 229 230 231 232 233 236 237 238 239 241 242 243 244 245 246 247 248 249
153 278 154 157 160 163 168 174 175 176 177 181 184 196 197 203 205 207 211 212 214 218 220 221 225 231 232 236 239 241 242 243 247
154 404 155 156 157 158 159 160 161 162 163 164 165 166 167 168 169 170 171 172 173 174 175 176 177 178 179 180 181 182 183 184 185 186 187 188 189 190 191 192 193 194 195 196 197 198 199 200 201 202 203 204 205 206 207 208 209 210 211 212 213 214 215 216 217 218 219 220 221 222 223 224 225 226 227 228 229 230 231 232 233 234 235 236 237 238 239 240 241 242 243 244 245 246 247 248 249
155 262 156 157 158 160 161 163 168 170 172 173 174 175 176 177 179 181 184 187 188 189 191 192 193 196 197 198 199 201 202 203 204 205 207 208 209 211 212 214 215 218 219 220 221 223 224 225 227 228 229 230 231 232 233 236 237 239 241 242 243 244 245 246 247 248 249
156 334 157 158 160 163 168 170 174 175 176 177 181 184 188 189 191 192 196 197 198 199 203 204 205 207 208 211 212 214 215 218 220 221 224 225 227 228 231 232 233 236 237 239 241 242 243 244 245 246 247 248
157 398 158 159 160 161 162 163 164 165 167 168 169 170 171 172 173 174 175 176 177 179 181 182 183 184 185 186 187 188 189 191 192 193 194 195 196 197 198 199 200 201 202 203 204 205 206 207 208 209 210 211 212 213 214 215 216 217 218 219 220 221 223 224 225 227 228 229 230 231 232 233 236 237 238 239 241 242 243 244 245 246 247 248 249
158 293 160 161 163 168 170 174 175 176 177 181 184 188 189 191 192 193 196 197 198 199 201 202 203 204 205 207 208 209 211 212 214 215 218 219 220 221 224 225 227 228 231 232 233 236 237 239 241 242 243 244 245 246 247 248 249
159 309 163 168 174 176 177 197 203 205 211 212 214 225 231 232 236 241 243
160 360 161 162 163 164 165 168 170 171 172 173 174 175 176 177 179 181 182 184 185 186 187 188 189 191 192 193 194 195 196 197 198 199 200 201 202 203 204 205 207 208 209 210 211 212 213 214 215 216 217 218 219 220 221 223 224 225 227 228 229 230 231 232 233 236 237 238 239 241 242 243 244 245 246 247 248 249
161 279 163 168 170 174 175 176 177 181 184 188 189 191 192 196 197 198 199 203 204 205 207 208 211 212 214 215 218 220 221 224 225 227 228 231 232 233 236 237 239 241 242 243 244 245 246 247 248
162 361 163 168 174 175 176 177 181 197 203 205 211 212 214 218 220 221 225 231 232 236 239 241 242 243
163 425 164 165 167 168 169 170 171 172 173 174 175 176 177 179 181 182 183 184 185 186 187 188 189 191 192 193 194 195 196 197 198 199 200 201 202 203 204 205 207 208 209 210 211 212 213 214 215 216 217 218 219 220 221 223 224 225 227 228 229 230 231 232 233 236 237 238 239 241 242 243 244 245 246 247 248 249
164 284 168 174 175 176 177 181 197 203 205 211 212 214 218 220 221 225 231 232 236 239 241 242 243
165 291 168 174 175 176 177 181 184 197 203 205 211 212 214 218 220 221 225 231 232 236 239 241 242 243
166 491 168 174 176 177 203 211 212 214 231 232 241 243
167 251 168 174 175 176 177 197 203 205 211 212 214 225 231 232 236 241 243
168 258 169 170 171 172 173 174 175 176 177 178 179 181 182 183 184 185 186 187 188 189 191 192 193 194 195 196 197 198 199 200 201 202 203 204 205 206 207 208 209 210 211 212 213 214 215 216 217 218 219 220 221 222 223 224 225 226 227 228 229 230 231 232 233 234 235 236 237 238 239 240 241 242 243 244 245 246 247 248 249
169 451 174 175 176 177 197 203 205 211 212 214 225 231 232 236 241 243
170 272 174 175 176 177 181 184 187 188 189 191 192 193 196 197 198 199 201 202 203 204 205 207 208 209 211 212 214 215 218 219 220 221 224 225 227 228 231 232 233 236 237 239 241 242 243 244 245 246 247 248 249
171 277 174 175 176 177 181 184 197 203 205 211 212 214 218 220 221 225 231 232 236 239 241 242 243 247
172 446 174 175 176 177 181 184 188 196 197 199 203 204 205 207 211 212 214 218 220 221 224 225 231 232 236 239 241 242 243 245 246 247
173 276 174 175 176 177 181 184 188 196 197 199 203 204 205 207 211 212 214 218 220 221 224 225 231 232 236 239 241 242 243 245 246 247
174 278 175 176 177 179 181 182 183 184 185 186 187 188 189 191 192 193 194 195 196 197 198 199 200 201 202 203 204 205 206 207 208 209 210 211 212 213 214 215 216 217 218 219 220 221 222 223 224 225 227 228 229 230 231 232 233 234 236 237 238 239 240 241 242 243 244 245 246 247 248 249
175 497 176 177 179 181 182 183 184 185 186 187 188 189 191 192 193 194 195 196 197 198 199 200 201 202 203 204 205 207 208 209 210 211 212 213 214 215 216 217 218 219 220 221 223 224 225 227 228 229 230 231 232 233 236 237 238 239 241 242 243 244 245 246 247 248 249
176 250 177 178 179 181 182 183 184 185 186 187 188 189 191 192 193 194 195 196 197 198 199 200 201 202 203 204 205 206 207 208 209 210 211 212 213 214 215 216 217 218 219 220 221 222 223 224 225 226 227 228 229 230 231 232 233 234 235 236 237 238 239 240 241 242 243 244 245 246 247 248 249
177 253 179 181 182 183 184 185 186 187 188 189 191 192 193 194 195 196 197 198 199 200 201 202 203 204 205 206 207 208 209 210 211 212 213 214 215 216 217 218 219 220 221 222 223 224 225 227 228 229 230 231 232 233 236 237 238 239 241 242 243 244 245 246 247 248 249
178 437 212 214 232
179 254 181 184 188 189 191 192 196 197 199 203 204 205 207 211 212 214 218 220 221 224 225 231 232 236 239 241 242 243 244 245 246 247
180 309 212
181 469 182 184 185 186 187 188 189 191 192 193 194 195 196 197 198 199 201 202 203 204 205 207 208 209 210 211 212 213 214 215 216 218 219 220 221 223 224 225 227 228 229 230 231 232 233 236 237 238 239 241 242 243 244 245 246 247 248 249
182 254 184 196 197 203 205 207 211 212 214 218 220 221 225 231 232 236 239 241 242 243 247
183 277 197 203 205 211 212 214 225 231 232 236 241 243
184 437 185 186 187 188 189 191 192 193 196 197 198 199 201 202 203 204 205 207 208 209 210 211 212 214 215 216 218 219 220 221 223 224 225 227 228 229 230 231 232 233 236 237 239 241 242 243 244 245 246 247 248 249
185 279 197 203 205 211 212 214 218 220 221 225 231 232 236 239 241 242 243
186 284 197 203 205 211 212 214 218 220 221 225 231 232 236 239 241 242 243
187 354 188 189 191 192 196 197 199 203 204 205 207 211 212 214 218 220 221 224 225 231 232 236 239 241 242 243 244 245 246 247
188 311 189 191 192 193 196 197 198 199 201 202 203 204 205 207 208 209 211 212 214 215 218 219 220 221 223 224 225 227 228 229 230 231 232 233 236 237 239 241 242 243 244 245 246 247 248 249
189 335 191 192 193 196 197 198 199 201 202 203 204 205 207 208 209 211 212 214 215 218 219 220 221 224 225 227 228 229 231 232 233 236 237 239 241 242 243 244 245 246 247 248 249
190 425 212
191 250 192 193 196 197 198 199 201 202 203 204 205 207 208 209 211 212 214 215 218 219 220 221 224 225 227 228 229 230 231 232 233 236 237 239 241 242 243 244 245 246 247 248 249
192 325 193 196 197 198 199 201 202 203 204 205 207 208 209 211 212 214 215 218 219 220 221 224 225 227 228 229 230 231 232 233 236 237 239 241 242 243 244 245 246 247 248 249
193 461 196 197 198 199 203 204 205 207 208 209 211 212 214 215 218 220 221 224 225 227 228 231 232 233 236 237 239 241 242 243 244 245 246 247 248
194 258 197 203 205 211 212 214 218 220 221 225 231 232 236 239 241 242 243
195 281 197 203 205 211 212 214 218 220 225 231 232 236 239 241 242 243
196 416 197 198 199 201 202 203 204 205 207 208 209 211 212 214 215 218 219 220 221 223 224 225 227 228 229 230 231 232 233 236 237 239 241 242 243 244 245 246 247 248 249
197 270 198 199 200 201 202 203 204 205 206 207 208 209 210 211 212 213 214 215 216 217 218 219 220 221 222 223 224 225 227 228 229 230 231 232 233 236 237 238 239 241 242 243 244 245 246 247 248 249
198 314 199 203 204 205 207 208 209 211 212 214 215 218 219 220 221 224 225 227 228 231 232 233 236 237 239 241 242 243 244 245 246 247 248
199 459 201 202 203 204 205 207 208 209 211 212 214 215 218 219 220 221 224 225 227 228 229 230 231 232 233 236 237 239 241 242 243 244 245 246 247 248 249
200 258 203 205 211 212 214 220 225 231 232 236 239 241 242 243
201 283 203 204 205 207 208 211 212 214 218 220 221 224 225 228 231 232 233 236 237 239 241 242 243 244 245 246 247 248
202 400 203 204 205 207 208 211 212 214 218 220 221 224 225 231 232 233 236 237 239 241 242 243 244 245 246 247 248
203 271 204 205 206 207 208 209 210 211 212 213 214 215 216 217 218 219 220 221 222 223 224 225 227 228 229 230 231 232 233 234 236 237 238 239 240 241 242 243 244 245 246 247 248 249
204 329 205 207 208 209 211 212 214 215 218 219 220 221 223 224 225 227 228 229 230 231 232 233 236 237 239 241 242 243 244 245 246 247 248 249
205 468 206 207 208 209 210 211 212 213 214 215 216 217 218 219 220 221 223 224 225 227 228 229 230 231 232 233 236 237 238 239 241 242 243 244 245 246 247 248 249
206 250 211 212 214 231 232 236 241 243
207 282 208 209 211 212 214 215 218 219 220 221 223 224 225 227 228 229 230 231 232 233 236 237 239 241 242 243 244 245 246 247 248 249
208 370 209 211 212 214 215 218 219 220 221 224 225 227 228 231 232 233 236 237 239 241 242 243 244 245 246 247 248 249
209 269 211 212 214 215 218 220 221 224 225 227 228 231 232 233 236 237 239 241 242 243 244 245 246 247 248
210 361 211 212 214 218 220 221 225 231 232 236 239 241 242 243
211 422 212 213 214 215 216 217 218 219 220 221 222 223 224 225 227 228 229 230 231 232 233 234 236 237 238 239 240 241 242 243 244 245 246 247 248 249
212 256 213 214 215 216 217 218 219 220 221 222 223 224 225 226 227 228 229 230 231 232 233 234 235 236 237 238 239 240 241 242 243 244 245 246 247 248 249
213 322 214 218 220 221 225 231 232 236 239 241 242 243
214 407 215 216 217 218 219 220 221 222 223 224 225 226 227 228 229 230 231 232 233 234 235 236 237 238 239 240 241 242 243 244 245 246 247 248 249
215 260 218 219 220 221 224 225 227 228 231 232 233 236 237 239 241 242 243 244 245 246 247 248
216 333 218 220 221 225 231 232 236 239 241 242 243
217 382 220 225 231 232 236 241 243
218 250 219 220 221 223 224 225 227 228 229 230 231 232 233 236 237 238 239 241 242 243 244 245 246 247 248 249
219 368 220 221 224 225 227 228 231 232 233 236 237 239 241 242 243 244 245 246 247 248
220 449 221 223 224 225 227 228 229 230 231 232 233 236 237 238 239 241 242 243 244 245 246 247 248 249
221 254 223 224 225 227 228 229 230 231 232 233 236 237 239 241 242 243 244 245 246 247 248 249
222 297 231 232 241 243
223 426 225 231 232 236 239 241 242 243 245 247
224 258 225 227 228 229 230 231 232 233 236 237 239 241 242 243 244 245 246 247 248 249
225 316 227 228 229 230 231 232 233 236 237 238 239 241 242 243 244 245 246 247 248 249
226 464 232
227 267 228 231 232 233 236 237 239 241 242 243 244 245 246 247 248
228 269 231 232 233 236 237 239 241 242 243 244 245 246 247 248
229 415 231 232 236 239 241 242 243 244 245 246 247
230 254 231 232 236 239 241 242 243 244 245 246 247
231 331 232 233 236 237 238 239 240 241 242 243 244 245 246 247 248 249
232 392 233 234 235 236 237 238 239 240 241 242 243 244 245 246 247 248 249
233 280 236 237 239 241 242 243 244 245 246 247 248 249
234 328
235 415
236 284 237 238 239 241 242 243 244 245 246 247 248 249
237 301 239 241 242 243 244 245 246 247 248 249
238 432 239 241 242 243
239 279 241 242 243 244 245 246 247 248 249
240 289 243
241 410 242 243 244 245 246 247 248 249
242 267 243 244 245 246 247 248 249
243 323 244 245 246 247 248 249
244 385 245 246 247 248 249
245 252 246 247 248 249
246 363 247 248 249
247 368 248 249
248 292 249
249 340
