120 150
1 38
2 100 3 4 6 8 9 13 14 15 17 21 24 26 29 30 31 40 42 45 47 48 49 53 54 55 57 58 59 63 65 66 68 69 70 72 73 76 77 78 80 81 88 89 92 95 96 97 99 101 104 106 107 108 110 114 116 117 119 120
3 60 4 6 8 9 11 13 14 15 17 21 24 26 29 30 31 34 39 40 42 43 45 47 48 49 53 54 55 56 57 58 59 60 63 64 65 66 68 69 70 72 73 76 77 78 79 80 81 82 86 88 89 90 91 92 95 96 97 98 99 101 103 104 106 107 108 110 114 116 117 119 120
4 42 8 9 13 17 47 49 55 59 63 66 69 70 77 78 81 92 95 96 106 116 119
5 20
6 69 8 9 13 15 17 21 31 40 42 45 47 49 54 55 57 59 63 65 66 68 69 70 73 76 77 78 80 81 92 95 96 97 99 101 104 106 107 108 110 114 116 119
7 24
8 23 9 11 13 14 15 17 21 24 26 29 30 31 39 40 42 43 45 47 48 49 53 54 55 56 57 58 59 63 64 65 66 68 69 70 72 73 76 77 78 79 80 81 86 88 89 92 95 96 97 99 101 104 106 107 108 110 114 116 117 119 120
9 92 13 14 15 17 21 24 29 30 31 40 42 45 47 48 49 53 54 55 57 58 59 63 65 66 68 69 70 73 76 77 78 80 81 88 89 92 95 96 97 99 101 104 106 107 108 110 114 116 117 119 120
10 32
11 84 13 17 55 59 66 78 81 95 119
12 36
13 65 14 15 17 21 24 26 29 30 31 39 40 42 43 45 47 48 49 53 54 55 56 57 58 59 63 64 65 66 68 69 70 72 73 76 77 78 79 80 81 86 88 89 92 95 96 97 99 101 104 106 107 108 110 114 116 117 119 120
14 84 17 21 31 40 42 47 49 54 55 59 63 66 69 70 73 77 78 81 92 95 96 99 104 106 107 108 110 116 119
15 34 17 21 29 30 31 40 42 45 47 48 49 53 54 55 57 58 59 63 65 66 68 69 70 73 76 77 78 80 81 92 95 96 97 99 101 104 106 107 108 110 114 116 119 120
16 68
17 64 21 24 26 29 30 31 34 39 40 42 43 45 47 48 49 53 54 55 56 57 58 59 60 63 64 65 66 68 69 70 72 73 76 77 78 79 80 81 82 86 88 89 90 91 92 95 96 97 98 99 101 103 104 106 107 108 110 112 114 116 117 119 120
18 33
19 69
20 27
21 47 24 29 30 31 40 42 45 47 48 49 53 54 55 57 58 59 63 65 66 68 69 70 73 76 77 78 80 81 92 95 96 97 99 101 104 106 107 108 110 114 116 119 120
22 21
23 85
24 88 31 40 42 47 49 54 55 59 63 66 69 70 77 78 81 92 95 96 99 104 106 107 108 110 116 119
25 59
26 61 47 49 55 59 63 66 69 77 78 81 95 96 116 119
27 50
28 53
29 37 31 40 42 45 47 49 54 55 59 63 66 69 70 73 77 78 80 81 92 95 96 97 99 101 104 106 107 108 110 114 116 119
30 75 31 40 42 47 49 54 55 59 63 66 69 70 73 77 78 81 92 95 96 99 101 104 106 107 108 110 116 119
31 64 40 42 45 47 48 49 53 54 55 57 58 59 63 65 66 68 69 70 73 76 77 78 80 81 92 95 96 97 99 101 104 106 107 108 110 114 116 119 120
32 84
33 74
34 57 59 66 95 119
35 83
36 28
37 31
38 97
39 61 55 59 63 66 78 81 95 119
40 36 42 45 47 48 49 53 54 55 57 58 59 63 65 66 68 69 70 73 76 77 78 80 81 92 95 96 97 99 101 104 106 107 108 110 114 116 119 120
41 46
42 37 45 47 48 49 53 54 55 57 58 59 63 65 66 68 69 70 73 76 77 78 80 81 92 95 96 97 99 101 104 106 107 108 110 114 116 119 120
43 96 49 55 59 63 66 78 81 95 119
44 80
45 53 47 48 49 53 54 55 57 58 59 63 65 66 68 69 70 73 76 77 78 80 81 92 95 96 97 99 101 104 106 107 108 110 114 116 119
46 51
47 68 48 49 53 54 55 57 58 59 63 65 66 68 69 70 72 73 76 77 78 80 81 88 89 92 95 96 97 99 101 104 106 107 108 110 114 116 117 119 120
48 90 49 54 55 59 63 66 69 70 73 77 78 80 81 92 95 96 97 99 101 104 106 107 108 110 114 116 119
49 64 53 54 55 56 57 58 59 63 64 65 66 68 69 70 72 73 76 77 78 79 80 81 88 89 92 95 96 97 99 101 104 106 107 108 110 114 116 117 119 120
50 81
51 66
52 67
53 80 54 55 59 63 66 69 70 73 77 78 81 92 95 96 97 99 101 104 106 107 108 110 116 119
54 37 55 57 58 59 63 65 66 68 69 70 73 76 77 78 80 81 92 95 96 97 99 101 104 106 107 108 110 114 116 119 120
55 92 56 57 58 59 60 63 64 65 66 68 69 70 72 73 76 77 78 79 80 81 82 86 88 89 92 95 96 97 98 99 101 104 106 107 108 110 114 116 117 119 120
56 67 59 63 66 69 78 81 95 119
57 64 59 63 65 66 68 69 70 73 76 77 78 80 81 92 95 96 97 99 101 104 106 107 108 110 114 116 119
58 31 59 63 66 69 70 73 77 78 81 92 95 96 97 99 101 104 106 107 108 110 116 119
59 94 60 63 64 65 66 68 69 70 72 73 76 77 78 79 80 81 82 86 88 89 90 91 92 95 96 97 98 99 101 103 104 106 107 108 110 114 116 117 119 120
60 45 66 95 119
61 80
62 28
63 76 64 65 66 68 69 70 72 73 76 77 78 79 80 81 86 88 89 92 95 96 97 99 101 104 106 107 108 110 114 116 117 119 120
64 29 66 78 81 95 119
65 64 66 69 70 73 76 77 78 80 81 92 95 96 97 99 101 104 106 107 108 110 114 116 119
66 38 68 69 70 72 73 76 77 78 79 80 81 82 86 88 89 90 91 92 95 96 97 98 99 101 103 104 106 107 108 110 114 116 117 119 120
67 48
68 40 69 70 73 76 77 78 80 81 92 95 96 97 99 101 104 106 107 108 110 114 116 119
69 29 70 72 73 76 77 78 79 80 81 88 89 92 95 96 97 99 101 104 106 107 108 110 114 116 117 119 120
70 44 73 76 77 78 80 81 88 89 92 95 96 97 99 101 104 106 107 108 110 114 116 117 119 120
71 81
72 35 77 78 81 95 96 116 119
73 51 76 77 78 80 81 92 95 96 97 99 101 104 106 107 108 110 114 116 119 120
74 48
75 67
76 24 77 78 80 81 92 95 96 97 99 101 104 106 107 108 110 114 116 119
77 46 78 80 81 88 89 92 95 96 97 99 101 104 106 107 108 110 114 116 117 119 120
78 38 79 80 81 86 88 89 92 95 96 97 99 101 104 106 107 108 110 114 116 117 119 120
79 76 81 95 119
80 22 81 92 95 96 97 99 101 104 106 107 108 110 114 116 119
81 30 86 88 89 92 95 96 97 98 99 101 104 106 107 108 110 114 116 117 119 120
82 67 95 119
83 45
84 41
85 29
86 41 95 119
87 79
88 21 92 95 96 106 116 119
89 25 92 95 96 106 107 108 110 116 119
90 90 95 119
91 62 95 119
92 34 95 96 97 99 101 104 106 107 108 110 114 116 117 119 120
93 73
94 50
95 79 96 97 98 99 101 103 104 106 107 108 110 114 116 117 119 120
96 66 97 99 101 104 106 107 108 110 114 116 117 119 120
97 59 99 101 104 106 107 108 110 114 116 119
98 42 119
99 90 101 104 106 107 108 110 114 116 119 120
100 79
101 70 104 106 107 108 110 114 116 119 120
102 66
103 80 119
104 35 106 107 108 110 114 116 119 120
105 62
106 98 107 108 110 114 116 117 119 120
107 97 108 110 114 116 119 120
108 37 110 114 116 117 119 120
109 32
110 75 114 116 119 120
111 91
112 91
113 48
114 26 116 119
115 23
116 32 117 119 120
117 100 119
118 46
119 29 120
120 26
