120 1000
1 394 10 15 21 30 51 54 56 62 64 69 80 82 95 100 101 105 112
2 280
3 326 10 15 21 30 51 54 56 62 64 65 69 80 82 85 95 100 101 103 105 112
4 370
5 284
6 346
7 427
8 259 10 15 21 30 51 54 56 62 64 65 69 80 82 85 95 100 101 103 105 112
9 314
10 430 15 16 21 30 34 37 51 53 54 56 58 62 64 65 69 80 82 85 95 100 101 103 105 107 112 114 120
11 270
12 300
13 462
14 261 56 105
15 277 16 21 30 34 37 51 53 54 56 58 62 64 65 69 80 82 85 95 100 101 103 105 107 112 114 120
16 356 21 30 51 54 56 62 64 80 82 95 100 101 105 112
17 292
18 352
19 498
20 250
21 252 30 34 37 51 53 54 56 58 62 64 65 69 80 82 85 95 100 101 103 105 107 112 114 120
22 432
23 276
24 292 56 105
25 391
26 252
27 357
28 397
29 274
30 329 34 37 43 44 51 53 54 56 57 58 62 64 65 69 75 80 82 85 92 95 100 101 103 105 107 111 112 114 120
31 490
32 251
33 259
34 408 51 54 56 62 64 80 82 95 100 101 105 112
35 256 56 64 105
36 336
37 434 51 54 56 62 64 80 82 95 100 101 105
38 262
39 304
40 482
41 256
42 262
43 387 51 56 62 64 105
44 275 51 56 62 64 105
45 338
46 362
47 293
48 345
49 428
50 284
51 288 53 54 56 57 58 62 64 65 69 75 80 82 85 92 95 100 101 103 105 107 111 112 114 120
52 408
53 288 54 56 62 64 69 80 82 95 100 101 105 112
54 304 56 58 62 64 65 69 80 82 85 95 100 101 103 105 107 112 114 120
55 480
56 250 57 58 62 64 65 69 75 80 82 85 92 95 100 101 103 105 107 111 112 114 120
57 270 62 64 105
58 394 62 64 65 69 80 82 85 95 100 101 103 105 112
59 276
60 330
61 361
62 253 64 65 69 75 80 82 85 92 95 100 101 103 105 107 111 112 114 120
63 386
64 375 65 69 75 80 82 85 92 95 100 101 103 105 107 111 112 114 120
65 281 69 80 82 85 95 100 101 103 105 112
66 344
67 478
68 251
69 271 80 82 85 95 100 101 103 105 107 112 114
70 478
71 250
72 272
73 356
74 276
75 368 105
76 387
77 269
78 344
79 486
80 252 82 85 95 100 101 103 105 107 112 114 120
81 262
82 414 85 95 100 101 103 105 107 112 114 120
83 263
84 323
85 410 95 100 101 103 105 107 112
86 250
87 340
88 400
89 295
90 305
91 382
92 282 105
93 336
94 434
95 269 100 101 103 105 107 112 114
96 297
97 395
98 278
99 327
100 353 101 103 105 107 112 114 120
101 281 103 105 107 112 114 120
102 366
103 419 105 112
104 285
105 296 107 111 112 114 120
106 362
107 314 112
108 324
109 495
110 251
111 254
112 499 114
113 250
114 251
115 364
116 289
117 347
118 498
119 250
120 252
