249 1000
1 451
2 267
3 282 6 35 51 58 62 63 66 69 72 76 77 90 105 111 121 122 129 150 160 178 183 186 201 219 226 232
4 438
5 275
6 287 14 16 19 20 24 29 30 35 36 39 41 44 47 51 52 53 54 55 58 62 63 64 66 67 69 71 72 74 76 77 78 84 85 89 90 92 95 96 102 104 105 106 107 108 110 111 114 116 117 121 122 123 129 130 133 135 138 145 146 150 151 153 157 160 165 176 178 180 181 183 186 187 196 197 199 201 203 205 208 209 211 212 216 218 219 225 226 232 233 234 237 239 240 242 245 247 249
7 397
8 274
9 329
10 362
11 303
12 335
13 491
14 251 24 35 39 41 51 54 55 58 62 63 66 69 72 76 77 89 90 105 108 111 121 122 129 130 150 160 178 183 186 187 196 201 205 212 219 225 226 232 237
15 258
16 379 24 29 35 39 41 51 54 55 58 62 63 64 66 67 69 72 76 77 78 84 85 89 90 92 96 105 106 108 110 111 116 117 121 122 129 130 133 145 150 151 157 160 165 178 180 183 186 187 196 197 199 201 205 208 209 212 216 218 219 225 226 232 234 237 239 240 245 247
17 256
18 365
19 394 51 62 63 72 76 77 90 105 111 121 129 160 201 219 232
20 294 51 62 63 66 69 72 76 77 90 105 111 121 122 129 160 183 186 201 219 232
21 312
22 437
23 274
24 289 29 30 35 36 39 41 51 54 55 58 62 63 64 66 67 69 72 76 77 78 84 85 89 90 92 96 105 106 108 110 111 116 117 121 122 129 130 133 145 150 151 157 160 165 176 178 180 183 186 187 196 197 199 201 203 205 208 209 212 216 218 219 225 226 232 233 234 237 239 240 242 245 247
25 438
26 271
27 291
28 398
29 290 35 39 41 51 54 55 58 62 63 64 66 69 72 76 77 84 89 90 105 106 108 111 121 122 129 130 133 150 157 160 178 180 183 186 187 196 201 205 208 212 216 218 219 225 226 232 237 239 240 247
30 312 35 39 41 51 54 55 58 62 63 66 69 72 76 77 89 90 105 108 111 121 122 129 130 150 160 178 183 186 187 196 201 205 212 219 225 226 232 237
31 396
32 261
33 343
34 482
35 252 36 39 41 51 52 53 54 55 58 62 63 64 66 67 69 72 74 76 77 78 84 85 89 90 92 96 104 105 106 107 108 110 111 114 116 117 121 122 129 130 133 138 145 150 151 157 160 165 176 178 180 183 186 187 196 197 199 201 203 205 208 209 211 212 216 218 219 225 226 232 233 234 237 239 240 242 245 247 249
36 266 39 41 51 54 55 58 62 63 66 69 72 76 77 89 90 105 108 111 121 122 129 130 150 160 178 180 183 186 187 196 201 205 212 219 225 226 232 237 239 240
37 425
38 252
39 323 41 51 53 54 55 58 62 63 64 66 67 69 72 76 77 78 84 85 89 90 92 96 104 105 106 108 110 111 116 117 121 122 129 130 133 138 145 150 151 157 160 165 176 178 180 183 186 187 196 197 199 201 203 205 208 209 211 212 216 218 219 225 226 232 233 234 237 239 240 242 245 247 249
40 382
41 291 51 53 54 55 58 62 63 64 66 67 69 72 76 77 78 84 85 89 90 92 96 105 106 108 110 111 116 117 121 122 129 130 133 138 145 150 151 157 160 165 176 178 180 183 186 187 196 197 199 201 203 205 208 209 211 212 216 218 219 225 226 232 233 234 237 239 240 242 245 247
42 327 63 72 76 90 121 201 219
43 414
44 262 51 62 63 72 76 77 90 105 111 121 129 160 201 219 232
45 324
46 388
47 251 51 63 72 76 77 90 105 121 129 160 201 219 232
48 361
49 426
50 259
51 315 52 53 54 55 58 62 63 64 66 67 69 71 72 74 76 77 78 84 85 89 90 92 95 96 102 104 105 106 107 108 110 111 114 116 117 121 122 123 129 130 133 135 138 145 146 150 151 153 157 160 165 176 178 180 181 183 186 187 196 197 199 201 203 205 208 209 211 212 216 218 219 225 226 232 233 234 237 239 240 242 245 247 249
52 377 54 58 62 63 66 69 72 76 77 90 105 111 121 122 129 150 160 178 183 186 196 201 212 219 226 232 237
53 258 54 58 62 63 66 69 72 76 77 89 90 105 108 111 121 122 129 150 160 178 183 186 187 196 201 212 219 225 226 232 237
54 365 55 58 62 63 64 66 67 69 72 74 76 77 78 84 85 89 90 92 96 104 105 106 108 110 111 116 117 121 122 129 130 133 138 145 150 151 157 160 165 176 178 180 183 186 187 196 197 199 201 203 205 208 209 211 212 216 218 219 225 226 232 233 234 237 239 240 242 245 247 249
55 455 58 62 63 64 66 67 69 72 76 77 78 84 85 89 90 92 96 105 106 108 110 111 116 117 121 122 129 130 133 145 150 151 157 160 165 178 180 183 186 187 196 197 199 201 203 205 208 209 212 216 218 219 225 226 232 233 234 237 239 240 242 245 247
56 266
57 279
58 411 62 63 64 66 67 69 72 74 76 77 78 84 85 89 90 92 96 104 105 106 107 108 110 111 114 116 117 121 122 129 130 133 138 145 150 151 157 160 165 176 178 180 183 186 187 196 197 199 201 203 205 208 209 211 212 216 218 219 225 226 232 233 234 237 239 240 242 245 247 249
59 260
60 329
61 356
62 295 63 64 66 67 69 71 72 74 76 77 78 84 85 89 90 92 96 102 104 105 106 107 108 110 111 114 116 117 121 122 129 130 133 135 138 145 146 150 151 153 157 160 165 176 178 180 181 183 186 187 196 197 199 201 203 205 208 209 211 212 216 218 219 225 226 232 233 234 237 239 240 242 245 247 249
63 349 64 66 67 69 71 72 74 76 77 78 84 85 89 90 91 92 95 96 102 104 105 106 107 108 110 111 114 116 117 121 122 123 129 130 131 133 135 138 145 146 150 151 153 157 160 165 176 178 180 181 183 186 187 196 197 199 201 203 205 208 209 211 212 216 218 219 225 226 232 233 234 237 239 240 242 245 247 249
64 470 66 67 69 72 76 77 84 85 89 90 92 96 105 106 108 110 111 117 121 122 129 130 133 145 150 151 157 160 165 178 180 183 186 187 196 199 201 205 208 209 212 216 218 219 225 226 232 234 237 239 240 247
65 257
66 273 67 69 72 74 76 77 78 84 85 89 90 92 96 104 105 106 107 108 110 111 114 116 117 121 122 129 130 133 138 145 150 151 153 157 160 165 176 178 180 183 186 187 196 197 199 201 203 205 208 209 211 212 216 218 219 225 226 232 233 234 237 239 240 242 245 247 249
67 449 69 72 76 77 84 89 90 96 105 106 108 111 121 122 129 130 133 150 157 160 178 180 183 186 187 196 201 205 208 209 212 216 218 219 225 226 232 234 237 239 240 247
68 252
69 299 72 74 76 77 78 84 85 89 90 92 96 104 105 106 107 108 110 111 114 116 117 121 122 129 130 133 138 145 146 150 151 153 157 160 165 176 178 180 183 186 187 196 197 199 201 203 205 208 209 211 212 216 218 219 225 226 232 233 234 237 239 240 242 245 247 249
70 380
71 280 72 76 77 90 105 111 121 129 160 201 219 232
72 340 74 76 77 78 84 85 89 90 91 92 95 96 102 104 105 106 107 108 110 111 114 116 117 121 122 123 129 130 131 133 135 138 145 146 150 151 153 157 160 165 176 178 180 181 183 185 186 187 196 197 199 201 203 205 208 209 211 212 216 218 219 225 226 232 233 234 237 239 240 242 245 247 249
73 378
74 305 76 77 90 105 111 121 122 129 150 160 178 183 186 196 201 212 219 226 232 237
75 317
76 440 77 78 84 85 89 90 91 92 95 96 102 104 105 106 107 108 110 111 114 116 117 121 122 123 129 130 131 133 135 138 145 146 150 151 153 157 160 165 176 178 180 181 183 185 186 187 196 197 199 201 203 205 208 209 211 212 216 217 218 219 225 226 232 233 234 237 239 240 242 245 247 249
77 255 78 84 85 89 90 92 95 96 102 104 105 106 107 108 110 111 114 116 117 121 122 123 129 130 131 133 135 138 145 146 150 151 153 157 160 165 176 178 180 181 183 186 187 196 197 199 201 203 205 208 209 211 212 216 218 219 225 226 232 233 234 237 239 240 242 245 247 249
78 305 89 90 105 108 111 121 122 129 130 150 160 178 180 183 186 187 196 201 205 212 219 225 226 232 237 239 240
79 435
80 270
81 295
82 478
83 252
84 270 85 89 90 92 96 105 106 108 111 117 121 122 129 130 133 150 151 157 160 165 178 180 183 186 187 196 201 205 208 209 212 216 218 219 225 226 232 234 237 239 240 247
85 446 89 90 105 106 108 111 121 122 129 130 133 150 157 160 178 180 183 186 187 196 201 205 208 212 216 218 219 225 226 232 234 237 239 240 247
86 252
87 302
88 388
89 274 90 92 96 105 106 108 110 111 116 117 121 122 129 130 133 145 150 151 157 160 165 176 178 180 183 186 187 196 197 199 201 203 205 208 209 211 212 216 218 219 225 226 232 233 234 237 239 240 242 245 247
90 338 91 92 95 96 102 104 105 106 107 108 110 111 114 116 117 121 122 123 129 130 131 133 135 138 145 146 150 151 153 157 160 165 176 178 180 181 183 185 186 187 196 197 199 201 203 205 208 209 211 212 215 216 217 218 219 225 226 232 233 234 237 239 240 242 245 247 249
91 476 121 201 219
92 260 105 106 108 111 121 122 129 130 133 150 157 160 178 180 183 186 187 196 201 205 208 212 216 218 219 225 226 232 234 237 239 240 247
93 264
94 487
95 250 105 111 121 129 160 201 219 232
96 263 105 106 108 111 121 122 129 130 133 150 157 160 178 180 183 186 187 196 201 205 208 209 212 216 218 219 225 226 232 234 237 239 240 247
97 469
98 262
99 269
100 415
101 257
102 328 105 111 121 129 160 201 219 232
103 369
104 292 105 111 121 122 129 150 160 178 183 186 196 201 212 219 225 226 232 237
105 339 106 107 108 110 111 114 116 117 121 122 123 129 130 133 135 138 145 146 150 151 153 157 160 165 176 178 180 181 183 186 187 196 197 199 201 203 205 208 209 211 212 216 218 219 225 226 232 233 234 237 239 240 242 245 247 249
106 377 108 110 111 117 121 122 129 130 133 145 150 151 157 160 165 178 180 183 186 187 196 201 205 208 209 212 216 218 219 225 226 232 234 237 239 240 247
107 297 111 121 122 129 150 160 178 183 186 201 219 226 232
108 326 110 111 116 117 121 122 129 130 133 145 150 151 157 160 165 176 178 180 183 186 187 196 197 199 201 203 205 208 209 211 212 216 218 219 225 226 232 233 234 237 239 240 242 245 247
109 411
110 282 111 121 122 129 130 133 150 157 160 178 180 183 186 187 196 201 205 208 212 216 219 225 226 232 237 239 240 247
111 307 114 116 117 121 122 129 130 133 135 138 145 146 150 151 153 157 160 165 176 178 180 181 183 186 187 196 197 199 201 203 205 208 209 211 212 216 218 219 225 226 232 233 234 237 239 240 242 245 247 249
112 369
113 281
114 350 121 122 129 150 160 178 183 186 201 219 226 232
115 436
116 267 121 122 129 130 150 160 178 180 183 186 187 196 201 205 208 212 219 225 226 232 237 239 240
117 297 121 122 129 130 133 150 157 160 178 180 183 186 187 196 201 205 208 212 216 218 219 225 226 232 237 239 240 247
118 459
119 258
120 283
121 458 122 123 129 130 131 133 135 138 145 146 150 151 153 157 160 165 176 178 180 181 183 185 186 187 196 197 199 201 203 205 208 209 211 212 216 217 218 219 225 226 232 233 234 237 239 240 242 245 247 249
122 268 129 130 133 138 145 150 151 153 157 160 165 176 178 180 183 186 187 196 197 199 201 203 205 208 209 211 212 216 218 219 225 226 232 233 234 237 239 240 242 245 247 249
123 274 129 160 201 219 232
124 460
125 251
126 289
127 488
128 250
129 262 130 131 133 135 138 145 146 150 151 153 157 160 165 176 178 180 181 183 186 187 196 197 199 201 203 205 208 209 211 212 216 218 219 225 226 232 233 234 237 239 240 242 245 247 249
130 436 133 145 150 151 157 160 165 178 180 183 186 187 196 197 199 201 203 205 208 209 212 216 218 219 225 226 232 233 234 237 239 240 242 245 247
131 263 160 201 219 232
132 301
133 427 145 150 151 157 160 165 178 180 183 186 187 196 199 201 205 208 209 212 216 218 219 225 226 232 234 237 239 240 247
134 275
135 298 160 201 219 232
136 438
137 273
138 289 150 160 178 183 186 187 196 201 212 219 225 226 232 237
139 460
140 269
141 271
142 444
143 261
144 295
145 477 150 157 160 178 180 183 186 187 196 201 205 208 212 216 219 225 226 232 237 239 240 247
146 255 160 201 219 232
147 268
148 457
149 256
150 287 151 157 160 165 176 178 180 183 186 187 196 197 199 201 203 205 208 209 211 212 216 218 219 225 226 232 233 234 237 239 240 242 245 247 249
151 419 157 160 178 180 183 186 187 196 201 205 208 212 216 218 219 225 226 232 237 239 240 247
152 279
153 302 160 183 186 201 219 232
154 417
155 264
156 319
157 417 160 165 178 180 183 186 187 196 201 205 208 209 212 216 218 219 225 226 232 234 237 239 240 247
158 271
159 312
160 474 165 176 178 180 181 183 186 187 196 197 199 201 203 205 208 209 211 212 216 218 219 225 226 232 233 234 237 239 240 242 245 247 249
161 253
162 273
163 375
164 288
165 337 178 180 183 186 187 196 201 205 208 212 216 218 219 225 226 232 234 237 239 240 247
166 458
167 269
168 273
169 364
170 303
171 333
172 381
173 262
174 357
175 353
176 307 178 183 186 187 196 201 212 219 225 226 232 237
177 340
178 470 180 183 186 187 196 197 199 201 203 205 208 209 211 212 216 218 219 225 226 232 233 234 237 239 240 242 245 247 249
179 260
180 270 183 186 187 196 197 199 201 203 205 208 209 212 216 218 219 225 226 232 234 237 239 240 242 245 247
181 366 201 219 232
182 289
183 345 186 187 196 197 199 201 203 205 208 209 211 212 216 218 219 225 226 232 233 234 237 239 240 242 245 247 249
184 384
185 264 201 219
186 352 187 196 197 199 201 203 205 208 209 211 212 216 218 219 225 226 232 233 234 237 239 240 242 245 247 249
187 369 196 197 199 201 203 205 208 209 211 212 216 218 219 225 226 232 233 234 237 239 240 242 245 247
188 259
189 372
190 470
191 255
192 275
193 471
194 255
195 274
196 424 197 199 201 203 205 208 209 211 212 216 218 219 225 226 232 233 234 237 239 240 242 245 247 249
197 280 201 205 208 212 219 225 226 232 237 239 240
198 296
199 440 201 205 208 212 216 219 225 226 232 237 239 240
200 269
201 291 203 205 208 209 211 212 216 217 218 219 225 226 232 233 234 237 239 240 242 245 247 249
202 386
203 250 205 212 219 225 226 232 237 239 240
204 364
205 460 208 209 212 216 218 219 225 226 232 233 234 237 239 240 242 245 247
206 255
207 285
208 376 209 212 216 218 219 225 226 232 234 237 239 240 245 247
209 292 212 216 218 219 225 226 232 234 237 239 240 247
210 332
211 356 212 219 225 226 232 237
212 303 216 218 219 225 226 232 233 234 237 239 240 242 245 247 249
213 341
214 480
215 257 219
216 263 218 219 225 226 232 234 237 239 240 247
217 424 219
218 268 219 225 226 232 234 237 239 240 247
219 308 225 226 232 233 234 237 239 240 242 245 247 249
220 370
221 275
222 355
223 494
224 250
225 256 226 232 233 234 237 239 240 242 245 247 249
226 434 232 233 234 237 239 240 242 245 247 249
227 264
228 302
229 463
230 267
231 270
232 411 233 234 237 239 240 242 245 247 249
233 280 237
234 309 237 239 240 247
235 427
236 255
237 318 239 240 242 245 247 249
238 466
239 259 240 245 247
240 275 245 247
241 491
242 252
243 257
244 400
245 286
246 314
247 446
248 260
249 294
