120 1000
1 373 4 5 6 7 10 11 12 13 14 16 18 19 20 21 22 24 28 30 37 40 41 45 47 48 49 50 52 54 55 62 66 67 68 71 74 75 77 78 81 82 83 84 85 89 90 92 93 94 98 101 105 107 108 109 111 115 116 118 119 120
2 267 3 4 5 6 7 8 9 10 11 12 13 14 15 16 17 18 19 20 21 22 23 24 25 26 28 29 30 31 32 33 34 36 37 38 39 40 41 44 45 46 47 48 49 50 51 52 53 54 55 56 58 60 62 63 66 67 68 69 70 71 73 74 75 76 77 78 80 81 82 83 84 85 86 87 89 90 92 93 94 95 96 97 98 99 101 102 103 104 105 106 107 108 109 110 111 112 114 115 116 117 118 119 120
3 360 4 5 6 7 8 9 10 11 12 13 14 16 17 18 19 20 21 22 24 26 28 29 30 32 33 34 36 37 38 40 41 45 46 47 48 49 50 52 54 55 60 62 63 66 67 68 69 70 71 74 75 76 77 78 80 81 82 83 84 85 89 90 92 93 94 95 97 98 101 102 103 105 106 107 108 109 110 111 112 115 116 117 118 119 120
4 432 5 6 7 8 9 10 11 12 13 14 15 16 17 18 19 20 21 22 23 24 25 26 27 28 29 30 31 32 33 34 35 36 37 38 39 40 41 42 43 44 45 46 47 48 49 50 51 52 53 54 55 56 57 58 59 60 61 62 63 64 65 66 67 68 69 70 71 72 73 74 75 76 77 78 79 80 81 82 83 84 85 86 87 88 89 90 91 92 93 94 95 96 97 98 99 100 101 102 103 104 105 106 107 108 109 110 111 112 113 114 115 116 117 118 119 120
5 279 6 7 8 9 10 11 12 13 14 15 16 17 18 19 20 21 22 23 24 25 26 27 28 29 30 31 32 33 34 35 36 37 38 39 40 41 42 43 44 45 46 47 48 49 50 51 52 53 54 55 56 57 58 59 60 61 62 63 64 65 66 67 68 69 70 71 72 73 74 75 76 77 78 79 80 81 82 83 84 85 86 87 88 89 90 91 92 93 94 95 96 97 98 99 100 101 102 103 104 105 106 107 108 109 110 111 112 113 114 115 116 117 118 119 120
6 289 7 8 9 10 11 12 13 14 15 16 17 18 19 20 21 22 23 24 25 26 27 28 29 30 31 32 33 34 35 36 37 38 39 40 41 42 43 44 45 46 47 48 49 50 51 52 53 54 55 56 57 58 59 60 61 62 63 64 65 66 67 68 69 70 71 72 73 74 75 76 77 78 79 80 81 82 83 84 85 86 87 88 89 90 91 92 93 94 95 96 97 98 99 100 101 102 103 104 105 106 107 108 109 110 111 112 113 114 115 116 117 118 119 120
7 462 8 9 10 11 12 13 14 15 16 17 18 19 20 21 22 23 24 25 26 28 29 30 31 32 33 34 36 37 38 39 40 41 44 45 46 47 48 49 50 51 52 53 54 55 56 58 59 60 62 63 64 65 66 67 68 69 70 71 73 74 75 76 77 78 80 81 82 83 84 85 86 87 88 89 90 92 93 94 95 96 97 98 99 101 102 103 104 105 106 107 108 109 110 111 112 114 115 116 117 118 119 120
8 263 9 10 11 12 13 14 15 16 17 18 19 20 21 22 23 24 25 26 28 29 30 31 32 33 34 36 37 38 39 40 41 44 45 46 47 48 49 50 51 52 53 54 55 56 58 60 62 63 66 67 68 69 70 71 73 74 75 76 77 78 80 81 82 83 84 85 86 87 89 90 92 93 94 95 97 98 99 101 102 103 105 106 107 108 109 110 111 112 114 115 116 117 118 119 120
9 275 10 11 12 13 14 15 16 17 18 19 20 21 22 23 24 25 26 28 29 30 31 32 33 34 36 37 38 39 40 41 44 45 46 47 48 49 50 52 53 54 55 56 58 60 62 63 66 67 68 69 70 71 73 74 75 76 77 78 80 81 82 83 84 85 86 87 89 90 92 93 94 95 97 98 99 101 102 103 105 106 107 108 109 110 111 112 115 116 117 118 119 120
10 480 11 12 13 14 15 16 17 18 19 20 21 22 23 24 25 26 27 28 29 30 31 32 33 34 35 36 37 38 39 40 41 42 43 44 45 46 47 48 49 50 51 52 53 54 55 56 57 58 59 60 61 62 63 64 65 66 67 68 69 70 71 72 73 74 75 76 77 78 79 80 81 82 83 84 85 86 87 88 89 90 92 93 94 95 96 97 98 99 100 101 102 103 104 105 106 107 108 109 110 111 112 113 114 115 116 117 118 119 120
11 254 12 13 14 15 16 17 18 19 20 21 22 23 24 25 26 28 29 30 31 32 33 34 36 37 38 39 40 41 44 45 46 47 48 49 50 51 52 53 54 55 56 58 59 60 62 63 66 67 68 69 70 71 73 74 75 76 77 78 80 81 82 83 84 85 86 87 89 90 92 93 94 95 96 97 98 99 101 102 103 104 105 106 107 108 109 110 111 112 114 115 116 117 118 119 120
12 266 13 14 15 16 17 18 19 20 21 22 23 24 25 26 28 29 30 31 32 33 34 36 37 38 39 40 41 44 45 46 47 48 49 50 51 52 53 54 55 56 58 59 60 62 63 64 65 66 67 68 69 70 71 72 73 74 75 76 77 78 80 81 82 83 84 85 86 87 88 89 90 92 93 94 95 96 97 98 99 101 102 103 104 105 106 107 108 109 110 111 112 113 114 115 116 117 118 119 120
13 488 14 15 16 17 18 19 20 21 22 23 24 25 26 27 28 29 30 31 32 33 34 35 36 37 38 39 40 41 42 43 44 45 46 47 48 49 50 51 52 53 54 55 56 57 58 59 60 61 62 63 64 65 66 67 68 69 70 71 72 73 74 75 76 77 78 79 80 81 82 83 84 85 86 87 88 89 90 91 92 93 94 95 96 97 98 99 100 101 102 103 104 105 106 107 108 109 110 111 112 113 114 115 116 117 118 119 120
14 252 15 16 17 18 19 20 21 22 23 24 25 26 27 28 29 30 31 32 33 34 35 36 37 38 39 40 41 42 43 44 45 46 47 48 49 50 51 52 53 54 55 56 57 58 59 60 61 62 63 64 65 66 67 68 69 70 71 72 73 74 75 76 77 78 79 80 81 82 83 84 85 86 87 88 89 90 91 92 93 94 95 96 97 98 99 100 101 102 103 104 105 106 107 108 109 110 111 112 113 114 115 116 117 118 119 120
15 260 16 18 19 20 21 22 24 28 30 33 34 37 40 41 45 47 48 49 50 52 54 55 60 62 66 67 68 70 71 74 75 77 78 80 81 82 83 84 85 89 90 92 93 94 95 97 98 101 103 105 107 108 109 111 112 115 116 118 119 120
16 484 17 18 19 20 21 22 23 24 25 26 28 29 30 31 32 33 34 36 37 38 39 40 41 44 45 46 47 48 49 50 51 52 53 54 55 56 58 59 60 62 63 64 65 66 67 68 69 70 71 73 74 75 76 77 78 80 81 82 83 84 85 86 87 88 89 90 92 93 94 95 96 97 98 99 101 102 103 104 105 106 107 108 109 110 111 112 114 115 116 117 118 119 120
17 255 18 19 20 21 22 24 26 28 29 30 31 32 33 34 36 37 38 40 41 44 45 46 47 48 49 50 52 54 55 58 60 62 63 66 67 68 69 70 71 74 75 76 77 78 80 81 82 83 84 85 86 89 90 92 93 94 95 97 98 101 102 103 105 106 107 108 109 110 111 112 115 116 117 118 119 120
18 261 19 20 21 22 23 24 25 26 27 28 29 30 31 32 33 34 35 36 37 38 39 40 41 42 43 44 45 46 47 48 49 50 51 52 53 54 55 56 57 58 59 60 61 62 63 64 65 66 67 68 69 70 71 72 73 74 75 76 77 78 79 80 81 82 83 84 85 86 87 88 89 90 91 92 93 94 95 96 97 98 99 100 101 102 103 104 105 106 107 108 109 110 111 112 113 114 115 116 117 118 119 120
19 414 20 21 22 23 24 25 26 28 29 30 31 32 33 34 36 37 38 39 40 41 44 45 46 47 48 49 50 51 52 53 54 55 56 58 60 62 63 66 67 68 69 70 71 73 74 75 76 77 78 80 81 82 83 84 85 86 87 89 90 92 93 94 95 96 97 98 99 101 102 103 104 105 106 107 108 109 110 111 112 114 115 116 117 118 119 120
20 265 21 22 23 24 25 26 27 28 29 30 31 32 33 34 35 36 37 38 39 40 41 42 43 44 45 46 47 48 49 50 51 52 53 54 55 56 57 58 59 60 61 62 63 64 65 66 67 68 69 70 71 72 73 74 75 76 77 78 79 80 81 82 83 84 85 86 87 88 89 90 91 92 93 94 95 96 97 98 99 100 101 102 103 104 105 106 107 108 109 110 111 112 113 114 115 116 117 118 119 120
21 321 22 23 24 25 26 28 29 30 31 32 33 34 36 37 38 39 40 41 44 45 46 47 48 49 50 51 52 53 54 55 56 58 59 60 62 63 64 65 66 67 68 69 70 71 72 73 74 75 76 77 78 80 81 82 83 84 85 86 87 88 89 90 92 93 94 95 96 97 98 99 101 102 103 104 105 106 107 108 109 110 111 112 114 115 116 117 118 119 120
22 464 23 24 25 26 27 28 29 30 31 32 33 34 35 36 37 38 39 40 41 42 43 44 45 46 47 48 49 50 51 52 53 54 55 56 57 58 59 60 61 62 63 64 65 66 67 68 69 70 71 72 73 74 75 76 77 78 79 80 81 82 83 84 85 86 87 88 89 90 91 92 93 94 95 96 97 98 99 100 101 102 103 104 105 106 107 108 109 110 111 112 113 114 115 116 117 118 119 120
23 266 24 28 30 33 34 37 40 41 45 47 48 49 50 52 54 55 60 62 66 67 68 70 71 74 75 77 78 80 81 82 83 84 85 89 90 92 93 94 95 97 98 101 103 105 107 108 109 111 112 115 116 118 119 120
24 270 25 26 27 28 29 30 31 32 33 34 35 36 37 38 39 40 41 42 43 44 45 46 47 48 49 50 51 52 53 54 55 56 57 58 59 60 61 62 63 64 65 66 67 68 69 70 71 72 73 74 75 76 77 78 79 80 81 82 83 84 85 86 87 88 89 90 91 92 93 94 95 96 97 98 99 100 101 102 103 104 105 106 107 108 109 110 111 112 113 114 115 116 117 118 119 120
25 370 28 30 33 34 37 40 41 45 47 48 49 50 52 54 55 60 62 66 67 68 70 71 74 75 77 78 80 81 82 83 84 85 89 90 92 93 94 95 97 98 101 103 105 107 108 109 111 112 115 116 118 119 120
26 280 28 29 30 32 33 34 36 37 38 40 41 45 46 47 48 49 50 52 54 55 60 62 63 66 67 68 69 70 71 74 75 76 77 78 80 81 82 83 84 85 89 90 92 93 94 95 97 98 101 102 103 105 106 107 108 109 110 111 112 115 116 117 118 119 120
27 350 28 30 37 40 45 47 48 49 50 52 54 55 62 66 67 68 71 74 75 77 78 81 82 84 85 89 90 92 93 94 98 101 105 107 109 111 116 118 120
28 452 29 30 31 32 33 34 35 36 37 38 39 40 41 42 43 44 45 46 47 48 49 50 51 52 53 54 55 56 57 58 59 60 61 62 63 64 65 66 67 68 69 70 71 72 73 74 75 76 77 78 79 80 81 82 83 84 85 86 87 88 89 90 91 92 93 94 95 96 97 98 99 100 101 102 103 104 105 106 107 108 109 110 111 112 113 114 115 116 117 118 119 120
29 272 30 33 34 37 40 41 45 47 48 49 50 52 54 55 60 62 66 67 68 69 70 71 74 75 77 78 80 81 82 83 84 85 89 90 92 93 94 95 97 98 101 103 105 106 107 108 109 111 112 115 116 118 119 120
30 276 31 32 33 34 35 36 37 38 39 40 41 42 43 44 45 46 47 48 49 50 51 52 53 54 55 56 57 58 59 60 61 62 63 64 65 66 67 68 69 70 71 72 73 74 75 76 77 78 79 80 81 82 83 84 85 86 87 88 89 90 91 92 93 94 95 96 97 98 99 100 101 102 103 104 105 106 107 108 109 110 111 112 113 114 115 116 117 118 119 120
31 446 33 34 37 40 41 45 47 48 49 50 52 54 55 60 62 66 67 68 70 71 74 75 77 78 80 81 82 83 84 85 89 90 92 93 94 95 97 98 101 103 105 106 107 108 109 111 112 115 116 118 119 120
32 269 33 34 37 38 40 41 45 46 47 48 49 50 52 54 55 60 62 63 66 67 68 69 70 71 74 75 76 77 78 80 81 82 83 84 85 89 90 92 93 94 95 97 98 101 102 103 105 106 107 108 109 110 111 112 115 116 117 118 119 120
33 285 34 36 37 38 40 41 44 45 46 47 48 49 50 52 53 54 55 56 58 60 62 63 66 67 68 69 70 71 73 74 75 76 77 78 80 81 82 83 84 85 86 89 90 92 93 94 95 97 98 99 101 102 103 105 106 107 108 109 110 111 112 115 116 117 118 119 120
34 447 36 37 38 39 40 41 44 45 46 47 48 49 50 52 53 54 55 56 58 60 62 63 66 67 68 69 70 71 73 74 75 76 77 78 80 81 82 83 84 85 86 87 89 90 92 93 94 95 97 98 99 101 102 103 105 106 107 108 109 110 111 112 114 115 116 117 118 119 120
35 267 37 40 41 45 47 48 49 50 52 54 55 62 66 67 68 71 74 75 77 78 81 82 84 85 89 90 92 93 94 98 101 105 107 109 111 115 116 118 120
36 286 37 40 41 45 47 48 49 50 52 54 55 60 62 66 67 68 69 70 71 74 75 77 78 80 81 82 83 84 85 89 90 92 93 94 95 97 98 101 103 105 106 107 108 109 111 112 115 116 118 119 120
37 430 38 39 40 41 42 43 44 45 46 47 48 49 50 51 52 53 54 55 56 57 58 59 60 61 62 63 64 65 66 67 68 69 70 71 72 73 74 75 76 77 78 79 80 81 82 83 84 85 86 87 88 89 90 91 92 93 94 95 96 97 98 99 100 101 102 103 104 105 106 107 108 109 110 111 112 113 114 115 116 117 118 119 120
38 256 40 41 45 46 47 48 49 50 52 54 55 60 62 63 66 67 68 69 70 71 74 75 76 77 78 80 81 82 83 84 85 89 90 92 93 94 95 97 98 101 102 103 105 106 107 108 109 110 111 112 115 116 117 118 119 120
39 314 40 41 45 47 48 49 50 52 54 55 60 62 66 67 68 70 71 74 75 77 78 81 82 83 84 85 89 90 92 93 94 95 98 101 103 105 107 108 109 111 112 115 116 118 119 120
40 465 41 42 43 44 45 46 47 48 49 50 51 52 53 54 55 56 57 58 59 60 61 62 63 64 65 66 67 68 69 70 71 72 73 74 75 76 77 78 79 80 81 82 83 84 85 86 87 88 89 90 91 92 93 94 95 96 97 98 99 100 101 102 103 104 105 106 107 108 109 110 111 112 113 114 115 116 117 118 119 120
41 263 44 45 46 47 48 49 50 51 52 53 54 55 56 57 58 59 60 61 62 63 64 65 66 67 68 69 70 71 72 73 74 75 76 77 78 80 81 82 83 84 85 86 87 88 89 90 92 93 94 95 96 97 98 99 101 102 103 104 105 106 107 108 109 110 111 112 113 114 115 116 117 118 119 120
42 272 45 47 48 49 50 52 54 55 62 66 67 68 71 74 75 77 78 81 82 84 85 89 90 92 93 94 98 101 105 107 109 111 115 116 118 120
43 473 45 47 48 49 50 52 54 55 62 66 67 68 71 74 75 77 78 81 82 84 85 89 90 92 93 94 98 101 105 107 109 111 116 118 120
44 259 45 47 48 49 50 52 54 55 60 62 66 67 68 70 71 74 75 77 78 80 81 82 83 84 85 89 90 92 93 94 95 97 98 101 103 105 107 108 109 111 112 115 116 118 119 120
45 268 46 47 48 49 50 51 52 53 54 55 56 57 58 59 60 61 62 63 64 65 66 67 68 69 70 71 72 73 74 75 76 77 78 79 80 81 82 83 84 85 86 87 88 89 90 91 92 93 94 95 96 97 98 99 100 101 102 103 104 105 106 107 108 109 110 111 112 113 114 115 116 117 118 119 120
46 409 47 48 49 50 52 54 55 60 62 63 66 67 68 69 70 71 74 75 76 77 78 80 81 82 83 84 85 89 90 92 93 94 95 97 98 101 102 103 105 106 107 108 109 110 111 112 115 116 117 118 119 120
47 288 48 49 50 51 52 53 54 55 56 57 58 59 60 61 62 63 64 65 66 67 68 69 70 71 72 73 74 75 76 77 78 79 80 81 82 83 84 85 86 87 88 89 90 91 92 93 94 95 96 97 98 99 100 101 102 103 104 105 106 107 108 109 110 111 112 113 114 115 116 117 118 119 120
48 303 49 50 51 52 53 54 55 56 57 58 59 60 61 62 63 64 65 66 67 68 69 70 71 72 73 74 75 76 77 78 79 80 81 82 83 84 85 86 87 88 89 90 91 92 93 94 95 96 97 98 99 100 101 102 103 104 105 106 107 108 109 110 111 112 113 114 115 116 117 118 119 120
49 499 50 51 52 53 54 55 56 57 58 59 60 61 62 63 64 65 66 67 68 69 70 71 72 73 74 75 76 77 78 79 80 81 82 83 84 85 86 87 88 89 90 91 92 93 94 95 96 97 98 99 100 101 102 103 104 105 106 107 108 109 110 111 112 113 114 115 116 117 118 119 120
50 250 51 52 53 54 55 56 57 58 59 60 61 62 63 64 65 66 67 68 69 70 71 72 73 74 75 76 77 78 79 80 81 82 83 84 85 86 87 88 89 90 91 92 93 94 95 96 97 98 99 100 101 102 103 104 105 106 107 108 109 110 111 112 113 114 115 116 117 118 119 120
51 251 52 54 55 60 62 66 67 68 71 74 75 77 78 81 82 83 84 85 89 90 92 93 94 98 101 105 107 108 109 111 115 116 118 119 120
52 483 53 54 55 56 57 58 59 60 61 62 63 64 65 66 67 68 69 70 71 72 73 74 75 76 77 78 79 80 81 82 83 84 85 86 87 88 89 90 91 92 93 94 95 96 97 98 99 100 101 102 103 104 105 106 107 108 109 110 111 112 113 114 115 116 117 118 119 120
53 252 54 55 60 62 66 67 68 70 71 74 75 77 78 80 81 82 83 84 85 89 90 92 93 94 95 97 98 101 103 105 107 108 109 111 112 115 116 118 119 120
54 265 55 56 57 58 59 60 61 62 63 64 65 66 67 68 69 70 71 72 73 74 75 76 77 78 79 80 81 82 83 84 85 86 87 88 89 90 91 92 93 94 95 96 97 98 99 100 101 102 103 104 105 106 107 108 109 110 111 112 113 114 115 116 117 118 119 120
55 384 56 57 58 59 60 61 62 63 64 65 66 67 68 69 70 71 72 73 74 75 76 77 78 79 80 81 82 83 84 85 86 87 88 89 90 91 92 93 94 95 96 97 98 99 100 101 102 103 104 105 106 107 108 109 110 111 112 113 114 115 116 117 118 119 120
56 283 60 62 66 67 68 70 71 74 75 77 78 80 81 82 83 84 85 89 90 92 93 94 95 97 98 101 103 105 107 108 109 111 112 115 116 118 119 120
57 333 62 66 67 68 71 74 75 77 78 81 82 84 85 89 90 92 93 94 98 101 105 107 109 111 115 116 118 120
58 484 60 62 66 67 68 70 71 74 75 77 78 80 81 82 83 84 85 89 90 92 93 94 95 97 98 101 103 105 107 108 109 111 112 115 116 118 119 120
59 251 62 66 67 68 71 74 75 77 78 81 82 83 84 85 89 90 92 93 94 98 101 105 107 108 109 111 115 116 118 119 120
60 265 62 63 66 67 68 69 70 71 73 74 75 76 77 78 80 81 82 83 84 85 86 87 89 90 92 93 94 95 96 97 98 99 101 102 103 104 105 106 107 108 109 110 111 112 114 115 116 117 118 119 120
61 481 62 66 67 68 71 74 75 77 78 81 82 84 85 89 90 92 93 94 98 101 105 107 109 111 115 116 118 120
62 257 63 64 65 66 67 68 69 70 71 72 73 74 75 76 77 78 79 80 81 82 83 84 85 86 87 88 89 90 91 92 93 94 95 96 97 98 99 100 101 102 103 104 105 106 107 108 109 110 111 112 113 114 115 116 117 118 119 120
63 262 66 67 68 69 70 71 74 75 77 78 80 81 82 83 84 85 89 90 92 93 94 95 97 98 101 102 103 105 106 107 108 109 110 111 112 115 116 117 118 119 120
64 401 66 67 68 71 74 75 77 78 81 82 83 84 85 89 90 92 93 94 98 101 105 107 108 109 111 115 116 118 119 120
65 298 66 67 68 71 74 75 77 78 81 82 83 84 85 89 90 92 93 94 98 101 105 107 108 109 111 115 116 118 119 120
66 301 67 68 69 70 71 72 73 74 75 76 77 78 79 80 81 82 83 84 85 86 87 88 89 90 91 92 93 94 95 96 97 98 99 100 101 102 103 104 105 106 107 108 109 110 111 112 113 114 115 116 117 118 119 120
67 396 68 69 70 71 72 73 74 75 76 77 78 79 80 81 82 83 84 85 86 87 88 89 90 91 92 93 94 95 96 97 98 99 100 101 102 103 104 105 106 107 108 109 110 111 112 113 114 115 116 117 118 119 120
68 289 69 70 71 72 73 74 75 76 77 78 79 80 81 82 83 84 85 86 87 88 89 90 91 92 93 94 95 96 97 98 99 100 101 102 103 104 105 106 107 108 109 110 111 112 113 114 115 116 117 118 119 120
69 315 70 71 74 75 76 77 78 80 81 82 83 84 85 89 90 92 93 94 95 97 98 101 102 103 105 106 107 108 109 110 111 112 115 116 117 118 119 120
70 382 71 73 74 75 76 77 78 80 81 82 83 84 85 86 87 89 90 92 93 94 95 97 98 99 101 102 103 105 106 107 108 109 110 111 112 115 116 117 118 119 120
71 250 72 73 74 75 76 77 78 79 80 81 82 83 84 85 86 87 88 89 90 91 92 93 94 95 96 97 98 99 100 101 102 103 104 105 106 107 108 109 110 111 112 113 114 115 116 117 118 119 120
72 368 74 75 77 78 81 82 84 85 89 90 92 93 94 98 101 105 107 108 109 111 115 116 118 120
73 410 74 75 77 78 80 81 82 83 84 85 89 90 92 93 94 95 97 98 101 103 105 107 108 109 111 112 115 116 118 119 120
74 256 75 76 77 78 79 80 81 82 83 84 85 86 87 88 89 90 91 92 93 94 95 96 97 98 99 100 101 102 103 104 105 106 107 108 109 110 111 112 113 114 115 116 117 118 119 120
75 334 76 77 78 79 80 81 82 83 84 85 86 87 88 89 90 91 92 93 94 95 96 97 98 99 100 101 102 103 104 105 106 107 108 109 110 111 112 113 114 115 116 117 118 119 120
76 497 77 78 80 81 82 83 84 85 89 90 92 93 94 95 97 98 101 102 103 105 106 107 108 109 110 111 112 115 116 117 118 119 120
77 250 78 79 80 81 82 83 84 85 86 87 88 89 90 91 92 93 94 95 96 97 98 99 100 101 102 103 104 105 106 107 108 109 110 111 112 113 114 115 116 117 118 119 120
78 253 79 80 81 82 83 84 85 86 87 88 89 90 91 92 93 94 95 96 97 98 99 100 101 102 103 104 105 106 107 108 109 110 111 112 113 114 115 116 117 118 119 120
79 359 81 82 84 85 89 90 92 93 94 98 101 105 107 109 111 116 118 120
80 317 81 82 83 84 85 86 89 90 92 93 94 95 97 98 99 101 102 103 105 106 107 108 109 110 111 112 115 116 117 118 119 120
81 324 82 83 84 85 86 87 88 89 90 92 93 94 95 96 97 98 99 100 101 102 103 104 105 106 107 108 109 110 111 112 113 114 115 116 117 118 119 120
82 424 83 84 85 86 87 88 89 90 91 92 93 94 95 96 97 98 99 100 101 102 103 104 105 106 107 108 109 110 111 112 113 114 115 116 117 118 119 120
83 251 84 85 86 87 88 89 90 92 93 94 95 96 97 98 99 101 102 103 104 105 106 107 108 109 110 111 112 114 115 116 117 118 119 120
84 325 85 86 87 88 89 90 91 92 93 94 95 96 97 98 99 100 101 102 103 104 105 106 107 108 109 110 111 112 113 114 115 116 117 118 119 120
85 357 86 87 88 89 90 91 92 93 94 95 96 97 98 99 100 101 102 103 104 105 106 107 108 109 110 111 112 113 114 115 116 117 118 119 120
86 306 89 90 92 93 94 95 97 98 101 103 105 107 108 109 111 112 115 116 118 119 120
87 337 89 90 92 93 94 98 101 103 105 107 108 109 111 112 115 116 118 119 120
88 396 89 90 92 93 94 98 101 105 107 108 109 111 115 116 118 119 120
89 254 90 91 92 93 94 95 96 97 98 99 100 101 102 103 104 105 106 107 108 109 110 111 112 113 114 115 116 117 118 119 120
90 350 91 92 93 94 95 96 97 98 99 100 101 102 103 104 105 106 107 108 109 110 111 112 113 114 115 116 117 118 119 120
91 469 92 93 94 98 101 105 107 109 111 116 118 120
92 258 93 94 95 96 97 98 99 100 101 102 103 104 105 106 107 108 109 110 111 112 113 114 115 116 117 118 119 120
93 273 94 95 96 97 98 99 100 101 102 103 104 105 106 107 108 109 110 111 112 113 114 115 116 117 118 119 120
94 391 95 96 97 98 99 100 101 102 103 104 105 106 107 108 109 110 111 112 113 114 115 116 117 118 119 120
95 274 97 98 99 101 102 103 105 106 107 108 109 110 111 112 115 116 117 118 119 120
96 335 98 101 105 107 108 109 111 115 116 118 119 120
97 426 98 99 101 102 103 105 106 107 108 109 110 111 112 115 116 117 118 119 120
98 278 99 100 101 102 103 104 105 106 107 108 109 110 111 112 113 114 115 116 117 118 119 120
99 296 101 103 105 107 108 109 111 112 115 116 118 119 120
100 434 101 105 107 109 111 115 116 118 120
101 268 102 103 104 105 106 107 108 109 110 111 112 113 114 115 116 117 118 119 120
102 298 103 105 106 107 108 109 110 111 112 115 116 117 118 119 120
103 491 105 106 107 108 109 110 111 112 114 115 116 117 118 119 120
104 251 105 107 108 109 111 115 116 118 119 120
105 258 106 107 108 109 110 111 112 113 114 115 116 117 118 119 120
106 460 107 108 109 110 111 112 115 116 117 118 119 120
107 261 108 109 110 111 112 113 114 115 116 117 118 119 120
108 279 109 110 111 112 114 115 116 117 118 119 120
109 403 110 111 112 113 114 115 116 117 118 119 120
110 289 111 112 115 116 117 118 119 120
111 308 112 113 114 115 116 117 118 119 120
112 436 114 115 116 117 118 119 120
113 266 115 116 118 120
114 298 115 116 118 119 120
115 350 116 117 118 119 120
116 322 117 118 119 120
117 328 118 119 120
118 419 119 120
119 269 120
120 312
