249 1000
1 466
2 261
3 273
4 497
5 250
6 253
7 382
8 308
9 310
10 424
11 273
12 303
13 385
14 283
15 332
16 425
17 254
18 321
19 464
20 253
21 283
22 443
23 258
24 299
25 401
26 276
27 323
28 488
29 255
30 257
31 431
32 250
33 319
34 460
35 263
36 277
37 381
38 302
39 317
40 397
41 260
42 343
43 380
44 289
45 331
46 385
47 250
48 365
49 441
50 263
51 296
52 492
53 253
54 255
55 431
56 260
57 309
58 487
59 255
60 258
61 407
62 259
63 334
64 480
65 255
66 265
67 428
68 279
69 293
70 387
71 281
72 332
73 444
74 251
75 305
76 489
77 254
78 257
79 372
80 251
81 377
82 452
83 257
84 291
85 428
86 271
87 301
88 422
89 253
90 325
91 358
92 260
93 382
94 497
95 250
96 253
97 382
98 306
99 312
100 359
101 269
102 372
103 409
104 293
105 298
106 491
107 252
108 257
109 434
110 271
111 295
112 369
113 252
114 379
115 383
116 288
117 329
118 393
119 263
120 344
121 438
122 259
123 303
124 451
125 267
126 282
127 494
128 252
129 254
130 391
131 288
132 321
133 376
134 264
135 360
136 499
137 250
138 251
139 381
140 255
141 364
142 353
143 311
144 336
145 440
146 269
147 291
148 457
149 267
150 276
151 452
152 270
153 278
154 404
155 262
156 334
157 398
158 293
159 309
160 360
161 279
162 361
163 425
164 284
165 291
166 491
167 251
168 258
169 451
170 272
171 277
172 446
173 276
174 278
175 497
176 250
177 253
178 437
179 254
180 309
181 469
182 254
183 277
184 437
185 279
186 284
187 354
188 311
189 335
190 425
191 250
192 325
193 461
194 258
195 281
196 416
197 270
198 314
199 459
200 258
201 283
202 400
203 271
204 329
205 468
206 250
207 282
208 370
209 269
210 361
211 422
212 256
213 322
214 407
215 260
216 333
217 382
218 250
219 368
220 449
221 254
222 297
223 426
224 258
225 316
226 464
227 267
228 269
229 415
230 254
231 331
232 392
233 280
234 328
235 415
236 284
237 301
238 432
239 279
240 289
241 410
242 267
243 323
244 385
245 252
246 363
247 368
248 292
249 340
