60 1000
1 403 2 3 4 5 6 7 8 9 10 11 12 13 14 15 16 17 18 19 20 21 22 23 24 25 26 27 28 29 30 31 32 33 34 35 36 37 38 39 40 41 42 43 44 45 46 47 48 49 50 51 52 53 54 55 56 57 58 59 60
2 287 3 4 5 6 7 8 9 10 11 12 13 14 15 16 17 18 19 20 21 22 23 24 25 26 27 28 29 30 31 32 33 34 35 36 37 38 39 40 41 42 43 44 45 46 47 48 49 50 51 52 53 54 55 56 57 58 59 60
3 310 4 5 6 7 8 9 10 11 12 13 14 15 16 17 18 19 20 21 22 23 24 25 26 27 28 29 30 31 32 33 34 35 36 37 38 39 40 41 42 43 44 45 46 47 48 49 50 51 52 53 54 55 56 57 58 59 60
4 427 5 6 7 8 9 10 11 12 13 14 15 16 17 18 19 20 21 22 23 24 25 26 27 28 29 30 31 32 33 34 35 36 37 38 39 40 41 42 43 44 45 46 47 48 49 50 51 52 53 54 55 56 57 58 59 60
5 281 6 7 8 9 10 11 13 15 17 18 19 20 21 22 23 26 27 28 29 30 31 32 33 34 35 36 37 39 40 41 42 43 44 45 46 48 49 50 52 54 55 56 57 58 59 60
6 292 7 8 9 10 11 12 13 14 15 16 17 18 19 20 21 22 23 24 25 26 27 28 29 30 31 32 33 34 35 36 37 38 39 40 41 42 43 44 45 46 47 48 49 50 51 52 53 54 55 56 57 58 59 60
7 451 8 9 10 11 12 13 14 15 16 17 18 19 20 21 22 23 24 25 26 27 28 29 30 31 32 33 34 35 36 37 38 39 40 41 42 43 44 45 46 47 48 49 50 51 52 53 54 55 56 57 58 59 60
8 265 9 10 11 13 15 17 18 19 20 21 22 23 26 27 28 29 30 31 32 33 34 35 36 37 39 40 41 42 43 44 45 46 47 48 49 50 52 54 55 56 57 58 59 60
9 284 10 11 12 13 14 15 16 17 18 19 20 21 22 23 24 25 26 27 28 29 30 31 32 33 34 35 36 37 38 39 40 41 42 43 44 45 46 47 48 49 50 51 52 53 54 55 56 57 58 59 60
10 450 11 13 15 17 18 19 20 21 22 23 26 27 28 29 30 31 32 33 34 35 36 37 39 40 41 42 43 44 45 46 47 48 49 50 52 54 55 56 57 58 59 60
11 250 17 18 19 20 23 27 29 30 31 33 36 37 41 43 44 45 46 50 52 54 55 56 58 59
12 300 18 19 20 23 29 30 31 36 41 43 46 50 52 54 56 58
13 400 17 18 19 20 23 27 29 30 31 33 36 41 43 44 46 50 52 54 55 56 58 59
14 278 18 20 23 30 31 36 41 43 46 50 52 54 56 58
15 322 17 18 19 20 22 23 26 27 29 30 31 32 33 34 35 36 37 39 41 42 43 44 45 46 48 49 50 52 54 55 56 57 58 59 60
16 374 18 19 20 23 30 31 36 41 43 46 50 52 54 56 58
17 261 18 19 20 21 22 23 26 27 28 29 30 31 32 33 34 35 36 37 39 40 41 42 43 44 45 46 47 48 49 50 52 54 55 56 57 58 59 60
18 365 19 20 21 22 23 24 25 26 27 28 29 30 31 32 33 34 35 36 37 38 39 40 41 42 43 44 45 46 47 48 49 50 51 52 53 54 55 56 57 58 59 60
19 380 20 21 22 23 24 25 26 27 28 29 30 31 32 33 34 35 36 37 38 39 40 41 42 43 44 45 46 47 48 49 50 51 52 53 54 55 56 57 58 59 60
20 276 21 22 23 24 25 26 27 28 29 30 31 32 33 34 35 36 37 38 39 40 41 42 43 44 45 46 47 48 49 50 51 52 53 54 55 56 57 58 59 60
21 344 23 27 29 30 31 33 36 41 43 44 46 50 52 54 55 56 58 59
22 464 23 26 27 29 30 31 32 33 35 36 37 39 41 42 43 44 45 46 48 49 50 52 54 55 56 57 58 59 60
23 252 24 25 26 27 28 29 30 31 32 33 34 35 36 37 38 39 40 41 42 43 44 45 46 47 48 49 50 51 52 53 54 55 56 57 58 59 60
24 284 29 30 31 36 41 43 46 50 52 54 56 58
25 394 29 30 31 36 41 43 46 50 52 54 56 58
26 269 27 29 30 31 32 33 35 36 37 39 41 42 43 44 45 46 50 52 54 55 56 57 58 59 60
27 337 28 29 30 31 32 33 34 35 36 37 39 40 41 42 43 44 45 46 48 49 50 52 54 55 56 57 58 59 60
28 375 29 30 31 33 36 37 41 43 44 45 46 50 52 54 55 56 58 59
29 297 30 31 32 33 34 35 36 37 39 40 41 42 43 44 45 46 47 48 49 50 51 52 53 54 55 56 57 58 59 60
30 328 31 32 33 34 35 36 37 38 39 40 41 42 43 44 45 46 47 48 49 50 51 52 53 54 55 56 57 58 59 60
31 498 32 33 34 35 36 37 38 39 40 41 42 43 44 45 46 47 48 49 50 51 52 53 54 55 56 57 58 59 60
32 250 33 34 35 36 37 39 41 42 43 44 45 46 48 49 50 52 54 55 56 57 58 59 60
33 252 34 35 36 37 39 40 41 42 43 44 45 46 47 48 49 50 52 54 55 56 57 58 59 60
34 374 36 37 39 41 43 44 45 46 50 52 54 55 56 58 59 60
35 304 36 37 39 41 42 43 44 45 46 48 50 52 54 55 56 57 58 59 60
36 322 37 38 39 40 41 42 43 44 45 46 47 48 49 50 51 52 53 54 55 56 57 58 59 60
37 355 39 40 41 42 43 44 45 46 48 49 50 52 54 55 56 57 58 59 60
38 276 41 43 46 50 52 54 56 58
39 369 41 42 43 44 45 46 48 49 50 52 54 55 56 57 58 59 60
40 485 41 43 44 45 46 50 52 54 55 56 58 59
41 253 42 43 44 45 46 47 48 49 50 51 52 53 54 55 56 57 58 59 60
42 262 43 44 45 46 48 50 52 54 55 56 57 58 59 60
43 357 44 45 46 47 48 49 50 51 52 53 54 55 56 57 58 59 60
44 275 45 46 47 48 49 50 52 54 55 56 57 58 59 60
45 368 46 48 49 50 52 54 55 56 57 58 59 60
46 424 47 48 49 50 51 52 53 54 55 56 57 58 59 60
47 259 50 52 54 55 56 58 59
48 317 50 52 54 55 56 58 59 60
49 471 50 52 54 55 56 58 59 60
50 250 51 52 53 54 55 56 57 58 59 60
51 279 52 54 56 58
52 388 53 54 55 56 57 58 59 60
53 273 54 56 58
54 339 55 56 57 58 59 60
55 449 56 57 58 59 60
56 275 57 58 59 60
57 276 58 59 60
58 405 59 60
59 274 60
60 321
