501 1000
1 363 14 16 19 21 24 28 29 30 38 39 40 42 45 48 49 53 57 58 60 68 79 89 90 94 96 99 114 120 121 123 125 126 127 128 129 131 139 147 150 151 154 160 162 163 164 165 168 169 170 176 177 178 183 185 186 195 204 207 209 216 218 219 220 222 223 224 225 232 233 235 237 240 247 254 256 263 267 276 277 278 281 286 287 293 294 295 297 301 303 307 313 315 326 328 329 332 342 345 347 349 350 355 357 360 361 364 367 369 371 372 373 374 379 382 389 393 395 407 408 416 419 420 422 434 443 444 451 454 460 463 464 465 470 471 472 473 478 482 486 492 495 496 498 499 500
2 274
3 363
4 364
5 291
6 345
7 396
8 274
9 330
10 443
11 277
12 280 19 60 89 90 114 128 164 165 176 185 209 223 254 301 329 345 361 372 379 393 395 407 419 470 472 486 500
13 477
14 259 16 19 57 60 89 90 114 128 164 165 168 176 185 209 219 223 233 240 254 286 287 301 329 332 345 361 372 373 379 393 395 407 419 470 472 486 495 496 498 500
15 264
16 414 19 21 24 28 29 30 38 39 40 42 45 48 49 53 57 58 60 68 79 89 90 94 96 99 114 120 121 123 125 126 127 128 129 131 139 147 150 151 154 160 162 163 164 165 168 169 170 176 177 178 183 185 186 195 204 207 209 216 218 219 220 222 223 224 225 232 233 235 237 240 247 254 256 263 267 276 277 278 281 286 287 293 294 295 297 301 303 307 313 315 326 328 329 332 342 345 347 349 350 355 357 360 361 364 367 369 371 372 373 374 379 382 389 393 395 407 408 416 419 420 422 434 443 444 451 454 460 463 464 465 470 471 472 473 478 482 486 492 495 496 498 499 500
17 282
18 304
19 435 21 24 28 29 30 38 39 40 41 42 45 48 49 50 51 53 56 57 58 59 60 68 77 79 89 90 93 94 96 99 109 113 114 119 120 121 123 125 126 127 128 129 130 131 134 138 139 140 143 147 150 151 154 158 159 160 162 163 164 165 168 169 170 176 177 178 183 185 186 189 195 203 204 207 209 216 218 219 220 221 222 223 224 225 227 232 233 235 236 237 240 247 248 254 256 258 262 263 267 269 276 277 278 280 281 286 287 289 293 294 295 296 297 301 303 307 309 313 315 319 320 322 326 328 329 332 335 342 345 347 349 350 352 353 355 357 360 361 364 367 369 370 371 372 373 374 379 382 387 389 393 394 395 397 407 408 416 419 420 421 422 430 433 434 435 438 443 444 451 454 459 460 463 464 465 470 471 472 473 478 482 485 486 492 495 496 498 499 500
20 265
21 300 57 60 89 90 99 114 127 128 164 165 168 169 176 183 185 209 219 223 233 240 254 277 286 287 301 329 332 345 361 372 373 374 379 393 395 407 419 460 470 472 486 495 496 498 499 500
22 417
23 283
24 300 49 57 60 79 89 90 99 114 127 128 139 164 165 168 169 170 176 183 185 209 219 223 233 240 254 263 277 286 287 301 307 315 329 332 345 361 364 372 373 374 379 393 395 407 419 460 470 472 478 486 495 496 498 499 500
25 467
26 252
27 281
28 383 49 57 60 79 89 90 99 114 127 128 139 164 165 168 169 170 176 183 185 209 219 223 233 240 254 263 277 286 287 301 307 315 329 332 345 361 364 372 373 374 379 393 395 407 419 420 460 470 472 478 486 495 496 498 499 500
29 253 30 39 40 42 45 49 57 60 68 79 89 90 96 99 114 120 123 125 126 127 128 139 147 160 162 163 164 165 168 169 170 176 178 183 185 186 204 207 209 219 223 224 232 233 237 240 247 254 256 263 276 277 278 286 287 293 294 301 303 307 313 315 328 329 332 342 345 347 350 355 361 364 369 371 372 373 374 379 393 395 407 416 419 420 422 434 460 463 464 465 470 471 472 473 478 486 495 496 498 499 500
30 364 38 39 40 42 45 49 53 57 58 60 68 79 89 90 96 99 114 120 121 123 125 126 127 128 139 147 154 160 162 163 164 165 168 169 170 176 178 183 185 186 195 204 207 209 216 219 223 224 232 233 237 240 247 254 256 263 267 276 277 278 281 286 287 293 294 301 303 307 313 315 328 329 332 342 345 347 349 350 355 360 361 364 369 371 372 373 374 379 389 393 395 407 416 419 420 422 434 443 451 460 463 464 465 470 471 472 473 478 486 495 496 498 499 500
31 420
32 257
33 323
34 498
35 250
36 252
37 452
38 267 45 49 57 60 79 89 90 99 114 127 128 139 162 164 165 168 169 170 176 183 185 204 207 209 219 223 233 237 240 254 256 263 277 286 287 293 301 307 315 329 332 345 347 355 361 364 372 373 374 379 393 395 407 416 419 420 434 460 463 470 472 473 478 486 495 496 498 499 500
39 281 40 42 45 49 57 60 68 79 89 90 96 99 114 120 123 125 126 127 128 139 147 160 162 164 165 168 169 170 176 178 183 185 186 204 207 209 219 223 224 233 237 240 247 254 256 263 276 277 278 286 287 293 294 301 303 307 315 328 329 332 342 345 347 350 355 361 364 369 371 372 373 374 379 393 395 407 416 419 420 422 434 460 463 465 470 471 472 473 478 486 495 496 498 499 500
40 479 42 45 49 57 60 68 79 89 90 96 99 114 120 121 123 125 126 127 128 139 147 160 162 163 164 165 168 169 170 176 178 183 185 186 204 207 209 219 223 224 232 233 237 240 247 254 256 263 276 277 278 286 287 293 294 301 303 307 313 315 328 329 332 342 345 347 349 350 355 361 364 369 371 372 373 374 379 393 395 407 416 419 420 422 434 460 463 464 465 470 471 472 473 478 486 495 496 498 499 500
41 257 60 89 90 114 128 164 165 176 185 209 223 254 301 329 345 361 372 379 393 395 407 419 470 472 486 500
42 264 45 49 57 60 68 79 89 90 96 99 114 120 123 125 126 127 128 139 147 160 162 164 165 168 169 170 176 178 183 185 186 204 207 209 219 223 224 233 237 240 247 254 256 263 276 277 278 286 287 293 294 301 303 307 315 328 329 332 342 345 347 350 355 361 364 369 371 372 373 374 379 393 395 407 416 419 420 422 434 460 463 470 471 472 473 478 486 495 496 498 499 500
43 362
44 278
45 360 49 53 57 58 60 68 79 89 90 96 99 114 120 121 123 125 126 127 128 139 147 151 154 160 162 163 164 165 168 169 170 176 178 183 185 186 195 204 207 209 216 218 219 220 223 224 232 233 237 240 247 254 256 263 267 276 277 278 281 286 287 293 294 297 301 303 307 313 315 328 329 332 342 345 347 349 350 355 360 361 364 369 371 372 373 374 379 389 393 395 407 416 419 420 422 434 443 451 460 463 464 465 470 471 472 473 478 486 495 496 498 499 500
46 364
47 260
48 376 49 57 60 79 89 90 99 114 127 128 139 164 165 168 169 170 176 183 185 209 219 223 233 240 254 263 277 286 287 301 307 329 332 345 361 364 372 373 374 379 393 395 407 419 460 470 472 478 486 495 496 498 499 500
49 399 53 57 58 60 68 79 89 90 94 96 99 114 120 121 123 125 126 127 128 129 139 147 151 154 160 162 163 164 165 168 169 170 176 177 178 183 185 186 195 204 207 209 216 218 219 220 222 223 224 225 232 233 237 240 247 254 256 263 267 276 277 278 281 286 287 293 294 295 297 301 303 307 313 315 328 329 332 342 345 347 349 350 355 360 361 364 369 371 372 373 374 379 382 389 393 395 407 408 416 419 420 422 434 443 451 460 463 464 465 470 471 472 473 478 486 495 496 498 499 500
50 267 60 89 114 128 164 165 176 185 209 223 254 301 329 345 372 379 393 395 407 419 470 472 486 500
51 334 89 164 185 209 254 329 372 379 393 470 486
52 441
53 261 57 60 79 89 90 99 114 125 127 128 139 162 164 165 168 169 170 176 183 185 204 207 209 219 223 233 237 240 254 256 263 277 286 287 293 301 307 315 329 332 345 347 355 361 364 372 373 374 379 393 395 407 416 419 420 434 460 463 470 472 473 478 486 495 496 498 499 500
54 298
55 389
56 282 60 89 90 114 128 164 165 176 185 209 223 254 301 329 345 361 372 379 393 395 407 419 470 472 486 500
57 329 58 60 68 79 89 90 93 94 96 99 109 114 120 121 123 125 126 127 128 129 131 139 147 150 151 154 159 160 162 163 164 165 168 169 170 176 177 178 183 185 186 195 204 207 209 216 218 219 220 222 223 224 225 232 233 235 236 237 240 247 254 256 263 267 276 277 278 281 286 287 289 293 294 295 297 301 303 307 309 313 315 326 328 329 332 342 345 347 349 350 352 353 355 357 360 361 364 367 369 371 372 373 374 379 382 389 393 394 395 407 408 416 419 420 422 434 443 444 451 454 460 463 464 465 470 471 472 473 478 482 486 492 495 496 498 499 500
58 386 60 79 89 90 99 114 127 128 139 164 165 168 169 170 176 183 185 209 219 223 233 237 240 254 256 263 277 286 287 301 307 315 329 332 345 347 361 364 372 373 374 379 393 395 407 419 420 434 460 463 470 472 473 478 486 495 496 498 499 500
59 261 89 164 329 372 379 393
60 353 68 77 79 89 90 93 94 96 99 109 113 114 119 120 121 123 125 126 127 128 129 130 131 138 139 143 147 150 151 154 159 160 162 163 164 165 168 169 170 176 177 178 183 185 186 195 203 204 207 209 216 218 219 220 221 222 223 224 225 227 232 233 235 236 237 240 247 254 256 263 267 269 276 277 278 280 281 286 287 289 293 294 295 297 301 303 307 309 313 315 322 326 328 329 332 342 345 347 349 350 352 353 355 357 360 361 364 367 369 370 371 372 373 374 379 382 389 393 394 395 397 407 408 416 419 420 421 422 430 433 434 443 444 451 454 460 463 464 465 470 471 472 473 478 482 486 492 495 496 498 499 500
61 398
62 270
63 332
64 459
65 266
66 275
67 374
68 280 79 89 90 96 99 114 120 123 125 126 127 128 139 160 162 164 165 168 169 170 176 178 183 185 186 204 207 209 219 223 224 233 237 240 247 254 256 263 276 277 278 286 287 293 294 301 307 315 328 329 332 342 345 347 350 355 361 364 371 372 373 374 379 393 395 407 416 419 420 422 434 460 463 470 471 472 473 478 486 495 496 498 499 500
69 346
70 418
71 277
72 305
73 458
74 263
75 279
76 482
77 253 89 90 114 128 164 165 176 185 209 219 223 254 301 329 332 345 361 372 379 393 395 407 419 470 472 486 500
78 265
79 362 89 90 94 96 99 114 120 121 123 125 126 127 128 129 139 147 151 154 160 162 163 164 165 168 169 170 176 177 178 183 185 186 195 204 207 209 216 218 219 220 222 223 224 225 232 233 237 240 247 254 256 263 267 276 277 278 281 286 287 293 294 295 297 301 303 307 313 315 328 329 332 342 345 347 349 350 355 360 361 364 369 371 372 373 374 379 382 389 393 395 407 408 416 419 420 422 434 443 451 460 463 464 465 470 471 472 473 478 486 495 496 498 499 500
80 313
81 325
82 487
83 250
84 263
85 421
86 265
87 314
88 352
89 314 90 93 94 96 99 109 113 114 119 120 121 123 125 126 127 128 129 130 131 134 138 139 140 143 147 150 151 154 158 159 160 162 163 164 165 168 169 170 176 177 178 183 185 186 189 195 203 204 207 209 216 218 219 220 221 222 223 224 225 227 232 233 235 236 237 240 247 248 254 256 258 262 263 267 269 276 277 278 280 281 286 287 289 293 294 295 296 297 301 303 307 309 313 315 319 320 322 326 328 329 332 335 342 345 347 349 350 352 353 355 357 360 361 364 367 369 370 371 372 373 374 379 382 387 389 393 394 395 397 407 408 416 419 420 421 422 430 433 434 435 438 443 444 451 454 459 460 463 464 465 470 471 472 473 478 482 485 486 492 495 496 498 499 500
90 334 93 94 96 99 109 114 120 121 123 125 126 127 128 129 131 138 139 147 150 151 154 159 160 162 163 164 165 168 169 170 176 177 178 183 185 186 195 204 207 209 216 218 219 220 222 223 224 225 227 232 233 235 236 237 240 247 254 256 263 267 276 277 278 280 281 286 287 289 293 294 295 297 301 303 307 309 313 315 326 328 329 332 342 345 347 349 350 352 353 355 357 360 361 364 367 369 370 371 372 373 374 379 382 389 393 394 395 397 407 408 416 419 420 422 430 434 443 444 451 454 460 463 464 465 470 471 472 473 478 482 486 492 495 496 498 499 500
91 456
92 259
93 285 114 128 164 165 176 185 209 219 223 254 286 287 301 329 332 345 361 372 373 379 393 395 407 419 470 472 486 498 500
94 394 99 114 127 128 139 164 165 168 169 176 183 185 209 219 223 233 240 254 277 286 287 301 329 332 345 361 372 373 374 379 393 395 407 419 460 470 472 486 495 496 498 499 500
95 298
96 308 99 114 120 123 125 126 127 128 139 160 162 164 165 168 169 170 176 178 183 185 186 204 207 209 219 223 224 233 237 240 247 254 256 263 276 277 278 286 287 293 294 301 307 315 328 329 332 342 345 347 350 355 361 364 371 372 373 374 379 393 395 407 416 419 420 422 434 460 463 470 471 472 473 478 486 495 496 498 499 500
97 465
98 257
99 278 114 120 121 123 125 126 127 128 129 139 147 151 154 160 162 163 164 165 168 169 170 176 177 178 183 185 186 195 204 207 209 216 218 219 220 222 223 224 225 232 233 237 240 247 254 256 263 267 276 277 278 281 286 287 293 294 295 297 301 303 307 313 315 328 329 332 342 345 347 349 350 355 360 361 364 369 371 372 373 374 379 382 389 393 395 407 408 416 419 420 422 434 443 451 460 463 464 465 470 471 472 473 478 486 495 496 498 499 500
100 427
101 256
102 317
103 355
104 301
105 344
106 474
107 252
108 274
109 470 114 128 164 165 176 185 209 219 223 233 254 286 287 301 329 332 345 361 372 373 379 393 395 407 419 470 472 486 498 500
110 262
111 268
112 448
113 251 114 128 164 185 209 223 254 301 329 345 372 379 393 395 407 470 472 486 500
114 301 119 120 121 123 125 126 127 128 129 131 138 139 143 147 150 151 154 159 160 162 163 164 165 168 169 170 176 177 178 183 185 186 195 203 204 207 209 216 218 219 220 221 222 223 224 225 227 232 233 235 236 237 240 247 254 256 263 267 269 276 277 278 280 281 286 287 289 293 294 295 297 301 303 307 309 313 315 326 328 329 332 342 345 347 349 350 352 353 355 357 360 361 364 367 369 370 371 372 373 374 379 382 389 393 394 395 397 407 408 416 419 420 421 422 430 433 434 443 444 451 454 460 463 464 465 470 471 472 473 478 482 486 492 495 496 498 499 500
115 399
116 252
117 349
118 497
119 250 128 164 176 185 209 223 254 301 329 345 372 379 393 395 407 470 472 486 500
120 253 121 123 125 126 127 128 139 147 160 162 163 164 165 168 169 170 176 178 183 185 186 204 207 209 219 223 224 232 233 237 240 247 254 256 263 276 277 278 286 287 293 294 301 303 307 313 315 328 329 332 342 345 347 349 350 355 360 361 364 369 371 372 373 374 379 393 395 407 416 419 420 422 434 460 463 464 465 470 471 472 473 478 486 495 496 498 499 500
121 381 123 125 127 128 139 162 164 165 168 169 170 176 183 185 186 204 207 209 219 223 233 237 240 254 256 263 276 277 286 287 293 301 307 315 329 332 345 347 355 361 364 372 373 374 379 393 395 407 416 419 420 434 460 463 470 472 473 478 486 495 496 498 499 500
122 298
123 321 125 126 127 128 139 147 160 162 163 164 165 168 169 170 176 178 183 185 186 195 204 207 209 219 223 224 232 233 237 240 247 254 256 263 276 277 278 281 286 287 293 294 301 303 307 313 315 328 329 332 342 345 347 349 350 355 360 361 364 369 371 372 373 374 379 393 395 407 416 419 420 422 434 460 463 464 465 470 471 472 473 478 486 495 496 498 499 500
124 407
125 277 126 127 128 139 147 154 160 162 163 164 165 168 169 170 176 178 183 185 186 195 204 207 209 219 223 224 232 233 237 240 247 254 256 263 276 277 278 281 286 287 293 294 301 303 307 313 315 328 329 332 342 345 347 349 350 355 360 361 364 369 371 372 373 374 379 389 393 395 407 416 419 420 422 434 460 463 464 465 470 471 472 473 478 486 495 496 498 499 500
126 316 127 128 139 160 162 164 165 168 169 170 176 178 183 185 186 204 207 209 219 223 224 233 237 240 254 256 263 276 277 278 286 287 293 294 301 307 315 328 329 332 342 345 347 350 355 361 364 371 372 373 374 379 393 395 407 416 419 420 422 434 460 463 470 471 472 473 478 486 495 496 498 499 500
127 435 128 129 139 147 151 154 160 162 163 164 165 168 169 170 176 177 178 183 185 186 195 204 207 209 216 218 219 220 222 223 224 225 232 233 235 237 240 247 254 256 263 267 276 277 278 281 286 287 293 294 295 297 301 303 307 313 315 326 328 329 332 342 345 347 349 350 355 357 360 361 364 369 371 372 373 374 379 382 389 393 395 407 408 416 419 420 422 434 443 451 460 463 464 465 470 471 472 473 478 482 486 495 496 498 499 500
128 261 129 130 131 134 138 139 143 147 150 151 154 158 159 160 162 163 164 165 168 169 170 176 177 178 183 185 186 189 195 203 204 207 209 216 218 219 220 221 222 223 224 225 227 232 233 235 236 237 240 247 254 256 263 267 269 276 277 278 280 281 286 287 289 293 294 295 296 297 301 303 307 309 313 315 320 322 326 328 329 332 342 345 347 349 350 352 353 355 357 360 361 364 367 369 370 371 372 373 374 379 382 387 389 393 394 395 397 407 408 416 419 420 421 422 430 433 434 435 438 443 444 451 454 460 463 464 465 470 471 472 473 478 482 485 486 492 495 496 498 499 500
129 304 139 164 165 168 169 176 183 185 209 219 223 233 240 254 277 286 287 301 329 332 345 361 372 373 374 379 393 395 407 419 460 470 472 486 495 496 498 499 500
130 439 164 185 209 223 254 329 345 372 379 393 395 407 470 472 486 500
131 273 164 165 168 176 185 209 219 223 233 240 254 286 287 301 329 332 345 361 372 373 379 393 395 407 419 470 472 486 496 498 500
132 288
133 357
134 274 164 185 209 254 329 372 379 393 395 470 472 486
135 369
136 374
137 254
138 372 164 165 176 185 209 223 254 301 329 345 372 379 393 395 407 419 470 472 486 500
139 387 147 151 154 160 162 163 164 165 168 169 170 176 177 178 183 185 186 195 204 207 209 216 218 219 220 222 223 224 225 232 233 237 240 247 254 256 263 267 276 277 278 281 286 287 293 294 295 297 301 303 307 313 315 328 329 332 342 345 347 349 350 355 360 361 364 369 371 372 373 374 379 382 389 393 395 407 408 416 419 420 422 434 443 451 460 463 464 465 470 471 472 473 478 486 495 496 498 499 500
140 274 164 185 209 254 329 372 379 393 470 486
141 339
142 430
143 274 164 176 185 209 223 254 301 329 345 372 379 393 395 407 419 470 472 486 500
144 296
145 413
146 276
147 311 162 164 165 168 169 170 176 178 183 185 186 204 207 209 219 223 233 237 240 254 256 263 276 277 278 286 287 293 301 307 315 329 332 342 345 347 355 361 364 372 373 374 379 393 395 407 416 419 420 434 460 463 470 472 473 478 486 495 496 498 499 500
148 465
149 257
150 278 164 165 168 176 185 209 219 223 233 240 254 286 287 301 329 332 345 361 372 373 379 393 395 407 419 460 470 472 486 495 496 498 500
151 457 164 165 168 169 170 176 183 185 209 219 223 233 237 240 254 263 277 286 287 301 307 315 329 332 345 361 364 372 373 374 379 393 395 407 419 420 434 460 470 472 473 478 486 495 496 498 499 500
152 252
153 291
154 358 162 164 165 168 169 170 176 183 185 186 204 207 209 219 223 233 237 240 254 256 263 277 286 287 293 301 307 315 329 332 345 347 355 361 364 372 373 374 379 393 395 407 416 419 420 434 460 463 470 472 473 478 486 495 496 498 499 500
155 305
156 337
157 456
158 264 164 185 209 254 329 372 379 393 470 486
159 280 164 165 176 185 209 219 223 254 286 287 301 329 332 345 361 372 373 379 393 395 407 419 470 472 486 498 500
160 486 162 164 165 168 169 170 176 178 183 185 186 204 207 209 219 223 224 233 237 240 247 254 256 263 276 277 278 286 287 293 294 301 307 315 328 329 332 342 345 347 350 355 361 364 371 372 373 374 379 393 395 407 416 419 420 422 434 460 463 470 471 472 473 478 486 495 496 498 499 500
161 250
162 264 163 164 165 168 169 170 176 178 183 185 186 195 204 207 209 219 223 224 232 233 237 240 247 254 256 263 276 277 278 281 286 287 293 294 301 303 307 313 315 328 329 332 342 345 347 349 350 355 360 361 364 369 371 372 373 374 379 389 393 395 407 416 419 420 422 434 460 463 464 465 470 471 472 473 478 486 495 496 498 499 500
163 393 164 165 168 169 170 176 178 183 185 186 204 207 209 219 223 233 237 240 254 256 263 276 277 278 286 287 293 301 307 315 329 332 342 345 347 355 361 364 372 373 374 379 393 395 407 416 419 420 434 460 463 470 472 473 478 486 495 496 498 499 500
164 271 165 168 169 170 176 177 178 183 185 186 189 195 203 204 207 209 216 218 219 220 221 222 223 224 225 227 232 233 235 236 237 240 247 254 256 258 262 263 267 269 276 277 278 280 281 286 287 289 293 294 295 296 297 301 303 307 309 313 315 320 322 326 328 329 332 335 342 345 347 349 350 352 353 355 357 360 361 364 367 369 370 371 372 373 374 379 382 387 389 393 394 395 397 407 408 416 419 420 421 422 430 433 434 435 438 443 444 451 454 459 460 463 464 465 470 471 472 473 478 482 485 486 492 495 496 498 499 500
165 336 168 169 170 176 177 178 183 185 186 195 203 204 207 209 216 218 219 220 221 222 223 224 225 227 232 233 235 236 237 240 247 254 256 263 267 276 277 278 280 281 286 287 289 293 294 295 297 301 303 307 309 313 315 326 328 329 332 342 345 347 349 350 352 353 355 357 360 361 364 367 369 370 371 372 373 374 379 382 389 393 394 395 397 407 408 416 419 420 422 430 434 443 444 451 454 460 463 464 465 470 471 472 473 478 482 486 492 495 496 498 499 500
166 376
167 299
168 325 169 170 176 177 178 183 185 186 195 204 207 209 216 218 219 220 222 223 224 225 232 233 235 236 237 240 247 254 256 263 267 276 277 278 281 286 287 293 294 295 297 301 303 307 313 315 326 328 329 332 342 345 347 349 350 355 357 360 361 364 367 369 371 372 373 374 379 382 389 393 395 407 408 416 419 420 422 434 443 444 451 454 460 463 464 465 470 471 472 473 478 482 486 492 495 496 498 499 500
169 465 170 176 177 178 183 185 186 195 204 207 209 216 218 219 220 222 223 224 225 232 233 235 237 240 247 254 256 263 267 276 277 278 281 286 287 293 294 295 297 301 303 307 313 315 326 328 329 332 342 345 347 349 350 355 357 360 361 364 369 371 372 373 374 379 382 389 393 395 407 408 416 419 420 422 434 443 451 460 463 464 465 470 471 472 473 478 482 486 495 496 498 499 500
170 266 176 178 183 185 186 195 204 207 209 216 218 219 220 223 224 225 232 233 237 240 247 254 256 263 267 276 277 278 281 286 287 293 294 295 297 301 303 307 313 315 328 329 332 342 345 347 349 350 355 360 361 364 369 371 372 373 374 379 389 393 395 407 408 416 419 420 422 434 443 451 460 463 464 465 470 471 472 473 478 486 495 496 498 499 500
171 269
172 364
173 317
174 319
175 467
176 258 177 178 183 185 186 195 203 204 207 209 216 218 219 220 221 222 223 224 225 227 232 233 235 236 237 240 247 254 256 263 267 269 276 277 278 280 281 286 287 289 293 294 295 297 301 303 307 309 313 315 326 328 329 332 342 345 347 349 350 352 353 355 357 360 361 364 367 369 370 371 372 373 374 379 382 389 393 394 395 397 407 408 416 419 420 422 430 433 434 443 444 451 454 460 463 464 465 470 471 472 473 478 482 486 492 495 496 498 499 500
177 275 183 185 209 219 223 233 240 254 263 277 286 287 301 329 332 345 361 372 373 374 379 393 395 407 419 460 470 472 486 495 496 498 499 500
178 404 183 185 186 204 207 209 219 223 224 232 233 237 240 247 254 256 263 276 277 278 286 287 293 294 301 303 307 313 315 328 329 332 342 345 347 350 355 361 364 369 371 372 373 374 379 393 395 407 416 419 420 422 434 460 463 464 465 470 471 472 473 478 486 495 496 498 499 500
179 279
180 317
181 397
182 296
183 307 185 186 195 204 207 209 216 218 219 220 222 223 224 225 232 233 235 237 240 247 254 256 263 267 276 277 278 281 286 287 293 294 295 297 301 303 307 313 315 326 328 329 332 342 345 347 349 350 355 357 360 361 364 367 369 371 372 373 374 379 382 389 393 395 407 408 416 419 420 422 434 443 444 451 454 460 463 464 465 470 471 472 473 478 482 486 492 495 496 498 499 500
184 403
185 274 186 189 195 203 204 207 209 216 218 219 220 221 222 223 224 225 227 232 233 235 236 237 240 247 254 256 263 267 269 276 277 278 280 281 286 287 289 293 294 295 296 297 301 303 307 309 313 315 320 322 326 328 329 332 342 345 347 349 350 352 353 355 357 360 361 364 367 369 370 371 372 373 374 379 382 387 389 393 394 395 397 407 408 416 419 420 421 422 430 433 434 435 438 443 444 451 454 459 460 463 464 465 470 471 472 473 478 482 485 486 492 495 496 498 499 500
186 323 195 204 207 209 219 223 224 232 233 237 240 247 254 256 263 276 277 278 281 286 287 293 294 301 303 307 313 315 328 329 332 342 345 347 349 350 355 360 361 364 369 371 372 373 374 379 389 393 395 407 416 419 420 422 434 460 463 464 465 470 471 472 473 478 486 495 496 498 499 500
187 384
188 285
189 331 209 223 254 329 372 379 393 395 407 470 472 486 500
190 377
191 301
192 322
193 362
194 286
195 352 204 207 209 219 223 233 237 240 254 256 263 277 286 287 293 301 307 315 329 332 345 347 355 361 364 372 373 374 379 393 395 407 416 419 420 434 460 463 470 472 473 478 486 495 496 498 499 500
196 426
197 273
198 301
199 414
200 257
201 329
202 413
203 283 209 223 254 301 329 345 372 379 393 395 407 419 470 472 486 500
204 304 207 209 219 223 224 232 233 237 240 247 254 256 263 267 276 277 278 281 286 287 293 294 301 303 307 313 315 328 329 332 342 345 347 349 350 355 360 361 364 369 371 372 373 374 379 389 393 395 407 416 419 420 422 434 443 460 463 464 465 470 471 472 473 478 486 495 496 498 499 500
205 353
206 271
207 376 209 219 223 224 232 233 237 240 247 254 256 263 276 277 278 281 286 287 293 294 301 303 307 313 315 328 329 332 342 345 347 349 350 355 360 361 364 369 371 372 373 374 379 389 393 395 407 416 419 420 422 434 443 460 463 464 465 470 471 472 473 478 486 495 496 498 499 500
208 426
209 250 216 218 219 220 221 222 223 224 225 227 232 233 235 236 237 240 247 254 256 262 263 267 269 276 277 278 280 281 286 287 289 293 294 295 296 297 301 303 307 309 313 315 320 322 326 328 329 332 335 342 345 347 349 350 352 353 355 357 360 361 364 367 369 370 371 372 373 374 379 382 387 389 393 394 395 397 407 408 416 419 420 421 422 430 433 434 435 438 443 444 451 454 459 460 463 464 465 470 471 472 473 478 482 485 486 492 495 496 498 499 500
210 324
211 390
212 271
213 339 329
214 362
215 260
216 378 219 223 233 237 240 254 256 263 277 286 287 301 307 315 329 332 345 347 361 364 372 373 374 379 393 395 407 416 419 420 434 460 463 470 472 473 478 486 495 496 498 499 500
217 354
218 265 219 223 233 240 254 263 277 286 287 301 307 315 329 332 345 361 364 372 373 374 379 393 395 407 419 420 434 460 470 472 473 478 486 495 496 498 499 500
219 381 220 222 223 224 225 232 233 235 236 237 240 247 254 256 263 267 276 277 278 280 281 286 287 289 293 294 295 297 301 303 307 309 313 315 326 328 329 332 342 345 347 349 350 352 353 355 357 360 361 364 367 369 371 372 373 374 379 382 389 393 394 395 397 407 408 416 419 420 422 430 434 443 444 451 454 460 463 464 465 470 471 472 473 478 482 486 492 495 496 498 499 500
220 480 223 233 237 240 254 263 277 286 287 301 307 315 329 332 345 361 364 372 373 374 379 393 395 407 419 420 434 460 463 470 472 473 478 486 495 496 498 499 500
221 256 223 254 301 329 345 372 379 393 395 407 419 470 472 486 500
222 264 223 233 240 254 263 277 286 287 301 329 332 345 361 372 373 374 379 393 395 407 419 460 470 472 486 495 496 498 499 500
223 356 224 225 227 232 233 235 236 237 240 247 254 256 263 267 269 276 277 278 280 281 286 287 289 293 294 295 297 301 303 307 309 313 315 320 322 326 328 329 332 342 345 347 349 350 352 353 355 357 360 361 364 367 369 370 371 372 373 374 379 382 387 389 393 394 395 397 407 408 416 419 420 421 422 430 433 434 435 443 444 451 454 460 463 464 465 470 471 472 473 478 482 485 486 492 495 496 498 499 500
224 288 233 237 240 247 254 256 263 276 277 278 286 287 293 294 301 303 307 315 328 329 332 342 345 347 350 355 361 364 369 371 372 373 374 379 393 395 407 416 419 420 422 434 460 463 470 471 472 473 478 486 495 496 498 499 500
225 356 233 240 254 263 277 286 287 301 307 329 332 345 361 364 372 373 374 379 393 395 407 419 460 470 472 478 486 495 496 498 499 500
226 388
227 252 254 301 329 345 372 379 393 395 407 419 470 472 486 500
228 360
229 427
230 250
231 323
232 368 233 237 240 254 256 263 276 277 278 286 287 293 301 307 315 329 332 342 345 347 355 361 364 372 373 374 379 393 395 407 416 419 420 434 460 463 470 472 473 478 486 495 496 498 499 500
233 293 235 236 237 240 247 254 256 263 267 276 277 278 281 286 287 293 294 295 297 301 303 307 313 315 326 328 329 332 342 345 347 349 350 355 357 360 361 364 367 369 371 372 373 374 379 382 389 393 395 407 408 416 419 420 422 434 443 444 451 454 460 463 464 465 470 471 472 473 478 482 486 492 495 496 498 499 500
234 339
235 360 240 254 286 287 301 329 332 345 361 372 373 379 393 395 407 419 460 470 472 486 495 496 498 500
236 314 254 286 287 301 329 332 345 361 372 373 379 393 395 407 419 470 472 486 498 500
237 326 240 247 254 256 263 267 276 277 278 281 286 287 293 294 297 301 303 307 313 315 328 329 332 342 345 347 349 350 355 360 361 364 369 371 372 373 374 379 389 393 395 407 416 419 420 422 434 443 451 460 463 464 465 470 471 472 473 478 486 495 496 498 499 500
238 370
239 281
240 349 247 254 256 263 267 276 277 278 281 286 287 293 294 295 297 301 303 307 313 315 326 328 329 332 342 345 347 349 350 355 357 360 361 364 367 369 371 372 373 374 379 382 389 393 395 407 408 416 419 420 422 434 443 444 451 454 460 463 464 465 470 471 472 473 478 482 486 492 495 496 498 499 500
241 382
242 277
243 341
244 490
245 252
246 258
247 393 254 256 263 276 277 278 286 287 293 294 301 307 315 329 332 342 345 347 350 355 361 364 371 372 373 374 379 393 395 407 416 419 420 422 434 460 463 470 471 472 473 478 486 495 496 498 499 500
248 281 329 393
249 326
250 451
251 262
252 287
253 494
254 252 256 262 263 267 269 276 277 278 280 281 286 287 289 293 294 295 296 297 301 303 307 309 313 315 320 322 326 328 329 332 335 342 345 347 349 350 352 353 355 357 360 361 364 367 369 370 371 372 373 374 379 382 387 389 393 394 395 397 407 408 416 419 420 421 422 430 433 434 435 438 443 444 451 454 459 460 463 464 465 470 471 472 473 478 482 485 486 492 495 496 498 499 500
255 254
256 409 263 267 276 277 278 281 286 287 293 294 297 301 303 307 313 315 328 329 332 342 345 347 349 350 355 360 361 364 369 371 372 373 374 379 389 393 395 407 416 419 420 422 434 443 451 460 463 464 465 470 471 472 473 478 486 495 496 498 499 500
257 283
258 308 329 379 393
259 375
260 281
261 344
262 479 329 372 379 393 470
263 259 267 276 277 278 281 286 287 293 294 295 297 301 303 307 313 315 328 329 332 342 345 347 349 350 355 360 361 364 369 371 372 373 374 379 382 389 393 395 407 408 416 419 420 422 434 443 451 460 463 464 465 470 471 472 473 478 486 495 496 498 499 500
264 262
265 434
266 278
267 288 277 286 287 293 301 307 315 329 332 345 347 361 364 372 373 374 379 393 395 407 416 419 420 434 460 463 470 472 473 478 486 495 496 498 499 500
268 368
269 295 301 329 345 372 379 393 395 407 470 472 486 500
270 337
271 402
272 258
273 340
274 405 329
275 271
276 324 277 278 286 287 293 294 301 303 307 313 315 328 329 332 342 345 347 349 350 355 360 361 364 369 371 372 373 374 379 393 395 407 416 419 420 422 434 460 463 464 465 470 471 472 473 478 486 495 496 498 499 500
277 393 278 281 286 287 293 294 295 297 301 303 307 313 315 326 328 329 332 342 345 347 349 350 355 357 360 361 364 369 371 372 373 374 379 382 389 393 395 407 408 416 419 420 422 434 443 451 460 463 464 465 470 471 472 473 478 482 486 495 496 498 499 500
278 300 286 287 293 294 301 303 307 313 315 328 329 332 342 345 347 350 355 361 364 369 371 372 373 374 379 393 395 407 416 419 420 422 434 460 463 464 465 470 471 472 473 478 486 495 496 498 499 500
279 307
280 426 287 301 329 332 345 361 372 373 379 393 395 407 419 470 472 486 500
281 276 286 287 293 301 307 315 329 332 345 347 355 361 364 372 373 374 379 393 395 407 416 419 420 434 460 463 470 472 473 478 486 495 496 498 499 500
282 298
283 405
284 269
285 326 329
286 452 287 293 294 295 297 301 303 307 309 313 315 326 328 329 332 342 345 347 349 350 352 353 355 357 360 361 364 367 369 371 372 373 374 379 382 389 393 394 395 407 408 416 419 420 422 434 443 444 451 454 460 463 464 465 470 471 472 473 478 482 486 492 495 496 498 499 500
287 261 289 293 294 295 297 301 303 307 309 313 315 326 328 329 332 342 345 347 349 350 352 353 355 357 360 361 364 367 369 371 372 373 374 379 382 389 393 394 395 397 407 408 416 419 420 422 430 434 443 444 451 454 460 463 464 465 470 471 472 473 478 482 486 492 495 496 498 499 500
288 287
289 421 301 329 332 345 361 372 373 379 393 395 407 419 470 472 486 498 500
290 279
291 300
292 365
293 298 294 301 303 307 313 315 328 329 332 342 345 347 349 350 355 360 361 364 369 371 372 373 374 379 389 393 395 407 416 419 420 422 434 443 460 463 464 465 470 471 472 473 478 486 495 496 498 499 500
294 337 301 307 315 328 329 332 342 345 347 350 355 361 364 371 372 373 374 379 393 395 407 416 419 420 422 434 460 463 470 471 472 473 478 486 495 496 498 499 500
295 367 301 307 329 332 345 361 364 372 373 374 379 393 395 407 419 460 470 472 478 486 495 496 498 499 500
296 258 329 372 379 393 395 470 486
297 375 301 307 315 329 332 345 361 364 372 373 374 379 393 395 407 419 420 434 460 463 470 472 473 478 486 495 496 498 499 500
298 399
299 289
300 312
301 467 303 307 309 313 315 322 326 328 329 332 342 345 347 349 350 352 353 355 357 360 361 364 367 369 370 371 372 373 374 379 382 389 393 394 395 397 407 408 416 419 420 421 422 430 433 434 443 444 451 454 460 463 464 465 470 471 472 473 478 482 486 492 495 496 498 499 500
302 251
303 282 307 315 329 332 342 345 347 355 361 364 371 372 373 374 379 393 395 407 416 419 420 434 460 463 470 472 473 478 486 495 496 498 499 500
304 376
305 279
306 345
307 352 313 315 328 329 332 342 345 347 349 350 355 360 361 364 369 371 372 373 374 379 389 393 395 407 408 416 419 420 422 434 443 451 460 463 464 465 470 471 472 473 478 486 495 496 498 499 500
308 309
309 339 329 332 345 361 372 373 379 393 395 407 419 470 472 486 498 500
310 430
311 283
312 287
313 352 315 329 332 342 345 347 355 361 364 372 373 374 379 393 395 407 416 419 420 434 460 463 470 472 473 478 486 495 496 498 499 500
314 314
315 334 328 329 332 342 345 347 349 350 355 360 361 364 369 371 372 373 374 379 389 393 395 407 416 419 420 422 434 443 451 460 463 464 465 470 471 472 473 478 486 495 496 498 499 500
316 352
317 251
318 397
319 480 329 393
320 250 329 372 379 393 395 470 472 486
321 270
322 428 329 345 372 379 393 395 407 470 472 486 500
323 261
324 311
325 448
326 257 329 332 345 361 372 373 374 379 393 395 407 419 460 470 472 486 495 496 498 499 500
327 295
328 498 329 332 342 345 347 350 355 361 364 371 372 373 374 379 393 395 407 416 419 420 422 434 460 463 470 471 472 473 478 486 495 496 498 499 500
329 250 332 335 342 345 347 349 350 351 352 353 355 357 360 361 364 367 369 370 371 372 373 374 379 382 387 389 393 394 395 397 407 408 416 419 420 421 422 430 433 434 435 438 443 444 451 454 459 460 463 464 465 470 471 472 473 478 482 485 486 492 495 496 498 499 500
330 252
331 419
332 263 342 345 347 349 350 352 353 355 357 360 361 364 367 369 371 372 373 374 379 382 389 393 394 395 397 407 408 416 419 420 422 430 434 443 444 451 454 460 463 464 465 470 471 472 473 478 482 486 492 495 496 498 499 500
333 318
334 424
335 263 372 379 393
336 313
337 490
338 251
339 259
340 486
341 252
342 262 345 347 350 355 361 364 369 371 372 373 374 379 393 395 407 416 419 420 422 434 460 463 464 465 470 471 472 473 478 486 495 496 498 499 500
343 410
344 251
345 339 347 349 350 352 353 355 357 360 361 364 367 369 370 371 372 373 374 379 382 389 393 394 395 397 407 408 416 419 420 421 422 430 433 434 443 444 451 454 460 463 464 465 470 471 472 473 478 482 486 492 495 496 498 499 500
346 440
347 255 349 350 355 360 361 364 369 371 372 373 374 379 389 393 395 407 416 419 420 422 434 443 451 460 463 464 465 470 471 472 473 478 486 495 496 498 499 500
348 305
349 427 355 361 364 372 373 374 379 393 395 407 416 419 420 434 460 463 470 472 473 478 486 495 496 498 499 500
350 266 355 361 364 371 372 373 374 379 393 395 407 416 419 420 422 434 460 463 470 471 472 473 478 486 495 496 498 499 500
351 307
352 478 361 372 373 379 393 395 407 419 470 472 486 498 500
353 250 361 372 373 379 393 395 407 419 470 472 486 498 500
354 272
355 440 360 361 364 369 371 372 373 374 379 389 393 395 407 416 419 420 422 434 460 463 464 465 470 471 472 473 478 486 495 496 498 499 500
356 258
357 302 361 372 373 379 393 395 407 419 460 470 472 486 495 496 498 499 500
358 476
359 256
360 268 361 364 372 373 374 379 393 395 407 416 419 420 434 460 463 470 472 473 478 486 495 496 498 499 500
361 368 364 367 369 371 372 373 374 379 382 389 393 394 395 397 407 408 416 419 420 422 430 434 443 444 451 454 460 463 464 465 470 471 472 473 478 482 486 492 495 496 498 499 500
362 252
363 380
364 474 369 371 372 373 374 379 382 389 393 395 407 408 416 419 420 422 434 443 451 460 463 464 465 470 471 472 473 478 486 495 496 498 499 500
365 261
366 265
367 473 372 373 379 393 395 407 419 460 470 472 486 495 496 498 500
368 260
369 267 372 373 374 379 393 395 407 416 419 420 434 460 463 470 472 473 478 486 495 496 498 499 500
370 440 372 379 393 395 407 419 470 472 486 500
371 278 372 373 374 379 393 395 407 416 419 420 422 434 460 463 470 471 472 473 478 486 495 496 498 499 500
372 282 373 374 379 382 387 389 393 394 395 397 407 408 416 419 420 421 422 430 433 434 435 438 443 444 451 454 459 460 463 464 465 470 471 472 473 478 482 485 486 492 495 496 498 499 500
373 427 374 379 382 389 393 394 395 407 408 416 419 420 422 430 434 443 444 451 454 460 463 464 465 470 471 472 473 478 482 486 492 495 496 498 499 500
374 267 379 382 389 393 395 407 408 416 419 420 422 434 443 451 460 463 464 465 470 471 472 473 478 482 486 495 496 498 499 500
375 306
376 388
377 275
378 337
379 473 382 387 389 393 394 395 397 407 408 416 419 420 421 422 430 433 434 435 438 443 444 451 454 459 460 463 464 465 470 471 472 473 478 482 485 486 492 495 496 498 499 500
380 253
381 274
382 395 393 395 407 419 460 470 472 478 486 495 496 498 499 500
383 295
384 310
385 408
386 274
387 318 393 395 407 470 472 486
388 413
389 283 393 395 407 416 419 420 434 460 463 470 472 473 478 486 495 496 498 499 500
390 304
391 454
392 253
393 293 394 395 397 407 408 416 419 420 421 422 430 433 434 435 438 443 444 451 454 459 460 463 464 465 470 471 472 473 478 482 485 486 492 495 496 498 499 500
394 378 395 407 419 470 472 486 498 500
395 295 397 407 408 416 419 420 421 422 430 433 434 435 438 443 444 451 454 460 463 464 465 470 471 472 473 478 482 485 486 492 495 496 498 499 500
396 327
397 392 407 419 470 472 486 500
398 296
399 312
400 468
401 255
402 277
403 468
404 253
405 279
406 401
407 286 408 416 419 420 421 422 430 433 434 435 443 444 451 454 460 463 464 465 470 471 472 473 478 482 485 486 492 495 496 498 499 500
408 313 419 460 470 472 478 486 495 496 498 499 500
409 425
410 286
411 289
412 375
413 252
414 373
415 487
416 251 419 420 422 434 443 460 463 464 465 470 471 472 473 478 486 495 496 498 499 500
417 262
418 409
419 255 420 422 430 434 443 444 451 454 460 463 464 465 470 471 472 473 478 482 486 492 495 496 498 499 500
420 336 422 434 443 451 460 463 464 465 470 471 472 473 478 486 495 496 498 499 500
421 445 470 472 486 500
422 254 434 460 463 470 471 472 473 478 486 495 496 498 499 500
423 301
424 448
425 265
426 287
427 497
428 250
429 253
430 416 470 472 486 500
431 262
432 322
433 466 470 472 486 500
434 251 443 451 460 463 464 465 470 471 472 473 478 486 495 496 498 499 500
435 283 470 472 486 500
436 404
437 272
438 324 470 486
439 494
440 252
441 254
442 493
443 251 460 463 470 472 473 478 486 495 496 498 499 500
444 256 460 470 472 486 495 496 498 500
445 360
446 299
447 341
448 447
449 274
450 279
451 364 460 463 470 472 473 478 486 495 496 498 499 500
452 278
453 358
454 468 460 470 472 486 495 496 498 500
455 253
456 279
457 404
458 273
459 323 470 486
460 382 463 464 465 470 471 472 473 478 482 486 492 495 496 498 499 500
461 300
462 318
463 389 464 465 470 471 472 473 478 486 495 496 498 499 500
464 252 470 472 473 478 486 495 496 498 499 500
465 359 470 472 473 478 486 495 496 498 499 500
466 464
467 265
468 271
469 491
470 251 471 472 473 478 482 485 486 492 495 496 498 499 500
471 258 472 473 478 486 495 496 498 499 500
472 415 473 478 482 485 486 492 495 496 498 499 500
473 288 478 486 495 496 498 499 500
474 297
475 455
476 256
477 289
478 484 486 495 496 498 499 500
479 256
480 260
481 467
482 257 486 495 496 498 499 500
483 276
484 359
485 291 486 500
486 350 492 495 496 498 499 500
487 429
488 261
489 310
490 388
491 300
492 312 495 496 498 500
493 423
494 285
495 292 496 498 499 500
496 367 498 499 500
497 276
498 357 499 500
499 499 500
500 250
501 251
