500 150
1 64
2 42
3 86
4 65
5 47
6 68
7 20
8 45
9 69
10 78
11 44
12 96
13 50
14 27
15 58
16 55
17 81
18 87
19 76
20 38
21 79
22 71
23 60
24 76
25 91
26 69
27 77
28 57
29 33
30 22
31 76
32 51
33 66
34 90
35 34
36 46
37 74
38 62
39 93
40 74
41 29
42 22
43 73
44 26
45 72
46 41
47 91
48 88
49 95
50 35
51 84
52 32
53 59
54 56
55 84
56 71
57 78
58 82
59 78
60 52
61 71
62 26
63 66
64 84
65 76
66 95
67 80
68 50
69 53
70 30
71 82
72 38
73 45
74 99
75 51
76 98
77 100
78 88
79 81
80 77
81 99
82 97
83 31
84 54
85 47
86 45
87 36
88 96
89 96
90 74
91 77
92 98
93 69
94 22
95 40
96 39
97 81
98 90
99 73
100 84
101 53
102 73
103 81
104 51
105 38
106 43
107 64
108 28
109 83
110 28
111 66
112 22
113 56
114 61
115 72
116 69
117 55
118 20
119 50
120 52
121 95
122 89
123 32
124 60
125 29
126 90
127 20
128 90
129 41
130 37
131 95
132 20
133 84
134 33
135 28
136 40
137 91
138 39
139 63
140 66
141 29
142 74
143 97
144 41
145 81
146 53
147 22
148 32
149 91
150 61
151 33
152 91
153 55
154 56
155 57
156 44
157 60
158 55
159 92
160 39
161 38
162 100
163 30
164 65
165 22
166 78
167 84
168 32
169 51
170 52
171 47
172 62
173 63
174 25
175 42
176 59
177 24
178 88
179 61
180 71
181 23
182 48
183 78
184 85
185 92
186 39
187 31
188 76
189 87
190 54
191 61
192 66
193 40
194 22
195 74
196 99
197 96
198 73
199 24
200 43
201 93
202 47
203 51
204 22
205 49
206 39
207 21
208 72
209 93
210 72
211 49
212 68
213 71
214 82
215 44
216 25
217 82
218 74
219 59
220 28
221 33
222 61
223 90
224 97
225 62
226 42
227 100
228 50
229 31
230 84
231 81
232 27
233 45
234 84
235 54
236 34
237 79
238 100
239 63
240 48
241 68
242 46
243 74
244 65
245 35
246 66
247 53
248 27
249 70
250 86
251 49
252 45
253 86
254 74
255 64
256 73
257 93
258 34
259 97
260 80
261 24
262 87
263 100
264 75
265 89
266 78
267 46
268 31
269 68
270 63
271 78
272 28
273 96
274 54
275 64
276 31
277 65
278 90
279 41
280 47
281 71
282 51
283 63
284 44
285 93
286 46
287 46
288 83
289 68
290 57
291 89
292 35
293 99
294 39
295 24
296 69
297 64
298 25
299 85
300 65
301 81
302 61
303 40
304 64
305 88
306 43
307 99
308 53
309 98
310 70
311 38
312 75
313 23
314 80
315 72
316 97
317 89
318 80
319 38
320 30
321 34
322 22
323 61
324 48
325 22
326 28
327 99
328 55
329 89
330 67
331 24
332 27
333 91
334 90
335 20
336 36
337 77
338 44
339 24
340 60
341 96
342 83
343 53
344 76
345 27
346 91
347 58
348 78
349 23
350 31
351 99
352 42
353 64
354 39
355 73
356 43
357 36
358 76
359 97
360 41
361 90
362 24
363 82
364 55
365 93
366 63
367 61
368 39
369 73
370 54
371 77
372 100
373 46
374 69
375 74
376 41
377 32
378 56
379 68
380 98
381 61
382 28
383 21
384 30
385 47
386 43
387 54
388 33
389 31
390 38
391 49
392 40
393 44
394 93
395 20
396 81
397 71
398 36
399 71
400 36
401 42
402 56
403 85
404 23
405 86
406 88
407 95
408 61
409 41
410 34
411 74
412 37
413 82
414 30
415 98
416 86
417 37
418 93
419 100
420 69
421 25
422 54
423 47
424 58
425 50
426 87
427 90
428 45
429 71
430 70
431 38
432 49
433 42
434 33
435 78
436 48
437 94
438 99
439 100
440 84
441 91
442 27
443 69
444 52
445 64
446 99
447 30
448 34
449 55
450 96
451 92
452 48
453 88
454 76
455 38
456 73
457 90
458 99
459 45
460 84
461 94
462 82
463 28
464 35
465 94
466 100
467 44
468 23
469 58
470 23
471 35
472 84
473 75
474 30
475 58
476 61
477 61
478 100
479 63
480 99
481 85
482 60
483 78
484 56
485 76
486 61
487 59
488 93
489 83
490 84
491 89
492 59
493 75
494 32
495 21
496 62
497 27
498 64
499 44
500 83
