60 1000
1 366
2 268 5 6 7 9 10 11 15 16 17 18 19 21 22 24 26 27 28 30 31 32 33 34 36 41 42 43 44 46 47 49 52 54 58 59 60
3 366
4 430 22 28 30 32 36 44 47
5 263 6 7 9 10 16 17 18 21 22 24 26 27 28 30 31 32 33 34 36 41 42 43 44 47 49 52 54 58 59 60
6 307 7 10 18 22 24 27 28 30 31 32 34 36 42 44 47 49 52 54 59 60
7 414 18 22 24 27 28 30 32 34 36 44 47 54 59 60
8 287 22 30
9 299 18 22 27 28 30 32 34 36 44 47
10 495 18 22 24 27 28 30 32 34 36 44 47 54 59 60
11 251 22 27 28 30 32 34 36 44 47
12 254
13 474 22 28 30 32 36 44 47
14 252
15 274 22 27 28 30 32 34 36 44 47
16 370 18 22 27 28 30 32 34 36 44 47
17 269 18 22 27 28 30 32 34 36 44 47 54
18 361 19 21 22 24 26 27 28 30 31 32 33 34 36 41 42 43 44 47 49 52 54 58 59 60
19 473 22 27 28 30 32 34 36 44 47
20 252
21 275 22 27 28 30 32 34 36 44 47
22 472 24 26 27 28 30 31 32 33 34 36 37 38 39 40 41 42 43 44 46 47 48 49 52 54 58 59 60
23 259
24 269 27 28 30 31 32 34 36 42 44 47 49 52 54 58 59 60
25 444
26 258 27 28 30 32 34 36 44 47 54
27 298 28 30 31 32 33 34 36 41 42 43 44 46 47 49 52 54 58 59 60
28 439 30 31 32 33 34 36 38 39 40 41 42 43 44 46 47 49 52 54 58 59 60
29 273
30 288 31 32 33 34 36 37 38 39 40 41 42 43 44 46 47 49 52 54 58 59 60
31 445 32 34 36 44 47 54 59 60
32 272 33 34 36 38 39 40 41 42 43 44 46 47 49 52 54 58 59 60
33 283 34 36 44 47
34 419 36 41 42 43 44 47 49 52 54 58 59 60
35 261
36 320 38 39 40 41 42 43 44 46 47 49 52 54 58 59 60
37 363 44
38 271 44 47
39 366 44 47
40 355 44 47
41 273 44 47 54
42 372 44 47 54 59 60
43 466 44 47
44 262 46 47 49 52 54 58 59 60
45 272
46 357 47
47 292 49 52 54 58 59 60
48 351
49 395 54 59 60
50 255
51 350
52 350 54 59 60
53 303
54 347 58 59 60
55 450
56 252
57 298
58 410 60
59 275 60
60 315
