60 1000
1 475
2 256
3 269
4 396
5 264
6 340 7 11 18 26 28 31 34 45 52 55 58
7 468 45
8 262
9 270
10 361
11 300 18 26 28 45 52 55
12 339
13 444
14 251
15 305
16 366
17 252
18 382 26 28 45 52
19 409
20 277
21 314
22 465
23 260
24 275
25 447
26 251 28 31 34 45 52 55 58
27 302
28 399 45 52 55 58
29 297
30 304
31 423 45
32 258
33 319
34 473 45
35 260
36 267
37 426
38 261
39 313
40 403
41 289
42 308
43 402
44 265
45 333 52 55 58
46 396
47 257
48 347
49 411
50 282
51 307
52 462 55 58
53 258
54 280
55 412
56 254
57 334
58 376
59 255
60 369
