249 1000
1 372 2 5 7 9 14 19 21 36 47 49 52 53 54 58 59 70 71 72 74 76 81 82 83 101 102 112 114 115 116 117 120 121 123 127 128 129 130 131 133 138 145 152 157 165 166 172 182 184 186 188 197 203 233
2 289 3 4 5 6 7 8 9 13 14 15 16 17 18 19 20 21 24 26 31 33 34 35 36 37 39 40 41 42 45 46 47 48 49 50 52 53 54 55 57 58 59 61 62 68 69 70 71 72 74 75 76 77 79 80 81 82 83 86 88 89 90 93 94 101 102 103 105 106 107 109 111 112 113 114 115 116 117 120 121 122 123 124 126 127 128 129 130 131 132 133 135 138 141 144 145 147 152 154 155 156 157 161 162 163 165 166 167 168 169 170 171 172 174 175 176 177 178 179 180 181 182 183 184 186 188 190 192 195 196 197 198 199 200 201 202 203 204 205 207 210 213 214 215 216 217 218 220 221 223 227 229 231 233 235 237 238 239 241 242 248 249
3 339 5 7 9 14 19 21 26 36 47 49 50 52 53 54 58 59 70 71 72 74 75 76 81 82 83 101 102 112 114 115 116 117 120 121 123 127 128 129 130 131 133 138 145 152 154 157 161 163 165 166 171 172 176 181 182 184 186 188 190 197 202 203 204 205 213 216 221 233 238
4 387 5 7 9 13 14 16 17 19 21 26 35 36 47 49 50 52 53 54 58 59 70 71 72 74 75 76 81 82 83 93 101 102 103 112 114 115 116 117 120 121 123 126 127 128 129 130 131 133 138 145 152 154 157 161 162 163 165 166 171 172 175 176 181 182 184 186 188 190 197 202 203 204 205 213 216 217 218 221 233 238 248
5 297 6 7 8 9 13 14 15 16 17 18 19 20 21 24 26 31 33 34 35 36 37 39 40 41 42 45 46 47 48 49 50 52 53 54 55 57 58 59 61 62 68 69 70 71 72 74 75 76 77 79 80 81 82 83 86 88 89 90 93 94 101 102 103 105 106 107 109 111 112 113 114 115 116 117 120 121 122 123 124 126 127 128 129 130 131 132 133 135 138 141 144 145 147 152 154 155 156 157 161 162 163 165 166 167 168 169 170 171 172 174 175 176 177 178 179 180 181 182 183 184 186 188 190 192 195 196 197 198 199 200 202 203 204 205 207 210 213 214 215 216 217 218 220 221 227 229 231 233 235 237 238 239 241 242 248 249
6 316 7 9 14 16 19 21 26 35 36 47 49 50 52 53 54 58 59 70 71 72 74 75 76 81 82 83 101 102 112 114 115 116 117 120 121 123 127 128 129 130 131 133 138 145 152 154 157 161 162 163 165 166 171 172 176 181 182 184 186 188 190 197 202 203 204 205 213 216 217 221 233 238 248
7 351 8 9 13 14 15 16 17 18 19 21 24 26 33 35 36 37 39 42 46 47 48 49 50 52 53 54 55 58 59 61 70 71 72 74 75 76 77 80 81 82 83 86 89 93 101 102 103 105 107 111 112 113 114 115 116 117 120 121 122 123 124 126 127 128 129 130 131 132 133 138 141 144 145 147 152 154 155 156 157 161 162 163 165 166 167 168 169 170 171 172 174 175 176 177 178 179 180 181 182 183 184 186 188 190 192 195 196 197 198 199 200 202 203 204 205 207 210 213 215 216 217 218 220 221 227 229 231 233 235 237 238 239 241 248
8 257 9 14 19 21 36 47 49 52 53 54 58 59 70 71 72 74 76 81 82 83 101 102 112 114 115 116 117 120 121 123 127 128 129 130 131 133 138 145 152 157 165 166 172 182 184 186 188 190 197 203 213 233
9 392 13 14 15 16 17 18 19 21 24 26 33 35 36 37 39 42 46 47 48 49 50 52 53 54 55 58 59 61 70 71 72 74 75 76 77 80 81 82 83 86 89 93 101 102 103 105 107 111 112 113 114 115 116 117 120 121 122 123 124 126 127 128 129 130 131 132 133 138 141 145 152 154 155 157 161 162 163 165 166 167 168 169 170 171 172 174 175 176 177 178 179 180 181 182 183 184 186 188 190 192 195 196 197 198 199 200 202 203 204 205 207 210 213 215 216 217 218 220 221 227 229 231 233 237 238 248
10 393 21
11 261
12 346
13 429 14 16 17 19 21 26 35 36 39 42 47 49 50 52 53 54 58 59 70 71 72 74 75 76 81 82 83 93 101 102 103 112 114 115 116 117 120 121 123 126 127 128 129 130 131 133 138 141 145 152 154 157 161 162 163 165 166 169 171 172 175 176 177 181 182 183 184 186 188 190 192 197 198 202 203 204 205 213 216 217 218 221 233 238 248
14 277 15 16 17 18 19 21 24 26 33 35 36 37 39 42 46 47 48 49 50 52 53 54 55 58 59 61 70 71 72 74 75 76 77 80 81 82 83 86 89 93 101 102 103 105 107 111 112 113 114 115 116 117 120 121 122 123 124 126 127 128 129 130 131 132 133 138 141 145 152 154 155 157 161 162 163 165 166 167 168 169 170 171 172 174 175 176 177 178 179 180 181 182 183 184 186 188 190 192 195 196 197 198 199 200 202 203 204 205 207 210 213 215 216 217 218 220 221 227 229 231 233 237 238 239 248
15 294 19 21 26 35 36 47 49 50 52 53 54 58 59 70 71 72 74 75 76 81 82 83 101 102 112 114 115 116 117 120 121 123 127 128 129 130 131 133 138 145 152 154 157 161 163 165 166 171 172 176 181 182 184 186 188 190 197 202 203 204 205 213 216 217 221 233 238 248
16 366 17 19 21 26 35 36 39 42 47 48 49 50 52 53 54 55 58 59 70 71 72 74 75 76 80 81 82 83 93 101 102 103 111 112 114 115 116 117 120 121 123 126 127 128 129 130 131 133 138 141 145 152 154 157 161 162 163 165 166 167 169 171 172 175 176 177 181 182 183 184 186 188 190 192 197 198 202 203 204 205 210 213 215 216 217 218 221 231 233 237 238 248
17 282 19 21 26 35 36 39 42 47 48 49 50 52 53 54 55 58 59 70 71 72 74 75 76 81 82 83 93 101 102 103 111 112 114 115 116 117 120 121 123 126 127 128 129 130 131 133 138 141 145 152 154 157 161 162 163 165 166 167 169 171 172 175 176 177 181 182 183 184 186 188 190 192 197 198 202 203 204 205 213 215 216 217 218 221 231 233 237 238 248
18 352 19 21 36 47 49 52 53 54 58 59 70 71 72 74 76 81 82 83 101 102 112 114 115 116 117 120 121 123 127 128 129 130 131 133 138 145 152 157 165 166 172 182 184 186 188 197 203 233
19 497 20 21 24 26 31 32 33 34 35 36 37 39 40 41 42 45 46 47 48 49 50 52 53 54 55 57 58 59 60 61 62 68 69 70 71 72 74 75 76 77 79 80 81 82 83 84 86 87 88 89 90 92 93 94 96 100 101 102 103 105 106 107 109 110 111 112 113 114 115 116 117 120 121 122 123 124 126 127 128 129 130 131 132 133 135 138 141 144 145 146 147 148 152 153 154 155 156 157 161 162 163 165 166 167 168 169 170 171 172 174 175 176 177 178 179 180 181 182 183 184 186 188 190 191 192 195 196 197 198 199 200 201 202 203 204 205 207 210 213 214 215 216 217 218 220 221 223 227 229 231 233 235 237 238 239 241 242 248 249
20 250 21 47 49 52 53 54 58 70 71 72 74 76 83 101 112 115 116 120 121 123 127 128 129 130 131 133 138 145 152 157 165 166 172 182 184 186 188 203 233
21 253 22 24 26 27 30 31 32 33 34 35 36 37 39 40 41 42 44 45 46 47 48 49 50 52 53 54 55 56 57 58 59 60 61 62 64 68 69 70 71 72 74 75 76 77 79 80 81 82 83 84 86 87 88 89 90 91 92 93 94 95 96 99 100 101 102 103 105 106 107 109 110 111 112 113 114 115 116 117 118 120 121 122 123 124 125 126 127 128 129 130 131 132 133 135 138 139 141 142 144 145 146 147 148 149 150 151 152 153 154 155 156 157 158 160 161 162 163 164 165 166 167 168 169 170 171 172 174 175 176 177 178 179 180 181 182 183 184 186 188 190 191 192 195 196 197 198 199 200 201 202 203 204 205 207 208 210 213 214 215 216 217 218 220 221 223 224 225 227 229 231 232 233 235 236 237 238 239 241 242 243 245 246 248 249
22 414 58 70 72 83 112 129 152 165 166 182 186 203
23 255
24 331 26 36 47 49 52 53 54 58 59 70 71 72 74 75 76 81 82 83 101 102 112 114 115 116 117 120 121 123 127 128 129 130 131 133 138 145 152 154 157 161 163 165 166 171 172 181 182 184 186 188 190 197 202 203 205 213 216 233 238
25 357
26 263 35 36 39 42 47 48 49 50 52 53 54 55 58 59 70 71 72 74 75 76 80 81 82 83 86 93 101 102 103 105 111 112 113 114 115 116 117 120 121 123 126 127 128 129 130 131 133 138 141 145 152 154 157 161 162 163 165 166 167 169 171 172 175 176 177 179 180 181 182 183 184 186 188 190 192 196 197 198 202 203 204 205 210 213 215 216 217 218 221 231 233 237 238 248
27 380 58 70 72 83 112 152 165 166 182 186
28 415
29 250
30 335 58 70 83 112 152 165 166 182 186
31 395 49 52 54 58 70 71 72 74 76 83 101 112 116 120 121 123 127 128 129 130 131 133 138 145 152 157 165 166 172 182 184 186 188 203 233
32 284 58 70 71 72 76 83 101 112 120 129 130 138 145 152 165 166 172 182 186 203 233
33 321 47 49 52 53 54 58 59 70 71 72 74 76 81 82 83 101 102 112 114 115 116 120 121 123 127 128 129 130 131 133 138 145 152 157 165 166 172 182 184 186 188 203 233
34 461 49 52 54 58 70 71 72 74 76 83 101 112 116 120 121 123 127 128 129 130 133 138 145 152 157 165 166 172 182 184 186 188 203 233
35 255 36 39 42 47 48 49 50 52 53 54 55 58 59 70 71 72 74 75 76 80 81 82 83 86 93 101 102 103 105 111 112 114 115 116 117 120 121 123 126 127 128 129 130 131 133 138 141 145 152 154 157 161 162 163 165 166 167 169 171 172 175 176 177 179 181 182 183 184 186 188 190 192 197 198 202 203 204 205 210 213 215 216 217 218 221 231 233 237 238 248
36 284 37 39 42 47 48 49 50 52 53 54 55 58 59 61 70 71 72 74 75 76 80 81 82 83 86 89 93 101 102 103 105 111 112 113 114 115 116 117 120 121 122 123 124 126 127 128 129 130 131 132 133 138 141 145 152 154 155 157 161 162 163 165 166 167 169 171 172 174 175 176 177 178 179 180 181 182 183 184 186 188 190 192 195 196 197 198 199 200 202 203 204 205 207 210 213 215 216 217 218 220 221 229 231 233 237 238 248
37 357 47 49 52 53 54 58 59 70 71 72 74 76 81 82 83 101 102 112 114 115 116 117 120 121 123 127 128 129 130 131 133 138 145 152 157 165 166 172 182 184 186 188 197 203 233
38 274
39 369 47 49 50 52 53 54 58 59 70 71 72 74 75 76 81 82 83 93 101 102 103 112 114 115 116 117 120 121 123 126 127 128 129 130 131 133 138 145 152 154 157 161 162 163 165 166 171 172 175 176 181 182 184 186 188 190 197 202 203 204 205 213 216 217 218 221 233 238 248
40 466 47 49 52 53 54 58 70 71 72 74 76 83 101 112 115 116 120 121 123 127 128 129 130 131 133 138 145 152 157 165 166 172 182 184 186 188 203 233
41 251 49 52 54 58 70 71 72 74 76 83 101 112 116 120 121 123 127 128 129 130 133 138 145 152 157 165 166 172 182 184 186 188 203 233
42 283 47 49 50 52 53 54 58 59 70 71 72 74 75 76 81 82 83 93 101 102 103 112 114 115 116 117 120 121 123 126 127 128 129 130 131 133 138 141 145 152 154 157 161 162 163 165 166 169 171 172 175 176 177 181 182 183 184 186 188 190 192 197 202 203 204 205 213 216 217 218 221 233 238 248
43 427
44 284 58 70 71 72 76 83 101 112 129 130 138 145 152 165 166 172 182 186 203
45 289 47 49 52 53 54 58 70 71 72 74 76 83 101 112 115 116 120 121 123 127 128 129 130 131 133 138 145 152 157 165 166 172 182 184 186 188 203 233
46 480 47 49 52 53 54 58 59 70 71 72 74 76 81 82 83 101 102 112 114 115 116 120 121 123 127 128 129 130 131 133 138 145 152 157 165 166 172 182 184 186 188 203 233
47 250 48 49 50 52 53 54 55 58 59 61 70 71 72 74 75 76 77 80 81 82 83 86 88 89 90 93 101 102 103 105 106 107 111 112 113 114 115 116 117 120 121 122 123 124 126 127 128 129 130 131 132 133 138 141 144 145 147 152 154 155 156 157 161 162 163 165 166 167 168 169 170 171 172 174 175 176 177 178 179 180 181 182 183 184 186 188 190 192 195 196 197 198 199 200 202 203 204 205 207 210 213 215 216 217 218 220 221 227 229 231 233 235 237 238 239 241 248 249
48 270 49 50 52 53 54 58 59 70 71 72 74 75 76 81 82 83 101 102 112 114 115 116 117 120 121 123 127 128 129 130 131 133 138 145 152 154 157 161 162 163 165 166 171 172 176 181 182 184 186 188 190 197 202 203 204 205 213 216 217 218 221 233 238 248
49 366 50 52 53 54 55 57 58 59 61 62 68 69 70 71 72 74 75 76 77 79 80 81 82 83 86 88 89 90 93 94 101 102 103 105 106 107 109 111 112 113 114 115 116 117 120 121 122 123 124 126 127 128 129 130 131 132 133 135 138 141 144 145 147 152 154 155 156 157 161 162 163 165 166 167 168 169 170 171 172 174 175 176 177 178 179 180 181 182 183 184 186 188 190 192 195 196 197 198 199 200 202 203 204 205 207 210 213 214 215 216 217 218 220 221 227 229 231 233 235 237 238 239 241 248 249
50 282 52 53 54 55 58 59 70 71 72 74 75 76 80 81 82 83 86 93 101 102 103 105 111 112 113 114 115 116 117 120 121 123 126 127 128 129 130 131 133 138 141 145 152 154 157 161 162 163 165 166 167 169 171 172 175 176 177 179 181 182 183 184 186 188 190 192 197 198 202 203 204 205 210 213 215 216 217 218 221 231 233 237 238 248
51 352
52 396 53 54 55 57 58 59 61 62 68 69 70 71 72 74 75 76 77 79 80 81 82 83 86 87 88 89 90 93 94 101 102 103 105 106 107 109 111 112 113 114 115 116 117 120 121 122 123 124 126 127 128 129 130 131 132 133 135 138 141 144 145 147 152 154 155 156 157 161 162 163 165 166 167 168 169 170 171 172 174 175 176 177 178 179 180 181 182 183 184 186 188 190 192 195 196 197 198 199 200 201 202 203 204 205 207 210 213 214 215 216 217 218 220 221 223 227 229 231 233 235 237 238 239 241 242 248 249
53 269 54 55 57 58 59 61 68 70 71 72 74 75 76 77 80 81 82 83 86 88 89 90 93 94 101 102 103 105 106 107 111 112 113 114 115 116 117 120 121 122 123 124 126 127 128 129 130 131 132 133 138 141 144 145 147 152 154 155 156 157 161 162 163 165 166 167 168 169 170 171 172 174 175 176 177 178 179 180 181 182 183 184 186 188 190 192 195 196 197 198 199 200 202 203 204 205 207 210 213 214 215 216 217 218 220 221 227 229 231 233 235 237 238 239 241 248 249
54 335 55 57 58 59 61 62 68 69 70 71 72 74 75 76 77 79 80 81 82 83 86 88 89 90 93 94 101 102 103 105 106 107 109 111 112 113 114 115 116 117 120 121 122 123 124 126 127 128 129 130 131 132 133 135 138 141 144 145 147 152 154 155 156 157 161 162 163 165 166 167 168 169 170 171 172 174 175 176 177 178 179 180 181 182 183 184 186 188 190 192 195 196 197 198 199 200 201 202 203 204 205 207 210 213 214 215 216 217 218 220 221 223 227 229 231 233 235 237 238 239 241 242 248 249
55 491 58 59 70 71 72 74 75 76 81 82 83 101 102 112 114 115 116 117 120 121 123 127 128 129 130 131 133 138 145 152 154 157 161 162 163 165 166 171 172 176 181 182 184 186 188 190 197 202 203 204 205 213 216 217 218 221 233 238 248
56 253
57 256 58 70 71 72 74 76 83 101 112 115 116 120 121 123 127 128 129 130 131 133 138 145 152 157 165 166 172 182 184 186 188 203 233
58 479 59 60 61 62 64 68 69 70 71 72 74 75 76 77 79 80 81 82 83 84 86 87 88 89 90 91 92 93 94 96 99 100 101 102 103 105 106 107 109 110 111 112 113 114 115 116 117 118 120 121 122 123 124 125 126 127 128 129 130 131 132 133 135 138 141 144 145 146 147 148 149 150 151 152 153 154 155 156 157 158 160 161 162 163 164 165 166 167 168 169 170 171 172 174 175 176 177 178 179 180 181 182 183 184 186 188 190 191 192 195 196 197 198 199 200 201 202 203 204 205 207 208 210 213 214 215 216 217 218 220 221 223 224 225 227 229 231 232 233 235 236 237 238 239 241 242 243 245 246 248 249
59 259 61 70 71 72 74 75 76 77 80 81 82 83 86 89 93 101 102 103 105 107 111 112 113 114 115 116 117 120 121 122 123 124 126 127 128 129 130 131 132 133 138 141 144 145 147 152 154 155 156 157 161 162 163 165 166 167 168 169 170 171 172 174 175 176 177 178 179 180 181 182 183 184 186 188 190 192 195 196 197 198 199 200 202 203 204 205 207 210 213 215 216 217 218 220 221 227 229 231 233 235 237 238 239 241 248 249
60 262 70 71 72 76 83 101 112 116 120 121 123 128 129 130 133 138 145 152 165 166 172 182 186 188 203 233
61 495 70 71 72 74 75 76 81 82 83 101 102 112 114 115 116 117 120 121 123 127 128 129 130 131 133 138 145 152 154 157 161 163 165 166 171 172 181 182 184 186 188 190 197 202 203 213 216 233
62 250 70 71 72 74 76 83 101 112 115 116 120 121 123 127 128 129 130 131 133 138 145 152 157 165 166 172 182 184 186 188 203 233
63 255
64 460 112 152 165 166 182
65 269
66 271
67 371
68 308 70 71 72 74 76 83 101 112 115 116 120 121 123 127 128 129 130 131 133 138 145 152 157 165 166 172 182 184 186 188 203 233
69 321 70 71 72 74 76 83 101 112 116 120 121 123 127 128 129 130 133 138 145 152 157 165 166 172 182 184 186 188 203 233
70 496 71 72 74 75 76 77 79 80 81 82 83 84 86 87 88 89 90 91 92 93 94 96 99 100 101 102 103 105 106 107 109 110 111 112 113 114 115 116 117 118 120 121 122 123 124 125 126 127 128 129 130 131 132 133 135 138 141 144 145 146 147 148 150 151 152 153 154 155 156 157 158 160 161 162 163 164 165 166 167 168 169 170 171 172 174 175 176 177 178 179 180 181 182 183 184 186 188 190 191 192 195 196 197 198 199 200 201 202 203 204 205 207 208 210 213 214 215 216 217 218 220 221 223 224 225 227 229 231 232 233 235 236 237 238 239 241 242 243 246 248 249
71 250 72 74 75 76 77 79 80 81 82 83 84 86 87 88 89 90 92 93 94 96 99 100 101 102 103 105 106 107 109 110 111 112 113 114 115 116 117 118 120 121 122 123 124 126 127 128 129 130 131 132 133 135 138 141 144 145 146 147 148 152 153 154 155 156 157 160 161 162 163 165 166 167 168 169 170 171 172 174 175 176 177 178 179 180 181 182 183 184 186 188 190 191 192 195 196 197 198 199 200 201 202 203 204 205 207 208 210 213 214 215 216 217 218 220 221 223 224 225 227 229 231 233 235 236 237 238 239 241 242 243 248 249
72 254 74 75 76 77 79 80 81 82 83 84 86 87 88 89 90 91 92 93 94 96 99 100 101 102 103 105 106 107 109 110 111 112 113 114 115 116 117 118 120 121 122 123 124 125 126 127 128 129 130 131 132 133 135 138 141 144 145 146 147 148 152 153 154 155 156 157 158 160 161 162 163 164 165 166 167 168 169 170 171 172 174 175 176 177 178 179 180 181 182 183 184 186 188 190 191 192 195 196 197 198 199 200 201 202 203 204 205 207 208 210 213 214 215 216 217 218 220 221 223 224 225 227 229 231 232 233 235 236 237 238 239 241 242 243 248 249
73 428
74 258 75 76 77 79 80 81 82 83 86 88 89 90 93 94 101 102 103 105 106 107 109 111 112 113 114 115 116 117 120 121 122 123 124 126 127 128 129 130 131 132 133 135 138 141 144 145 147 152 154 155 156 157 161 162 163 165 166 167 168 169 170 171 172 174 175 176 177 178 179 180 181 182 183 184 186 188 190 192 195 196 197 198 199 200 202 203 204 205 207 210 213 214 215 216 217 218 220 221 227 229 231 233 235 237 238 239 241 248 249
75 314 76 80 81 82 83 86 93 101 102 103 105 111 112 113 114 115 116 117 120 121 123 126 127 128 129 130 131 133 138 141 145 152 154 157 161 162 163 165 166 167 169 171 172 175 176 177 179 180 181 182 183 184 186 188 190 192 196 197 198 202 203 204 205 210 213 215 216 217 218 221 231 233 237 238 248
76 465 77 79 80 81 82 83 84 86 87 88 89 90 92 93 94 96 99 100 101 102 103 105 106 107 109 110 111 112 113 114 115 116 117 118 120 121 122 123 124 126 127 128 129 130 131 132 133 135 138 141 144 145 146 147 148 152 153 154 155 156 157 160 161 162 163 165 166 167 168 169 170 171 172 174 175 176 177 178 179 180 181 182 183 184 186 188 190 191 192 195 196 197 198 199 200 201 202 203 204 205 207 208 210 213 214 215 216 217 218 220 221 223 224 225 227 229 231 233 235 236 237 238 239 241 242 243 248 249
77 253 81 82 83 101 102 112 114 115 116 120 121 123 127 128 129 130 131 133 138 145 152 157 165 166 172 182 184 186 188 203 233
78 282
79 352 83 101 112 116 120 121 123 127 128 129 130 131 133 138 145 152 157 165 166 172 182 184 186 188 203 233
80 298 81 82 83 101 102 112 114 115 116 117 120 121 123 127 128 129 130 131 133 138 145 152 154 157 161 163 165 166 171 172 176 181 182 184 186 188 190 197 202 203 204 205 213 216 217 221 233 238 248
81 350 82 83 86 89 93 101 102 103 105 107 111 112 113 114 115 116 117 120 121 122 123 124 126 127 128 129 130 131 132 133 138 141 144 145 147 152 154 155 156 157 161 162 163 165 166 167 168 169 170 171 172 174 175 176 177 178 179 180 181 182 183 184 186 188 190 192 195 196 197 198 199 200 202 203 204 205 207 210 213 215 216 217 218 220 221 227 229 231 233 235 237 238 239 241 248
82 410 83 86 89 93 101 102 103 105 107 111 112 113 114 115 116 117 120 121 122 123 124 126 127 128 129 130 131 132 133 138 141 145 152 154 155 157 161 162 163 165 166 167 168 169 170 171 172 174 175 176 177 178 179 180 181 182 183 184 186 188 190 192 195 196 197 198 199 200 202 203 204 205 207 210 213 215 216 217 218 220 221 227 229 231 233 237 238 248
83 254 84 86 87 88 89 90 91 92 93 94 96 99 100 101 102 103 105 106 107 109 110 111 112 113 114 115 116 117 118 120 121 122 123 124 125 126 127 128 129 130 131 132 133 135 138 141 144 145 146 147 148 150 151 152 153 154 155 156 157 158 160 161 162 163 164 165 166 167 168 169 170 171 172 174 175 176 177 178 179 180 181 182 183 184 186 188 190 191 192 195 196 197 198 199 200 201 202 203 204 205 207 208 210 213 214 215 216 217 218 220 221 223 224 225 227 229 231 232 233 235 236 237 238 239 241 242 243 246 248 249
84 336 101 112 120 129 130 138 145 152 165 166 172 182 186 203 233
85 407
86 293 101 102 112 114 115 116 117 120 121 123 127 128 129 130 131 133 138 145 152 154 157 161 163 165 166 171 172 176 181 182 184 186 188 190 197 202 203 204 205 213 216 217 221 233 238 248
87 300 101 112 116 120 121 123 128 129 130 133 138 145 152 165 166 172 182 186 188 203 233
88 389 101 112 115 116 120 121 123 127 128 129 130 131 133 138 145 152 157 165 166 172 182 184 186 188 203 233
89 295 101 102 112 114 115 116 117 120 121 123 127 128 129 130 131 133 138 145 152 154 157 165 166 172 181 182 184 186 188 190 197 202 203 213 233
90 316 101 112 115 116 120 121 123 127 128 129 130 131 133 138 145 152 157 165 166 172 182 184 186 188 203 233
91 453 101 112 129 138 152 165 166 182 186 203
92 269 101 112 120 123 129 130 138 145 152 165 166 172 182 186 203 233
93 278 101 102 103 112 114 115 116 117 120 121 123 126 127 128 129 130 131 133 138 141 145 152 154 157 161 162 163 165 166 169 171 172 175 176 177 181 182 183 184 186 188 190 192 197 198 202 203 204 205 213 215 216 217 218 221 233 237 238 248
94 448 101 112 115 116 120 121 123 127 128 129 130 131 133 138 145 152 157 165 166 172 182 184 186 188 203 233
95 274 165 166 182
96 278 101 112 120 129 130 138 145 152 165 166 172 182 186 203 233
97 479
98 258
99 263 101 112 129 130 138 145 152 165 166 172 182 186 203
100 457 101 112 120 129 130 138 145 152 165 166 172 182 186 203 233
101 254 102 103 105 106 107 109 110 111 112 113 114 115 116 117 118 120 121 122 123 124 126 127 128 129 130 131 132 133 135 138 141 144 145 146 147 148 152 153 154 155 156 157 160 161 162 163 165 166 167 168 169 170 171 172 174 175 176 177 178 179 180 181 182 183 184 186 188 190 191 192 195 196 197 198 199 200 201 202 203 204 205 207 208 210 213 214 215 216 217 218 220 221 223 224 225 227 229 231 233 235 236 237 238 239 241 242 243 248 249
102 289 103 105 107 111 112 113 114 115 116 117 120 121 122 123 124 126 127 128 129 130 131 132 133 138 141 145 152 154 155 157 161 162 163 165 166 167 168 169 170 171 172 174 175 176 177 178 179 180 181 182 183 184 186 188 190 192 195 196 197 198 199 200 202 203 204 205 207 210 213 215 216 217 218 220 221 227 229 231 233 237 238 248
103 478 112 114 115 116 117 120 121 123 126 127 128 129 130 131 133 138 141 145 152 154 157 161 162 163 165 166 169 171 172 175 176 177 181 182 183 184 186 188 190 192 197 198 202 203 204 205 213 216 217 218 221 233 238 248
104 254
105 268 112 114 115 116 117 120 121 123 127 128 129 130 131 133 138 145 152 154 157 161 163 165 166 171 172 176 181 182 184 186 188 190 197 202 203 204 205 213 216 217 221 233 238 248
106 374 112 115 116 120 121 123 127 128 129 130 131 133 138 145 152 157 165 166 172 182 184 186 188 203 233
107 294 112 114 115 116 120 121 123 127 128 129 130 131 133 138 145 152 157 165 166 172 182 184 186 188 197 203 233
108 332
109 415 112 116 120 121 123 128 129 130 133 138 145 152 157 165 166 172 182 184 186 188 203 233
110 275 112 120 123 129 130 138 145 152 165 166 172 182 186 203 233
111 310 112 114 115 116 117 120 121 123 126 127 128 129 130 131 133 138 145 152 154 157 161 162 163 165 166 171 172 176 181 182 184 186 188 190 197 202 203 204 205 213 216 217 218 221 233 238 248
112 352 113 114 115 116 117 118 120 121 122 123 124 125 126 127 128 129 130 131 132 133 135 138 141 144 145 146 147 148 150 151 152 153 154 155 156 157 158 160 161 162 163 164 165 166 167 168 169 170 171 172 174 175 176 177 178 179 180 181 182 183 184 186 188 190 191 192 195 196 197 198 199 200 201 202 203 204 205 207 208 210 213 214 215 216 217 218 220 221 223 224 225 227 229 231 232 233 235 236 237 238 239 241 242 243 245 246 248 249
113 265 114 115 116 117 120 121 123 127 128 129 130 131 133 138 145 152 154 157 161 163 165 166 171 172 176 181 182 184 186 188 190 197 202 203 204 205 213 216 221 233 238 248
114 383 115 116 117 120 121 122 123 124 126 127 128 129 130 131 132 133 138 141 145 152 154 155 156 157 161 162 163 165 166 167 168 169 170 171 172 174 175 176 177 178 179 180 181 182 183 184 186 188 190 192 195 196 197 198 199 200 202 203 204 205 207 210 213 215 216 217 218 220 221 227 229 231 233 237 238 239 241 248
115 403 116 117 120 121 122 123 124 126 127 128 129 130 131 132 133 138 141 144 145 147 152 154 155 156 157 161 162 163 165 166 167 168 169 170 171 172 174 175 176 177 178 179 180 181 182 183 184 186 188 190 192 195 196 197 198 199 200 202 203 204 205 207 210 213 214 215 216 217 218 220 221 227 229 231 233 235 237 238 239 241 248 249
116 284 117 120 121 122 123 124 126 127 128 129 130 131 132 133 135 138 141 144 145 147 152 153 154 155 156 157 161 162 163 165 166 167 168 169 170 171 172 174 175 176 177 178 179 180 181 182 183 184 186 188 190 192 195 196 197 198 199 200 201 202 203 204 205 207 210 213 214 215 216 217 218 220 221 223 227 229 231 233 235 237 238 239 241 242 248 249
117 313 120 121 122 123 124 126 127 128 129 130 131 132 133 138 141 145 152 154 155 157 161 162 163 165 166 167 169 171 172 174 175 176 177 178 179 180 181 182 183 184 186 188 190 192 196 197 198 199 202 203 204 205 207 210 213 215 216 217 218 220 221 229 231 233 237 238 248
118 414 129 130 138 145 152 165 166 172 182 186 203
119 278
120 308 121 122 123 124 126 127 128 129 130 131 132 133 135 138 141 144 145 146 147 148 152 153 154 155 156 157 161 162 163 165 166 167 168 169 170 171 172 174 175 176 177 178 179 180 181 182 183 184 186 188 190 191 192 195 196 197 198 199 200 201 202 203 204 205 207 210 213 214 215 216 217 218 220 221 223 227 229 231 233 235 237 238 239 241 242 248 249
121 447 122 123 124 126 127 128 129 130 131 132 133 135 138 141 144 145 147 152 153 154 155 156 157 161 162 163 165 166 167 168 169 170 171 172 174 175 176 177 178 179 180 181 182 183 184 186 188 190 192 195 196 197 198 199 200 201 202 203 204 205 207 210 213 214 215 216 217 218 220 221 223 227 229 231 233 235 237 238 239 241 242 248 249
122 264 123 127 128 129 130 131 133 138 145 152 154 157 165 166 172 181 182 184 186 188 190 197 202 203 213 233
123 289 124 126 127 128 129 130 131 132 133 135 138 141 144 145 147 152 153 154 155 156 157 161 162 163 165 166 167 168 169 170 171 172 174 175 176 177 178 179 180 181 182 183 184 186 188 190 192 195 196 197 198 199 200 201 202 203 204 205 207 210 213 214 215 216 217 218 220 221 223 227 229 231 233 235 237 238 239 241 242 248 249
124 432 127 128 129 130 131 133 138 145 152 154 157 165 166 172 181 182 184 186 188 190 197 202 203 213 233
125 251 129 152 165 166 182 186
126 317 127 128 129 130 131 133 138 141 145 152 154 157 161 162 163 165 166 169 171 172 175 176 177 181 182 183 184 186 188 190 192 197 198 202 203 204 205 213 215 216 217 218 221 233 237 238 248
127 443 128 129 130 131 132 133 135 138 141 144 145 147 152 154 155 156 157 161 162 163 165 166 167 168 169 170 171 172 174 175 176 177 178 179 180 181 182 183 184 186 188 190 192 195 196 197 198 199 200 202 203 204 205 207 210 213 214 215 216 217 218 220 221 227 229 231 233 235 237 238 239 241 248 249
128 257 129 130 131 132 133 135 138 141 144 145 147 152 153 154 155 156 157 161 162 163 165 166 167 168 169 170 171 172 174 175 176 177 178 179 180 181 182 183 184 186 188 190 192 195 196 197 198 199 200 201 202 203 204 205 207 210 213 214 215 216 217 218 220 221 223 227 229 231 233 235 237 238 239 241 242 248 249
129 300 130 131 132 133 135 138 141 144 145 146 147 148 152 153 154 155 156 157 158 160 161 162 163 164 165 166 167 168 169 170 171 172 174 175 176 177 178 179 180 181 182 183 184 186 188 190 191 192 195 196 197 198 199 200 201 202 203 204 205 207 208 210 213 214 215 216 217 218 220 221 223 224 225 227 229 231 233 235 236 237 238 239 241 242 243 248 249
130 467 131 132 133 135 138 141 144 145 146 147 148 152 153 154 155 156 157 160 161 162 163 165 166 167 168 169 170 171 172 174 175 176 177 178 179 180 181 182 183 184 186 188 190 191 192 195 196 197 198 199 200 201 202 203 204 205 207 208 210 213 214 215 216 217 218 220 221 223 224 225 227 229 231 233 235 236 237 238 239 241 242 243 248 249
131 259 132 133 138 141 144 145 147 152 154 155 156 157 161 162 163 165 166 167 168 169 170 171 172 174 175 176 177 178 179 180 181 182 183 184 186 188 190 192 195 196 197 198 199 200 202 203 204 205 207 210 213 214 215 216 217 218 220 221 227 229 231 233 235 237 238 239 241 248 249
132 274 133 138 145 152 154 157 165 166 172 181 182 184 186 188 190 197 202 203 213 233
133 493 135 138 141 144 145 147 152 153 154 155 156 157 161 162 163 165 166 167 168 169 170 171 172 174 175 176 177 178 179 180 181 182 183 184 186 188 190 192 195 196 197 198 199 200 201 202 203 204 205 207 210 213 214 215 216 217 218 220 221 223 227 229 231 233 235 237 238 239 241 242 248 249
134 251
135 256 138 145 152 157 165 166 172 182 184 186 188 203 233
136 436
137 264
138 300 141 144 145 146 147 148 152 153 154 155 156 157 160 161 162 163 165 166 167 168 169 170 171 172 174 175 176 177 178 179 180 181 182 183 184 186 188 190 191 192 195 196 197 198 199 200 201 202 203 204 205 207 208 210 213 214 215 216 217 218 220 221 223 224 225 227 229 231 233 235 236 237 238 239 241 242 243 248 249
139 394 152 165 166 182
140 264
141 342 145 152 154 157 161 162 163 165 166 171 172 175 176 177 181 182 183 184 186 188 190 197 202 203 204 205 213 216 217 218 221 233 238 248
142 492 166
143 252
144 256 145 152 157 165 166 172 182 184 186 188 203 233
145 482 146 147 148 152 153 154 155 156 157 160 161 162 163 165 166 167 168 169 170 171 172 174 175 176 177 178 179 180 181 182 183 184 186 188 190 191 192 195 196 197 198 199 200 201 202 203 204 205 207 208 210 213 214 215 216 217 218 220 221 223 224 227 229 231 233 235 236 237 238 239 241 242 248 249
146 252 152 165 166 172 182 186 203 233
147 266 152 157 165 166 172 182 184 186 188 203 233
148 420 152 165 166 172 182 186 203 233
149 270 152 165 166 182
150 310 152 165 166 182 186
151 375 152 165 166 182 186
152 285 153 154 155 156 157 158 160 161 162 163 164 165 166 167 168 169 170 171 172 174 175 176 177 178 179 180 181 182 183 184 186 188 190 191 192 195 196 197 198 199 200 201 202 203 204 205 207 208 210 213 214 215 216 217 218 220 221 223 224 225 227 229 231 232 233 235 236 237 238 239 241 242 243 245 246 248 249
153 340 165 166 172 182 186 188 203 233
154 376 155 157 161 162 163 165 166 167 169 171 172 175 176 177 179 180 181 182 183 184 186 188 190 192 196 197 198 202 203 204 205 207 210 213 215 216 217 218 220 221 229 231 233 237 238 248
155 306 157 165 166 172 181 182 184 186 188 190 197 202 203 213 233
156 318 157 165 166 172 182 184 186 188 203 233
157 423 161 162 163 165 166 167 168 169 170 171 172 174 175 176 177 178 179 180 181 182 183 184 186 188 190 192 195 196 197 198 199 200 201 202 203 204 205 207 210 213 214 215 216 217 218 220 221 223 227 229 231 233 235 237 238 239 241 242 248 249
158 264 165 166 182 186
159 313
160 452 165 166 172 182 186 203
161 263 162 163 165 166 167 169 171 172 175 176 177 179 180 181 182 183 184 186 188 190 192 196 197 198 202 203 204 205 207 210 213 215 216 217 218 221 229 231 233 237 238 248
162 285 163 165 166 167 169 171 172 175 176 177 181 182 183 184 186 188 190 192 197 198 202 203 204 205 210 213 215 216 217 218 221 231 233 237 238 248
163 364 165 166 167 169 171 172 175 176 177 179 180 181 182 183 184 186 188 190 192 196 197 198 202 203 204 205 207 210 213 215 216 217 218 221 229 231 233 237 238 248
164 252 165 166 182 186 203
165 384 166 167 168 169 170 171 172 174 175 176 177 178 179 180 181 182 183 184 186 188 190 191 192 195 196 197 198 199 200 201 202 203 204 205 207 208 210 213 214 215 216 217 218 220 221 223 224 225 227 229 231 232 233 235 236 237 238 239 241 242 243 245 246 248 249
166 494 167 168 169 170 171 172 174 175 176 177 178 179 180 181 182 183 184 186 188 190 191 192 195 196 197 198 199 200 201 202 203 204 205 207 208 210 213 214 215 216 217 218 220 221 223 224 225 227 229 231 232 233 235 236 237 238 239 241 242 243 245 246 248 249
167 251 171 172 176 181 182 184 186 188 190 197 202 203 204 205 213 216 217 218 221 233 238 248
168 255 172 182 184 186 188 197 203 233
169 363 171 172 175 176 177 181 182 183 184 186 188 190 192 197 202 203 204 205 213 216 217 218 221 233 238 248
170 257 172 182 184 186 188 203 233
171 380 172 175 176 177 179 180 181 182 183 184 186 188 190 192 196 197 198 202 203 204 205 207 210 213 215 216 217 218 221 229 231 233 237 238 248
172 369 174 175 176 177 178 179 180 181 182 183 184 186 188 190 191 192 195 196 197 198 199 200 201 202 203 204 205 207 208 210 213 214 215 216 217 218 220 221 223 224 225 227 229 231 233 235 236 237 238 239 241 242 243 248 249
173 261
174 370 182 184 186 188 197 203 233
175 395 176 177 181 182 183 184 186 188 190 192 197 198 202 203 204 205 213 215 216 217 218 221 233 238 248
176 259 177 179 181 182 183 184 186 188 190 192 197 198 202 203 204 205 210 213 215 216 217 218 221 231 233 237 238 248
177 346 181 182 183 184 186 188 190 192 197 202 203 204 205 213 216 217 218 221 233 238 248
178 386 182 184 186 188 197 203 233
179 260 181 182 184 186 188 190 197 202 203 204 205 213 216 217 221 233 238 248
180 354 181 182 184 186 188 190 197 202 203 205 213 216 233
181 453 182 183 184 186 188 190 192 196 197 198 202 203 204 205 207 210 213 215 216 217 218 220 221 229 231 233 237 238 248
182 257 183 184 186 188 190 191 192 195 196 197 198 199 200 201 202 203 204 205 207 208 210 213 214 215 216 217 218 220 221 223 224 225 227 229 231 232 233 235 236 237 238 239 241 242 243 245 246 248 249
183 290 184 186 188 190 192 197 202 203 204 205 213 216 217 218 221 233 238 248
184 412 186 188 190 192 195 196 197 198 199 200 202 203 204 205 207 210 213 214 215 216 217 218 220 221 227 229 231 233 235 237 238 239 241 242 248 249
185 256
186 332 188 190 191 192 195 196 197 198 199 200 201 202 203 204 205 207 208 210 213 214 215 216 217 218 220 221 223 224 225 227 229 231 232 233 235 236 237 238 239 241 242 243 246 248 249
187 362
188 313 190 192 195 196 197 198 199 200 201 202 203 204 205 207 210 213 214 215 216 217 218 220 221 223 227 229 231 233 235 237 238 239 241 242 248 249
189 325
190 453 192 196 197 198 202 203 204 205 207 210 213 215 216 217 218 220 221 229 231 233 237 238 248
191 258 203
192 289 197 202 203 204 205 213 216 217 218 221 233 238 248
193 439
194 252
195 309 197 203 233
196 457 197 202 203 213 216 233
197 250 198 199 200 202 203 204 205 207 210 213 215 216 217 218 220 221 227 229 231 233 237 238 248
198 293 202 203 204 205 213 216 217 218 221 233 238 248
199 414 203 233
200 291 203 233
201 295 203 233
202 432 203 204 205 207 210 213 215 216 217 218 220 221 229 231 233 237 238 248
203 256 204 205 207 208 210 213 214 215 216 217 218 220 221 223 224 225 227 229 231 233 235 236 237 238 239 241 242 243 248 249
204 312 205 210 213 215 216 217 218 221 231 233 237 238 248
205 444 210 213 215 216 217 218 221 231 233 237 238 248
206 256
207 300 213 216 233
208 479
209 250
210 271 213 216 217 221 233 238 248
211 494
212 251
213 255 215 216 217 218 220 221 229 231 233 237 238 248
214 408 233
215 290 216 217 218 221 233 238 248
216 302 217 218 221 229 231 233 237 238 248
217 499 218 221 231 233 237 238 248
218 250 221 233 237 238 248
219 251
220 440 233
221 257 231 233 237 238 248
222 303
223 406 233
224 280
225 314
226 442
227 253 233
228 305
229 475 233
230 262
231 263 233 238 248
232 413
233 266 235 237 238 239 241 242 248 249
234 321
235 356
236 293
237 351 238 248
238 393 248
239 266
240 341
241 468
242 259
243 273
244 448
245 254
246 298
247 350
248 250
249 400
