60 1000
1 485
2 256
3 259 5 7 9 23 40
4 491
5 251 7 9 15 17 23 40 53
6 258
7 353 9 15 17 23 39 40 53 57
8 312
9 335 15 17 23 39 40 53 57 59
10 498
11 250
12 252
13 361
14 293
15 346 17 23 40 53
16 378
17 252 23 40 53
18 370
19 451
20 256
21 293
22 439
23 269 39 40 53 57 59
24 292
25 453
26 263
27 284
28 398
29 259
30 343
31 391
32 255
33 354
34 462
35 252
36 286
37 363
38 254
39 383 40
40 381 53 57 59
41 278
42 341
43 454
44 251
45 295
46 356
47 283
48 361
49 453
50 272
51 275
52 357
53 275
54 368
55 468
56 250
57 282
58 352
59 280
60 368
