501 1000
1 360
2 283 21 43 54 57 89 96 99 146 160 231 243 327 341 345 368 421 459 461 487
3 357
4 467
5 250
6 283
7 389
8 258
9 353 57 96 99 341 421 487
10 487
11 252
12 261
13 475
14 252
15 273 17 21 32 43 54 56 57 69 80 82 89 94 96 99 137 146 151 160 166 170 188 191 195 231 243 268 293 308 313 327 332 341 345 356 357 368 373 374 375 377 379 413 421 445 459 461 466 469 486 487
16 479
17 257 21 32 43 54 56 57 69 75 80 82 89 94 96 99 104 124 137 141 146 151 160 166 170 188 191 195 231 243 268 293 308 313 327 332 341 345 356 357 368 371 373 374 375 377 379 394 410 413 421 429 445 451 459 461 466 469 486 487
18 264
19 372
20 289
21 339 32 43 54 56 57 69 75 80 82 89 94 96 99 104 124 137 141 146 151 160 162 165 166 170 188 191 195 201 212 231 243 246 256 268 282 293 294 308 313 321 324 327 332 340 341 345 356 357 360 368 371 372 373 374 375 377 379 394 410 413 421 429 434 445 451 459 461 464 466 469 486 487 497
22 370
23 285
24 345
25 480
26 250
27 270
28 469
29 251
30 280
31 484
32 250 43 54 56 57 69 80 82 89 94 96 99 137 146 151 160 166 170 188 191 195 231 243 268 293 308 313 327 332 341 345 356 357 368 373 374 375 377 379 413 421 445 459 461 466 469 486 487
33 266
34 383
35 299
36 318
37 462
38 262
39 276
40 412
41 292
42 296
43 460 54 56 57 69 75 80 82 89 94 96 99 104 124 137 141 146 151 160 162 165 166 170 188 191 195 201 212 231 243 246 256 268 293 294 308 313 321 324 327 332 341 345 356 357 368 371 373 374 375 377 379 394 410 413 421 429 445 451 459 461 466 469 486 487
44 250
45 290
46 468
47 256 57 96 99 341 421 487
48 276
49 477
50 257
51 266 57 96 99 243 341 368 421 459 487
52 441
53 274
54 285 56 57 69 75 80 82 89 94 96 99 104 124 137 141 146 151 160 162 165 166 170 188 191 195 201 212 231 243 246 256 268 282 293 294 308 313 321 324 327 332 340 341 345 356 357 360 368 371 372 373 374 375 377 379 394 410 413 421 429 434 445 451 459 461 464 466 469 486 487 497
55 493
56 251 57 69 75 80 82 89 94 96 99 104 124 137 141 146 151 160 166 170 188 191 195 231 243 246 268 293 294 308 313 327 332 341 345 356 357 368 371 373 374 375 377 379 394 410 413 421 429 445 451 459 461 466 469 486 487
57 256 69 75 80 82 89 94 96 99 104 124 128 137 141 146 151 160 162 165 166 170 172 186 188 191 195 201 205 212 231 243 246 248 256 268 282 293 294 308 313 321 324 327 332 340 341 345 356 357 360 368 371 372 373 374 375 377 379 394 406 410 413 421 429 434 445 451 459 461 464 466 469 486 487 492 497
58 458
59 256
60 286
61 437
62 258
63 305
64 431
65 278
66 291
67 491
68 253
69 256 75 80 82 89 94 96 99 104 124 137 141 146 151 160 166 170 188 191 195 231 243 246 268 293 294 308 313 327 332 341 345 356 357 368 371 373 374 375 377 379 394 410 413 421 429 445 451 459 461 466 469 486 487
70 351
71 262
72 387
73 396
74 274
75 330 80 89 94 96 99 137 146 151 160 166 170 188 191 195 231 243 268 293 327 332 341 345 356 357 368 373 374 375 379 421 445 459 461 466 486 487
76 435
77 270
78 295
79 367
80 315 82 89 94 96 99 104 124 137 141 146 151 160 166 170 188 191 195 231 243 246 268 293 294 308 313 321 324 327 332 341 345 356 357 368 371 373 374 375 377 379 394 410 413 421 429 445 451 459 461 466 469 486 487
81 318
82 378 89 94 96 99 137 146 151 160 166 170 188 191 195 231 243 268 293 308 313 327 332 341 345 356 357 368 373 374 375 379 421 445 459 461 466 469 486 487
83 251
84 371
85 445
86 273
87 282
88 402
89 251 94 96 99 104 124 137 141 146 151 160 162 165 166 170 188 191 195 201 212 231 243 246 256 268 293 294 308 313 321 324 327 332 341 345 356 357 368 371 373 374 375 377 379 394 410 413 421 429 445 451 459 461 466 469 486 487
90 347
91 411
92 277
93 312
94 370 96 99 104 124 137 141 146 151 160 166 170 188 191 195 231 243 246 268 293 294 308 313 327 332 341 345 356 357 368 371 373 374 375 377 379 394 410 413 421 429 445 451 459 461 466 469 486 487
95 268
96 362 99 104 124 128 137 141 146 151 160 162 165 166 170 172 186 188 191 195 201 205 212 231 243 246 248 256 268 282 293 294 308 313 321 324 327 332 340 341 345 356 357 360 368 371 372 373 374 375 377 379 394 406 410 413 421 429 434 445 451 459 461 464 466 469 486 487 492 497
97 361
98 308
99 331 104 124 128 137 141 146 151 160 162 165 166 170 172 186 188 191 195 201 205 212 231 243 246 248 256 268 282 293 294 308 313 321 324 327 332 340 341 345 356 357 360 368 371 372 373 374 375 377 379 394 406 410 413 421 429 434 445 451 459 461 464 466 469 486 487 492 497
100 461
101 268
102 271
103 489
104 252 137 146 151 160 188 195 231 243 268 327 332 341 345 357 368 373 375 379 421 459 461 466 486 487
105 259
106 375
107 290
108 335
109 477
110 258
111 265
112 355
113 318
114 327
115 406
116 257
117 337
118 432
119 262
120 306
121 390
122 302
123 308
124 425 137 146 151 160 188 195 231 243 268 327 332 341 345 357 368 373 375 379 421 459 461 466 486 487
125 274
126 301
127 438
128 264 341 421 487
129 298
130 490
131 254
132 256
133 430
134 268
135 302
136 385
137 256 141 146 151 160 166 170 188 191 195 231 243 246 268 293 308 313 327 332 341 345 356 357 368 371 373 374 375 377 379 394 410 413 421 429 445 451 459 461 466 469 486 487
138 359
139 371
140 258
141 371 146 151 160 166 170 188 191 195 231 243 268 293 327 332 341 345 356 357 368 373 374 375 379 421 445 459 461 466 469 486 487
142 438
143 256
144 306
145 393
146 298 151 160 162 165 166 170 188 191 195 201 212 231 243 246 256 268 293 294 308 313 321 324 327 332 340 341 345 356 357 360 368 371 373 374 375 377 379 394 410 413 421 429 434 445 451 459 461 466 469 486 487 497
147 309
148 454
149 266
150 280
151 424 160 166 170 188 191 195 231 243 246 268 293 294 308 313 327 332 341 345 356 357 368 371 373 374 375 377 379 394 410 413 421 429 445 451 459 461 466 469 486 487
152 256
153 320
154 437
155 266
156 297
157 413
158 262
159 325
160 359 162 165 166 170 188 191 195 201 212 231 243 246 256 268 293 294 308 313 321 324 327 332 341 345 356 357 360 368 371 373 374 375 377 379 394 410 413 421 429 445 451 459 461 466 469 486 487 497
161 317
162 324 231 243 327 332 341 345 368 421 459 461 487
163 444
164 262
165 294 231 243 327 341 345 368 421 459 461 487
166 442 170 188 191 195 231 243 268 293 308 313 327 332 341 345 356 357 368 371 373 374 375 377 379 394 410 413 421 445 451 459 461 466 469 486 487
167 275
168 283
169 383
170 276 188 191 195 231 243 268 293 308 313 327 332 341 345 356 357 368 373 374 375 377 379 413 421 445 459 461 466 469 486 487
171 341
172 365 243 341 421 487
173 312
174 323
175 473
176 257
177 270
178 483
179 255
180 262
181 393
182 285
183 322
184 406
185 271
186 323 243 341 421 487
187 464
188 251 191 195 201 231 243 246 268 293 294 308 313 321 324 327 332 341 345 356 357 368 371 373 374 375 377 379 394 410 413 421 429 445 451 459 461 466 469 486 487
189 285
190 372
191 264 195 231 243 268 293 308 313 327 332 341 345 356 357 368 371 373 374 375 377 379 394 410 413 421 445 459 461 466 469 486 487
192 364
193 464
194 266
195 270 201 231 243 246 268 293 294 308 313 321 324 327 332 341 345 356 357 368 371 373 374 375 377 379 394 410 413 421 429 445 451 459 461 466 469 486 487
196 455
197 269
198 276
199 373
200 276
201 351 231 243 327 332 341 345 357 368 373 421 459 461 487
202 472
203 261
204 267
205 416 243 341 421 487
206 269
207 315
208 360
209 315
210 325
211 486
212 252 231 243 327 341 345 368 421 459 461 487
213 262
214 409
215 274
216 317
217 384
218 259
219 357
220 436
221 272
222 292
223 480
224 251
225 269
226 368
227 300
228 332
229 383
230 307
231 310 243 246 256 268 282 293 294 308 313 321 324 327 332 340 341 345 356 357 360 368 371 372 373 374 375 377 379 394 410 413 421 429 434 445 451 459 461 464 466 469 486 487 497
232 364
233 250
234 386
235 481
236 257
237 262
238 378
239 250
240 372
241 374
242 298
243 328 246 248 256 268 282 293 294 308 313 321 324 327 332 340 341 345 356 357 360 368 371 372 373 374 375 377 379 394 406 410 413 421 429 434 445 451 459 461 464 466 469 486 487 492 497
244 357
245 262
246 381 268 327 332 341 345 357 368 373 379 421 459 461 486 487
247 414
248 285 341 368 421 459 461 487
249 301
250 404
251 279
252 317
253 419
254 270
255 311
256 430 327 341 345 368 421 459 461 487
257 267
258 303
259 412
260 265
261 323
262 376
263 265
264 359
265 473
266 260
267 267
268 409 293 294 308 313 321 324 327 332 341 345 356 357 368 371 373 374 375 377 379 394 410 413 421 429 445 451 459 461 466 469 486 487
269 286
270 305 487
271 464
272 259
273 277
274 391
275 271
276 338
277 365
278 298
279 337
280 459
281 251
282 290 341 368 421 459 461 487
283 370
284 297
285 333
286 417
287 289
288 294
289 418
290 256
291 326
292 465
293 252 308 313 327 332 341 345 356 357 368 371 373 374 375 377 379 394 410 413 421 445 451 459 461 466 469 486 487
294 283 327 332 341 345 357 368 373 421 459 461 486 487
295 461
296 266
297 273
298 434
299 256
300 310
301 390
302 259
303 351
304 483
305 251
306 266
307 458
308 264 313 327 332 341 345 356 357 368 373 374 375 377 379 413 421 445 459 461 466 469 486 487
309 278
310 396
311 280
312 324
313 374 327 332 341 345 356 357 368 373 374 375 377 379 413 421 445 459 461 466 469 486 487
314 284
315 342
316 354
317 288
318 358
319 379
320 270
321 351 327 332 341 345 357 368 373 421 459 461 487
322 471
323 257
324 272 327 332 341 345 357 368 373 421 459 461 487
325 459
326 267
327 274 332 341 345 356 357 368 371 373 374 375 377 379 394 410 413 421 429 445 451 459 461 466 469 486 487 497
328 436
329 268
330 296
331 401
332 298 341 345 356 357 368 371 373 374 375 377 379 394 410 413 421 429 445 451 459 461 466 469 486 487
333 301
334 499
335 250
336 251
337 456
338 261
339 283
340 366 341 368 421 459 461 487
341 265 345 356 357 360 368 371 372 373 374 375 377 379 394 406 410 413 421 429 434 445 451 459 461 464 466 469 486 487 492 497
342 369
343 456
344 256
345 288 356 357 368 371 373 374 375 377 379 394 410 413 421 429 445 451 459 461 466 469 486 487
346 442
347 256
348 302
349 381
350 284
351 335
352 437
353 269
354 294
355 480
356 252 357 368 371 373 374 375 377 379 394 410 413 421 445 451 459 461 466 469 486 487
357 268 368 371 373 374 375 377 379 394 410 413 421 429 445 451 459 461 466 469 486 487
358 402
359 261
360 337 368 421 459 461 487
361 389
362 252
363 359
364 386
365 254
366 360
367 463
368 251 371 372 373 374 375 377 379 394 410 413 421 429 434 445 451 459 461 464 466 469 486 487 497
369 286
370 362
371 262 373 374 375 379 421 459 461 466 486 487
372 376 421 459 461 487
373 368 374 375 377 379 394 410 413 421 429 445 451 459 461 466 469 486 487
374 254 375 377 379 394 410 413 421 445 459 461 466 469 486 487
375 378 377 379 394 410 413 421 429 445 451 459 461 466 469 486 487
376 369
377 307 379 421 445 459 461 466 469 486 487
378 324
379 371 394 410 413 421 429 445 451 459 461 466 469 486 487
380 286
381 343
382 495
383 251
384 254
385 495
386 250
387 255
388 402
389 298
390 300
391 495
392 251
393 254
394 490 421 459 461 466 486 487
395 252
396 258
397 442
398 277
399 281
400 416
401 288
402 296
403 467
404 261
405 272
406 378 421 487
407 255
408 367
409 391
410 290 421 459 461 466 486 487
411 319
412 498
413 250 421 445 459 461 466 469 486 487
414 252
415 369
416 259
417 372
418 417
419 256
420 327
421 414 429 434 445 451 459 461 464 466 469 486 487 492 497
422 283
423 303
424 379
425 268
426 353
427 423
428 267
429 310 459 461 466 486 487
430 407
431 276
432 317
433 492
434 251 459 461 487
435 257
436 455
437 268
438 277
439 413
440 260
441 327
442 381
443 306
444 313
445 428 459 461 466 469 486 487
446 264
447 308
448 431
449 277
450 292
451 381 459 461 466 486 487
452 262
453 357
454 450
455 253
456 297
457 432
458 263
459 305 461 464 466 469 486 487 497
460 475
461 255 464 466 469 486 487 497
462 270
463 366
464 262 487
465 372
466 401 469 486 487
467 291
468 308
469 425 486 487
470 257
471 318
472 498
473 250
474 252
475 465
476 260
477 275
478 357
479 289
480 354
481 371
482 278
483 351
484 464
485 265
486 271 487
487 425 492 497
488 276
489 299
490 395
491 255
492 350
493 441
494 260
495 299
496 353
497 278
498 369
499 406
500 261
501 333
