501 1000
1 412
2 255
3 333 6 15 16 17 20 28 34 42 43 57 59 65 76 86 90 105 110 114 126 131 136 142 152 153 162 165 174 176 191 193 198 203 204 206 207 213 237 239 248 250 258 263 270 273 281 282 284 286 301 315 322 329 334 343 351 367 372 389 390 395 399 402 403 406 408 409 414 415 420 425 427 430 435 445 450 456 463 468 470 474 480 482 497 500 501
4 461
5 267 17 28 34 105 110 114 126 131 142 152 153 176 237 258 270 281 351 367 372 389 395 406 414 415 420 427 430 435 445 450 474
6 272 13 15 16 17 20 25 28 33 34 36 42 43 50 57 59 65 71 72 76 78 81 84 86 90 105 108 110 114 115 117 126 131 133 136 139 141 142 143 147 152 153 155 157 161 162 165 167 168 174 176 180 191 193 197 198 203 204 206 207 208 213 218 220 225 226 228 231 237 238 239 242 243 248 250 253 258 261 263 264 265 267 268 270 273 279 281 282 284 286 290 297 300 301 308 314 315 317 322 324 329 333 334 337 343 351 354 367 372 380 382 384 387 389 390 394 395 399 402 403 406 408 409 411 414 415 419 420 422 425 427 430 433 435 445 447 449 450 455 456 461 463 465 468 470 474 480 482 488 492 493 497 500 501
7 417
8 265
9 318
10 476
11 253
12 271
13 461 15 16 17 20 28 34 43 57 65 105 110 114 126 131 136 142 152 153 162 176 191 193 198 203 204 206 207 213 237 239 250 258 270 281 282 329 334 351 367 372 389 390 395 399 402 403 406 408 414 415 420 425 427 430 435 445 450 470 474 482 497 500 501
14 252
15 287 16 17 20 25 28 33 34 36 42 43 50 57 59 65 71 72 76 78 81 84 86 90 97 103 105 108 110 114 115 117 126 131 133 136 139 141 142 143 147 152 153 155 157 161 162 165 167 168 174 176 180 191 193 197 198 203 204 206 207 208 213 218 220 225 226 228 231 237 238 239 242 243 248 250 251 253 258 261 263 264 265 267 268 270 273 274 279 281 282 284 286 290 291 297 300 301 308 314 315 317 322 324 329 333 334 337 343 351 354 367 369 372 380 382 384 387 389 390 394 395 399 402 403 406 408 409 411 414 415 419 420 422 425 427 430 433 435 443 445 447 449 450 455 456 461 463 465 468 470 474 480 482 488 492 493 497 500 501
16 433 17 20 25 28 33 34 36 42 43 50 57 59 65 72 76 78 84 86 90 105 108 110 114 117 126 131 133 136 139 141 142 143 147 152 153 155 157 162 165 167 168 174 176 180 191 193 197 198 203 204 206 207 213 218 220 225 226 231 237 238 239 242 243 248 250 253 258 261 263 264 265 267 268 270 273 281 282 284 286 290 297 300 301 308 314 315 317 322 324 329 333 334 337 343 351 354 367 372 380 382 384 387 389 390 394 395 399 402 403 406 408 409 411 414 415 419 420 422 425 427 430 433 435 445 447 449 450 455 456 461 463 465 468 470 474 480 482 488 492 493 497 500 501
17 262 20 25 26 28 33 34 36 38 42 43 45 50 56 57 59 65 71 72 73 76 78 81 84 86 90 97 102 103 105 108 109 110 114 115 117 126 131 133 134 135 136 139 141 142 143 147 152 153 155 157 161 162 165 167 168 173 174 176 180 188 191 193 195 197 198 202 203 204 206 207 208 210 213 218 220 225 226 228 231 232 233 237 238 239 242 243 248 250 251 252 253 258 261 263 264 265 267 268 270 271 273 274 275 279 281 282 283 284 286 288 289 290 291 292 296 297 300 301 308 314 315 317 322 324 325 329 333 334 337 340 343 351 353 354 356 362 367 369 371 372 380 382 384 387 388 389 390 394 395 398 399 402 403 404 406 408 409 410 411 414 415 419 420 421 422 425 427 428 430 431 433 435 436 443 445 447 448 449 450 455 456 457 461 462 463 465 466 468 470 471 474 480 482 488 492 493 495 497 500 501
18 305
19 376
20 310 25 28 33 34 36 42 43 50 57 59 65 71 72 76 78 81 84 86 90 97 103 105 108 110 114 115 117 126 131 133 136 139 141 142 143 147 152 153 155 157 161 162 165 167 168 174 176 180 191 193 197 198 203 204 206 207 208 213 218 220 225 226 228 231 232 237 238 239 242 243 248 250 251 253 258 261 263 264 265 267 268 270 273 274 279 281 282 284 286 289 290 291 297 300 301 308 314 315 317 322 324 329 333 334 337 343 351 354 367 369 372 380 382 384 387 389 390 394 395 399 402 403 406 408 409 410 411 414 415 419 420 422 425 427 430 431 433 435 436 443 445 447 449 450 455 456 457 461 463 465 468 470 474 480 482 488 492 493 495 497 500 501
21 314
22 450
23 257
24 293
25 442 28 34 42 43 50 57 59 65 72 76 84 86 90 105 110 114 117 126 131 133 136 142 152 153 157 162 165 174 176 191 193 198 203 204 206 207 213 220 231 237 238 239 242 248 250 258 263 264 265 270 273 281 282 284 286 300 301 314 315 322 324 329 333 334 343 351 367 372 387 389 390 394 395 399 402 403 406 408 409 414 415 419 420 425 427 430 433 435 445 447 449 450 455 456 461 463 465 468 470 474 480 482 492 497 500 501
26 255 176 270 406 430 474
27 303
28 472 33 34 36 38 42 43 50 57 59 65 71 72 76 78 81 84 86 90 97 103 105 108 109 110 114 115 117 126 131 133 136 139 141 142 143 147 152 153 155 157 161 162 165 167 168 173 174 176 180 191 193 195 197 198 202 203 204 206 207 208 210 213 218 220 225 226 228 231 232 237 238 239 242 243 248 250 251 253 258 261 263 264 265 267 268 270 273 274 279 281 282 284 286 289 290 291 297 300 301 308 314 315 317 322 324 329 333 334 337 340 343 351 353 354 367 369 372 380 382 384 387 389 390 394 395 398 399 402 403 404 406 408 409 410 411 414 415 419 420 422 425 427 428 430 431 433 435 436 443 445 447 449 450 455 456 457 461 462 463 465 468 470 474 480 482 488 492 493 495 497 500 501
29 257
30 271
31 407
32 264
33 329 34 43 57 65 90 105 110 114 126 131 136 142 152 153 162 176 191 193 198 203 204 206 207 213 237 239 250 258 270 281 282 301 315 329 334 351 367 372 389 390 395 399 402 403 406 408 414 415 420 425 427 430 435 445 450 456 470 474 482 497 500 501
34 437 36 38 42 43 45 50 57 59 65 71 72 73 76 78 81 84 86 90 97 103 105 108 109 110 114 115 117 126 131 133 134 135 136 139 141 142 143 147 152 153 155 157 161 162 165 167 168 173 174 176 180 191 193 195 197 198 202 203 204 206 207 208 210 213 218 220 225 226 228 231 232 233 237 238 239 242 243 248 250 251 252 253 258 261 263 264 265 267 268 270 271 273 274 275 279 281 282 283 284 286 289 290 291 292 296 297 300 301 308 314 315 317 322 324 329 333 334 337 340 343 351 353 354 356 362 367 369 371 372 380 382 384 387 388 389 390 394 395 398 399 402 403 404 406 408 409 410 411 414 415 419 420 422 425 427 428 430 431 433 435 436 443 445 447 448 449 450 455 456 457 461 462 463 465 466 468 470 471 474 480 482 488 492 493 495 497 500 501
35 268
36 295 42 43 57 59 65 76 86 90 105 110 114 126 131 136 142 152 153 162 165 174 176 191 193 198 203 204 206 207 213 237 239 248 250 258 270 273 281 282 284 301 315 322 329 334 343 351 367 372 389 390 395 399 402 403 406 408 409 414 415 420 425 427 430 435 445 450 456 463 468 470 474 480 482 497 500 501
37 374
38 276 105 110 114 126 131 142 152 153 176 237 258 270 281 351 367 372 389 395 406 414 415 420 427 430 435 445 450 474
39 350
40 416
41 279
42 305 43 50 57 59 65 72 76 78 84 86 90 105 110 114 117 126 131 133 136 139 141 142 143 152 153 157 162 165 167 168 174 176 180 191 193 197 198 203 204 206 207 213 218 220 226 231 237 238 239 242 243 248 250 253 258 263 264 265 267 270 273 281 282 284 286 290 300 301 314 315 317 322 324 329 333 334 343 351 354 367 372 380 382 384 387 389 390 394 395 399 402 403 406 408 409 414 415 419 420 425 427 430 433 435 445 447 449 450 455 456 461 463 465 468 470 474 480 482 492 493 497 500 501
43 367 50 57 59 65 71 72 76 78 81 84 86 90 97 103 105 108 110 114 115 117 126 131 133 136 139 141 142 143 147 152 153 155 157 161 162 165 167 168 174 176 180 191 193 197 198 203 204 206 207 208 213 218 220 225 226 228 231 237 238 239 242 243 248 250 251 253 258 261 263 264 265 267 268 270 273 274 279 281 282 284 286 289 290 291 297 300 301 308 314 315 317 322 324 329 333 334 337 343 351 354 367 369 372 380 382 384 387 389 390 394 395 399 402 403 406 408 409 411 414 415 419 420 422 425 427 430 433 435 443 445 447 449 450 455 456 461 463 465 468 470 474 480 482 488 492 493 495 497 500 501
44 311
45 322 105 110 131 176 258 270 351 406 427 430 445 450 474
46 498
47 250
48 252
49 382
50 296 57 59 65 72 76 84 86 90 105 110 114 117 126 131 133 136 139 142 152 153 157 162 165 168 174 176 191 193 198 203 204 206 207 213 218 220 226 231 237 238 239 242 243 248 250 258 263 264 265 270 273 281 282 284 286 300 301 314 315 317 322 324 329 333 334 343 351 367 372 380 384 387 389 390 394 395 399 402 403 406 408 409 414 415 419 420 425 427 430 433 435 445 447 449 450 455 456 461 463 465 468 470 474 480 482 492 497 500 501
51 322
52 394
53 282
54 324
55 485
56 253 176 406 430 474
57 262 59 65 71 72 76 78 84 86 90 105 108 110 114 115 117 126 131 133 136 139 141 142 143 147 152 153 155 157 162 165 167 168 174 176 180 191 193 197 198 203 204 206 207 208 213 218 220 225 226 228 231 237 238 239 242 243 248 250 253 258 261 263 264 265 267 268 270 273 281 282 284 286 290 297 300 301 308 314 315 317 322 324 329 333 334 337 343 351 354 367 372 380 382 384 387 389 390 394 395 399 402 403 406 408 409 411 414 415 419 420 422 425 427 430 433 435 445 447 449 450 455 456 461 463 465 468 470 474 480 482 488 492 493 497 500 501
58 351
59 282 65 72 76 78 84 86 90 105 110 114 117 126 131 133 136 139 141 142 143 152 153 157 162 165 167 168 174 176 180 191 193 197 198 203 204 206 207 213 218 220 226 231 237 238 239 242 243 248 250 253 258 263 264 265 267 270 273 281 282 284 286 290 300 301 314 315 317 322 324 329 333 334 343 351 354 367 372 380 382 384 387 389 390 394 395 399 402 403 406 408 409 414 415 419 420 425 427 430 433 435 445 447 449 450 455 456 461 463 465 468 470 474 480 482 492 493 497 500 501
60 367
61 441
62 276
63 283
64 457
65 256 71 72 76 78 81 84 86 90 105 108 110 114 115 117 126 131 133 136 139 141 142 143 147 152 153 155 157 162 165 167 168 174 176 180 191 193 197 198 203 204 206 207 208 213 218 220 225 226 228 231 237 238 239 242 243 248 250 253 258 261 263 264 265 267 268 270 273 281 282 284 286 290 297 300 301 308 314 315 317 322 324 329 333 334 337 343 351 354 367 372 380 382 384 387 389 390 394 395 399 402 403 406 408 409 411 414 415 419 420 422 425 427 430 433 435 445 447 449 450 455 456 461 463 465 468 470 474 480 482 488 492 493 497 500 501
66 287
67 426
68 261
69 313
70 381
71 253 105 110 114 126 131 142 152 153 162 176 193 198 206 207 213 237 258 270 281 282 329 334 351 367 372 389 395 399 406 414 415 420 425 427 430 435 445 450 470 474 500 501
72 366 76 84 86 90 105 110 114 117 126 131 133 136 139 142 152 153 157 162 165 167 168 174 176 191 193 198 203 204 206 207 213 218 220 226 231 237 238 239 242 243 248 250 258 263 264 265 267 270 273 281 282 284 286 300 301 314 315 317 322 324 329 333 334 343 351 354 367 372 380 384 387 389 390 394 395 399 402 403 406 408 409 414 415 419 420 425 427 430 433 435 445 447 449 450 455 456 461 463 465 468 470 474 480 482 492 497 500 501
73 377 105 110 126 131 176 258 270 351 406 414 420 427 430 445 450 474
74 308
75 315
76 429 78 84 86 90 105 110 114 117 126 131 133 136 139 141 142 143 152 153 157 162 165 167 168 174 176 180 191 193 197 198 203 204 206 207 213 218 220 226 231 237 238 239 242 243 248 250 253 258 263 264 265 267 270 273 281 282 284 286 300 301 314 315 317 322 324 329 333 334 343 351 354 367 372 380 382 384 387 389 390 394 395 399 402 403 406 408 409 414 415 419 420 425 427 430 433 435 445 447 449 450 455 456 461 463 465 468 470 474 480 482 492 493 497 500 501
77 261
78 310 86 90 105 110 114 126 131 136 142 152 153 162 165 174 176 191 193 198 203 204 206 207 213 237 239 250 258 270 273 281 282 284 301 315 322 329 334 343 351 367 372 389 390 395 399 402 403 406 408 414 415 420 425 427 430 435 445 450 456 463 468 470 474 482 497 500 501
79 388
80 293
81 319 105 110 114 126 131 142 152 153 162 176 193 198 206 207 213 237 258 270 281 282 329 334 351 367 372 389 395 399 406 414 415 420 425 427 430 435 445 450 470 474 500 501
82 404
83 275
84 321 86 90 105 110 114 117 126 131 133 136 139 142 152 153 157 162 165 168 174 176 191 193 198 203 204 206 207 213 218 220 226 231 237 238 239 242 243 248 250 258 263 264 265 270 273 281 282 284 286 300 301 314 315 317 322 324 329 333 334 343 351 367 372 380 384 387 389 390 394 395 399 402 403 406 408 409 414 415 419 420 425 427 430 433 435 445 447 449 450 455 456 461 463 465 468 470 474 480 482 492 497 500 501
85 485
86 253 90 105 108 110 114 117 126 131 133 136 139 141 142 143 152 153 157 162 165 167 168 174 176 180 191 193 197 198 203 204 206 207 213 218 220 226 231 237 238 239 242 243 248 250 253 258 263 264 265 267 268 270 273 281 282 284 286 290 300 301 314 315 317 322 324 329 333 334 343 351 354 367 372 380 382 384 387 389 390 394 395 399 402 403 406 408 409 414 415 419 420 425 427 430 433 435 445 447 449 450 455 456 461 463 465 468 470 474 480 482 492 493 497 500 501
87 262
88 485
89 252
90 263 105 108 110 114 117 126 131 133 136 139 141 142 143 152 153 157 162 165 167 168 174 176 180 191 193 197 198 203 204 206 207 213 218 220 226 231 237 238 239 242 243 248 250 253 258 261 263 264 265 267 268 270 273 281 282 284 286 290 297 300 301 308 314 315 317 322 324 329 333 334 337 343 351 354 367 372 380 382 384 387 389 390 394 395 399 402 403 406 408 409 411 414 415 419 420 425 427 430 433 435 445 447 449 450 455 456 461 463 465 468 470 474 480 482 488 492 493 497 500 501
91 454
92 255
93 291
94 468
95 258
96 274
97 436 105 110 114 126 131 142 152 153 162 176 193 198 206 207 213 237 258 270 281 282 329 351 367 372 389 395 406 414 415 420 425 427 430 435 445 450 470 474 500 501
98 259
99 305
100 481
101 257
102 262 176 270 406 430 474
103 439 105 110 114 126 131 142 152 153 162 176 193 198 206 207 213 237 258 270 281 282 329 351 367 372 389 395 406 414 415 420 425 427 430 435 445 450 470 474 500 501
104 277
105 284 108 109 110 114 115 117 126 131 133 134 136 139 141 142 143 147 152 153 155 157 161 162 165 167 168 173 174 176 180 191 193 195 197 198 202 203 204 206 207 208 210 213 218 220 225 226 228 231 232 233 237 238 239 242 243 248 250 251 252 253 258 261 263 264 265 267 268 270 273 274 279 281 282 284 286 289 290 291 292 296 297 300 301 308 314 315 317 322 324 329 333 334 337 340 343 351 353 354 362 367 369 371 372 380 382 384 387 388 389 390 394 395 398 399 402 403 404 406 408 409 410 411 414 415 419 420 422 425 427 428 430 431 433 435 436 443 445 447 448 449 450 455 456 457 461 462 463 465 466 468 470 471 474 480 482 488 492 493 495 497 500 501
106 498
107 250
108 252 110 114 126 131 136 142 152 153 162 165 174 176 191 193 198 203 204 206 207 213 237 239 250 258 270 273 281 282 284 301 315 329 334 343 351 367 372 389 390 395 399 402 403 406 408 414 415 420 425 427 430 435 445 450 456 463 470 474 482 497 500 501
109 438 110 114 126 131 142 152 153 176 213 237 258 270 281 351 367 372 389 395 406 414 415 420 427 430 435 445 450 474
110 276 114 115 117 126 131 133 134 136 139 141 142 143 147 152 153 155 157 161 162 165 167 168 173 174 176 180 191 193 195 197 198 202 203 204 206 207 208 210 213 218 220 225 226 228 231 232 233 237 238 239 242 243 248 250 251 252 253 258 261 263 264 265 267 268 270 273 274 275 279 281 282 283 284 286 289 290 291 292 296 297 300 301 308 314 315 317 322 324 329 333 334 337 340 343 351 353 354 362 367 369 371 372 380 382 384 387 388 389 390 394 395 398 399 402 403 404 406 408 409 410 411 414 415 419 420 422 425 427 428 430 431 433 435 436 443 445 447 448 449 450 455 456 457 461 462 463 465 466 468 470 471 474 480 482 488 492 493 495 497 500 501
111 286
112 356
113 272
114 372 115 117 126 131 133 134 136 139 141 142 143 147 152 153 155 157 161 162 165 167 168 173 174 176 180 191 193 195 197 198 202 203 204 206 207 208 210 213 218 220 225 226 228 231 232 237 238 239 242 243 248 250 251 253 258 261 263 264 265 267 268 270 273 274 279 281 282 284 286 289 290 291 297 300 301 308 314 315 317 322 324 329 333 334 337 340 343 351 353 354 362 367 369 371 372 380 382 384 387 389 390 394 395 398 399 402 403 404 406 408 409 410 411 414 415 419 420 422 425 427 428 430 431 433 435 436 443 445 447 448 449 450 455 456 457 461 462 463 465 468 470 471 474 480 482 488 492 493 495 497 500 501
115 443 126 131 142 152 153 162 176 193 198 206 207 213 237 258 270 281 282 329 334 351 367 372 389 395 399 406 414 415 420 425 427 430 435 445 450 470 474 500 501
116 277
117 280 126 131 133 136 139 142 152 153 157 162 165 168 174 176 191 193 198 203 204 206 207 213 220 226 231 237 238 239 242 243 248 250 258 263 264 265 270 273 281 282 284 286 300 301 314 315 322 324 329 333 334 343 351 367 372 387 389 390 394 395 399 402 403 406 408 409 414 415 419 420 425 427 430 433 435 445 447 449 450 455 456 461 463 465 468 470 474 480 482 492 497 500 501
118 431
119 275
120 294
121 395
122 298
123 307
124 427
125 278
126 295 131 133 134 136 139 141 142 143 147 152 153 155 157 161 162 165 167 168 173 174 176 180 191 193 195 197 198 202 203 204 206 207 208 210 213 218 220 225 226 228 231 232 233 237 238 239 242 243 248 250 251 253 258 261 263 264 265 267 268 270 273 274 279 281 282 284 286 289 290 291 297 300 301 308 314 315 317 322 324 329 333 334 337 340 343 351 353 354 362 367 369 371 372 380 382 384 387 388 389 390 394 395 398 399 402 403 404 406 408 409 410 411 414 415 419 420 422 425 427 428 430 431 433 435 436 443 445 447 448 449 450 455 456 457 461 462 463 465 468 470 471 474 480 482 488 492 493 495 497 500 501
127 403
128 269
129 328
130 452
131 271 133 134 136 139 141 142 143 147 152 153 155 157 161 162 165 167 168 173 174 176 180 191 193 195 197 198 202 203 204 206 207 208 210 213 218 220 225 226 228 231 232 233 237 238 239 242 243 248 250 251 253 258 261 263 264 265 267 268 270 273 274 279 281 282 284 286 289 290 291 297 300 301 308 314 315 317 322 324 329 333 334 337 340 343 351 353 354 362 367 369 371 372 380 382 384 387 388 389 390 394 395 398 399 402 403 404 406 408 409 410 411 414 415 419 420 422 425 427 428 430 431 433 435 436 443 445 447 448 449 450 455 456 457 461 462 463 465 468 470 471 474 480 482 488 492 493 495 497 500 501
132 277
133 495 136 142 152 153 157 162 165 174 176 191 193 198 203 204 206 207 213 220 237 238 239 242 248 250 258 263 264 265 270 273 281 282 284 286 300 301 314 315 322 324 329 333 334 343 351 367 372 387 389 390 394 395 399 402 403 406 408 409 414 415 419 420 425 427 430 433 435 445 447 450 455 456 461 463 465 468 470 474 480 482 492 497 500 501
134 250 142 152 153 176 258 270 351 372 406 414 415 420 427 430 435 445 450 474
135 255 176 270 406 427 430 474
136 379 139 141 142 143 147 152 153 155 157 162 165 167 168 174 176 180 191 193 197 198 203 204 206 207 213 218 220 225 226 228 231 237 238 239 242 243 248 250 253 258 261 263 264 265 267 268 270 273 281 282 284 286 290 297 300 301 308 314 315 317 322 324 329 333 334 337 343 351 354 367 372 380 382 384 387 389 390 394 395 399 402 403 406 408 409 411 414 415 419 420 422 425 427 430 433 435 445 447 449 450 455 456 461 463 465 468 470 474 480 482 488 492 493 497 500 501
137 274
138 347
139 400 142 152 153 157 162 165 174 176 191 193 198 203 204 206 207 213 220 237 238 239 248 250 258 263 264 265 270 273 281 282 284 286 301 315 322 324 329 334 343 351 367 372 389 390 394 395 399 402 403 406 408 409 414 415 420 425 427 430 433 435 445 447 450 456 461 463 468 470 474 480 482 492 497 500 501
140 259
141 341 142 152 153 162 165 174 176 191 193 198 203 204 206 207 213 237 239 250 258 270 273 281 282 284 301 315 329 334 343 351 367 372 389 390 395 399 402 403 406 408 414 415 420 425 427 430 435 445 450 456 463 468 470 474 482 497 500 501
142 444 143 147 152 153 155 157 161 162 165 167 168 173 174 176 180 191 193 195 197 198 202 203 204 206 207 208 210 213 218 220 225 226 228 231 232 237 238 239 242 243 248 250 251 253 258 261 263 264 265 267 268 270 273 274 279 281 282 284 286 289 290 291 297 300 301 308 314 315 317 322 324 329 333 334 337 340 343 351 353 354 362 367 369 371 372 380 382 384 387 389 390 394 395 398 399 402 403 404 406 408 409 410 411 414 415 419 420 422 425 427 428 430 431 433 435 436 443 445 447 448 449 450 455 456 457 461 462 463 465 468 470 471 474 480 482 488 492 493 495 497 500 501
143 250 152 153 162 165 174 176 191 193 198 203 204 206 207 213 237 239 250 258 270 273 281 282 284 301 315 322 329 334 343 351 367 372 389 390 395 399 402 403 406 408 409 414 415 420 425 427 430 435 445 450 456 463 468 470 474 480 482 497 500 501
144 306
145 489
146 252
147 259 152 153 162 176 191 193 198 203 204 206 207 213 237 239 250 258 270 281 282 329 334 351 367 372 389 390 395 399 402 403 406 408 414 415 420 425 427 430 435 445 450 470 474 482 497 500 501
148 486
149 254
150 260
151 480
152 257 153 155 157 161 162 165 167 168 173 174 176 180 191 193 195 197 198 202 203 204 206 207 208 210 213 218 220 225 226 228 231 232 237 238 239 242 243 248 250 251 253 258 261 263 264 265 267 268 270 273 274 279 281 282 284 286 289 290 291 297 300 301 308 314 315 317 322 324 329 333 334 337 340 343 351 353 354 362 367 369 371 372 380 382 384 387 389 390 394 395 398 399 402 403 404 406 408 409 410 411 414 415 419 420 422 425 427 428 430 431 433 435 436 443 445 447 448 449 450 455 456 457 461 462 463 465 468 470 471 474 480 482 488 492 493 495 497 500 501
153 263 155 157 161 162 165 167 168 173 174 176 180 191 193 195 197 198 202 203 204 206 207 208 210 213 218 220 225 226 228 231 232 237 238 239 242 243 248 250 251 253 258 261 263 264 265 267 268 270 273 274 279 281 282 284 286 289 290 291 297 300 301 308 314 315 317 322 324 329 333 334 337 340 343 351 353 354 362 367 369 371 372 380 382 384 387 389 390 394 395 398 399 402 403 404 406 408 409 410 411 414 415 419 420 422 425 427 428 430 431 433 435 436 443 445 447 448 449 450 455 456 457 461 462 463 465 468 470 471 474 480 482 488 492 493 495 497 500 501
154 464
155 262 162 176 193 198 204 206 207 213 237 239 250 258 270 281 282 329 334 351 367 372 389 390 395 399 402 406 414 415 420 425 427 430 435 445 450 470 474 497 500 501
156 274
157 380 162 165 168 174 176 191 193 198 203 204 206 207 213 220 226 231 237 238 239 242 243 248 250 258 263 264 265 270 273 281 282 284 286 300 301 314 315 322 324 329 333 334 343 351 367 372 384 387 389 390 394 395 399 402 403 406 408 409 414 415 419 420 425 427 430 433 435 445 447 449 450 455 456 461 463 465 468 470 474 480 482 492 497 500 501
158 251
159 369
160 378
161 300 162 176 193 198 206 207 213 237 258 270 281 282 329 334 351 367 372 389 395 399 406 414 415 420 425 427 430 435 445 450 470 474 500 501
162 322 165 167 168 174 176 180 191 193 197 198 203 204 206 207 208 210 213 218 220 225 226 228 231 232 237 238 239 242 243 248 250 251 253 258 261 263 264 265 267 268 270 273 274 279 281 282 284 286 289 290 291 297 300 301 308 314 315 317 322 324 329 333 334 337 343 351 354 367 369 372 380 382 384 387 389 390 394 395 398 399 402 403 406 408 409 410 411 414 415 419 420 422 425 427 430 431 433 435 436 443 445 447 449 450 455 456 457 461 463 465 468 470 474 480 482 488 492 493 495 497 500 501
163 424
164 278
165 298 167 168 174 176 180 191 193 197 198 203 204 206 207 213 218 220 226 231 237 238 239 242 243 248 250 253 258 263 264 265 267 268 270 273 281 282 284 286 290 300 301 314 315 317 322 324 329 333 334 343 351 354 367 372 380 382 384 387 389 390 394 395 399 402 403 406 408 409 414 415 419 420 425 427 430 433 435 445 447 449 450 455 456 461 463 465 468 470 474 480 482 492 493 497 500 501
166 473
167 250 174 176 191 193 198 203 204 206 207 213 237 239 248 250 258 263 270 273 281 282 284 286 301 315 322 324 329 334 343 351 367 372 389 390 395 399 402 403 406 408 409 414 415 420 425 427 430 433 435 445 447 450 456 463 468 470 474 480 482 497 500 501
168 277 174 176 191 193 198 203 204 206 207 213 220 237 238 239 248 250 258 263 264 265 270 273 281 282 284 286 300 301 315 322 324 329 334 343 351 367 372 387 389 390 394 395 399 402 403 406 408 409 414 415 420 425 427 430 433 435 445 447 450 455 456 461 463 465 468 470 474 480 482 492 497 500 501
169 456
170 271
171 273
172 359
173 300 176 237 258 270 281 351 367 372 389 395 406 414 415 420 427 430 435 445 450 474
174 341 176 180 191 193 197 198 203 204 206 207 213 218 220 226 231 237 238 239 242 243 248 250 253 258 263 264 265 267 268 270 273 281 282 284 286 290 300 301 314 315 317 322 324 329 333 334 343 351 354 367 372 380 382 384 387 389 390 394 395 399 402 403 406 408 409 411 414 415 419 420 425 427 430 433 435 445 447 449 450 455 456 461 463 465 468 470 474 480 482 492 493 497 500 501
175 478
176 254 180 188 191 193 195 197 198 202 203 204 206 207 208 210 213 218 220 225 226 228 231 232 233 237 238 239 242 243 248 250 251 252 253 258 261 263 264 265 267 268 270 271 273 274 275 279 281 282 283 284 286 289 290 291 292 296 297 300 301 308 314 315 317 322 324 325 329 333 334 337 340 343 351 353 354 356 362 367 369 371 372 380 382 384 387 388 389 390 394 395 398 399 402 403 404 406 408 409 410 411 414 415 419 420 422 425 427 428 430 431 433 435 436 443 445 447 448 449 450 455 456 457 461 462 463 465 466 468 470 471 474 480 482 488 492 493 495 497 500 501
177 268
178 429
179 282
180 289 191 193 198 203 204 206 207 213 237 239 250 258 270 273 281 282 284 301 315 322 329 334 343 351 367 372 389 390 395 399 402 403 406 408 409 414 415 420 425 427 430 435 445 450 456 463 468 470 474 480 482 497 500 501
181 489
182 250
183 261
184 472
185 258
186 270
187 427
188 279 270 406 430 474
189 294
190 460
191 253 193 197 198 203 204 206 207 213 218 220 226 231 237 238 239 242 243 248 250 253 258 261 263 264 265 267 268 270 273 281 282 284 286 290 297 300 301 308 314 315 317 322 324 329 333 334 337 343 351 354 367 372 380 382 384 387 389 390 394 395 399 402 403 406 408 409 411 414 415 419 420 425 427 430 433 435 445 447 449 450 455 456 461 463 465 468 470 474 480 482 488 492 493 497 500 501
192 287
193 384 197 198 203 204 206 207 208 213 218 220 225 226 228 231 237 238 239 242 243 248 250 251 253 258 261 263 264 265 267 268 270 273 274 279 281 282 284 286 289 290 291 297 300 301 308 314 315 317 322 324 329 333 334 337 343 351 354 367 369 372 380 382 384 387 389 390 394 395 399 402 403 406 408 409 411 414 415 419 420 422 425 427 430 433 435 443 445 447 449 450 455 456 461 463 465 468 470 474 480 482 488 492 493 495 497 500 501
194 258
195 358 237 258 270 281 351 367 372 389 395 406 414 415 420 427 430 435 445 450 474
196 452
197 273 198 203 204 206 207 213 237 239 250 258 270 273 281 282 284 301 315 322 329 334 343 351 367 372 389 390 395 399 402 403 406 408 414 415 420 425 427 430 435 445 450 456 463 468 470 474 482 497 500 501
198 275 203 204 206 207 208 210 213 218 220 225 226 228 231 232 237 238 239 242 243 248 250 251 253 258 261 263 264 265 267 268 270 273 274 279 281 282 284 286 289 290 291 297 300 301 308 314 315 317 322 324 329 333 334 337 343 351 354 367 369 372 380 382 384 387 389 390 394 395 398 399 402 403 406 408 409 410 411 414 415 419 420 422 425 427 430 431 433 435 436 443 445 447 449 450 455 456 457 461 462 463 465 468 470 474 480 482 488 492 493 495 497 500 501
199 426
200 279
201 295
202 411 237 258 270 351 372 389 395 406 414 415 420 427 430 435 445 450 474
203 269 204 206 207 213 218 220 225 226 231 237 238 239 242 243 248 250 253 258 261 263 264 265 267 268 270 273 281 282 284 286 290 297 300 301 308 314 315 317 322 324 329 333 334 337 343 351 354 367 372 380 382 384 387 389 390 394 395 399 402 403 406 408 409 411 414 415 419 420 425 427 430 433 435 445 447 449 450 455 456 461 463 465 468 470 474 480 482 488 492 493 497 500 501
204 320 206 207 213 218 220 225 226 228 231 237 238 239 242 243 248 250 253 258 261 263 264 265 267 268 270 273 281 282 284 286 290 297 300 301 308 314 315 317 322 324 329 333 334 337 343 351 354 367 372 380 382 384 387 389 390 394 395 399 402 403 406 408 409 411 414 415 419 420 422 425 427 430 433 435 445 447 449 450 455 456 461 463 465 468 470 474 480 482 488 492 493 497 500 501
205 461
206 254 207 208 213 218 220 225 226 228 231 232 237 238 239 242 243 248 250 251 253 258 261 263 264 265 267 268 270 273 274 279 281 282 284 286 289 290 291 297 300 301 308 314 315 317 322 324 329 333 334 337 343 351 354 367 369 372 380 382 384 387 389 390 394 395 399 402 403 406 408 409 411 414 415 419 420 422 425 427 430 433 435 436 443 445 447 449 450 455 456 461 463 465 468 470 474 480 482 488 492 493 495 497 500 501
207 285 208 210 213 218 220 225 226 228 231 232 237 238 239 242 243 248 250 251 253 258 261 263 264 265 267 268 270 273 274 279 281 282 284 286 289 290 291 297 300 301 308 314 315 317 322 324 329 333 334 337 343 351 354 367 369 372 380 382 384 387 389 390 394 395 398 399 402 403 406 408 409 410 411 414 415 419 420 422 425 427 428 430 431 433 435 436 443 445 447 449 450 455 456 457 461 462 463 465 468 470 474 480 482 488 492 493 495 497 500 501
208 448 213 237 258 270 281 282 329 334 351 367 372 389 395 399 406 414 415 420 425 427 430 435 445 450 470 474 500 501
209 273
210 279 213 237 258 270 281 351 367 372 389 395 406 414 415 420 427 430 435 445 450 474 500 501
211 356
212 296
213 348 218 220 225 226 228 231 232 237 238 239 242 243 248 250 251 253 258 261 263 264 265 267 268 270 273 274 279 281 282 284 286 289 290 291 297 300 301 308 314 315 317 322 324 329 333 334 337 343 351 354 367 369 372 380 382 384 387 389 390 394 395 398 399 402 403 406 408 409 410 411 414 415 419 420 422 425 427 428 430 431 433 435 436 443 445 447 449 450 455 456 457 461 462 463 465 468 470 474 480 482 488 492 493 495 497 500 501
214 360
215 305
216 335
217 452
218 256 237 239 248 250 258 263 270 273 281 282 284 286 301 315 322 324 329 334 343 351 367 372 389 390 395 399 402 403 406 408 409 414 415 420 425 427 430 433 435 445 447 450 456 461 463 468 470 474 480 482 492 497 500 501
219 292
220 440 226 231 237 238 239 242 243 248 250 258 263 264 265 270 273 281 282 284 286 300 301 314 315 322 324 329 333 334 343 351 367 372 387 389 390 394 395 399 402 403 406 408 409 414 415 419 420 425 427 430 433 435 445 447 449 450 455 456 461 463 465 468 470 474 480 482 492 497 500 501
221 261
222 299
223 353
224 278
225 369 237 239 250 258 270 281 282 329 334 351 367 372 389 390 395 399 402 403 406 408 414 415 420 425 427 430 435 445 450 470 474 497 500 501
226 394 237 238 239 248 250 258 263 264 265 270 273 281 282 284 286 300 301 315 322 324 329 334 343 351 367 372 387 389 390 394 395 399 402 403 406 408 409 414 415 420 425 427 430 433 435 445 447 450 456 461 463 468 470 474 480 482 492 497 500 501
227 297
228 309 237 250 258 270 281 282 329 334 351 367 372 389 390 395 399 402 406 414 415 420 425 427 430 435 445 450 470 474 497 500 501
229 355
230 280
231 365 237 238 239 248 250 258 263 264 265 270 273 281 282 284 286 300 301 315 322 324 329 334 343 351 367 372 387 389 390 394 395 399 402 403 406 408 409 414 415 419 420 425 427 430 433 435 445 447 450 455 456 461 463 465 468 470 474 480 482 492 497 500 501
232 365 237 258 270 281 282 351 367 372 389 395 406 414 415 420 425 427 430 435 445 450 470 474 500 501
233 288 258 270 351 406 427 430 445 450 474
234 347
235 476
236 252
237 272 238 239 242 243 248 250 251 253 258 261 263 264 265 267 268 270 273 274 279 281 282 284 286 289 290 291 297 300 301 308 314 315 317 322 324 329 333 334 337 340 343 351 353 354 367 369 372 380 382 384 387 389 390 394 395 398 399 402 403 404 406 408 409 410 411 414 415 419 420 422 425 427 428 430 431 433 435 436 443 445 447 449 450 455 456 457 461 462 463 465 468 470 471 474 480 482 488 492 493 495 497 500 501
238 449 239 242 243 248 250 258 263 264 265 270 273 281 282 284 286 300 301 314 315 322 324 329 333 334 343 351 367 372 380 384 387 389 390 394 395 399 402 403 406 408 409 414 415 419 420 425 427 430 433 435 445 447 449 450 455 456 461 463 465 468 470 474 480 482 492 497 500 501
239 250 242 243 248 250 253 258 261 263 264 265 267 268 270 273 281 282 284 286 290 297 300 301 308 314 315 317 322 324 329 333 334 337 343 351 354 367 372 380 382 384 387 389 390 394 395 399 402 403 406 408 409 411 414 415 419 420 422 425 427 430 433 435 445 447 449 450 455 456 461 463 465 468 470 474 480 482 488 492 493 497 500 501
240 301
241 383
242 255 248 250 258 263 264 265 270 273 281 282 284 286 300 301 314 315 322 324 329 333 334 343 351 367 372 387 389 390 394 395 399 402 403 406 408 409 414 415 419 420 425 427 430 433 435 445 447 450 455 456 461 463 465 468 470 474 480 482 492 497 500 501
243 362 248 250 258 263 264 265 270 273 281 282 284 286 300 301 315 322 324 329 334 343 351 367 372 387 389 390 394 395 399 402 403 406 408 409 414 415 420 425 427 430 433 435 445 447 450 456 461 463 465 468 470 474 480 482 492 497 500 501
244 464
245 262
246 274
247 488
248 255 250 258 263 264 265 267 270 273 281 282 284 286 300 301 314 315 317 322 324 329 333 334 343 351 354 367 372 380 382 384 387 389 390 394 395 399 402 403 406 408 409 414 415 419 420 425 427 430 433 435 445 447 449 450 455 456 461 463 465 468 470 474 480 482 492 497 500 501
249 257
250 408 253 258 261 263 264 265 267 268 270 273 281 282 284 286 290 297 300 301 308 314 315 317 322 324 329 333 334 337 343 351 354 367 372 380 382 384 387 389 390 394 395 399 402 403 406 408 409 411 414 415 419 420 422 425 427 430 433 435 445 447 449 450 455 456 461 463 465 468 470 474 480 482 488 492 493 497 500 501
251 284 258 270 281 282 329 351 367 372 389 395 406 414 415 420 425 427 430 435 445 450 470 474 500 501
252 308 258 270 351 406 427 430 445 474
253 462 258 270 273 281 282 284 301 315 329 334 343 351 367 372 389 390 395 399 402 403 406 408 414 415 420 425 427 430 435 445 450 456 463 468 470 474 482 497 500 501
254 252
255 286
256 444
257 253
258 303 261 263 264 265 267 268 270 273 274 279 281 282 284 286 289 290 291 292 296 297 300 301 308 314 315 317 322 324 329 333 334 337 340 343 351 353 354 362 367 369 371 372 380 382 384 387 388 389 390 394 395 398 399 402 403 404 406 408 409 410 411 414 415 419 420 422 425 427 428 430 431 433 435 436 443 445 447 448 449 450 455 456 457 461 462 463 465 466 468 470 471 474 480 482 488 492 493 495 497 500 501
259 476
260 259
261 265 270 281 282 301 315 329 334 351 367 372 389 390 395 399 402 403 406 408 414 415 420 425 427 430 435 445 450 456 470 474 482 497 500 501
262 474
263 255 264 265 267 270 273 281 282 284 286 300 301 314 315 317 322 324 329 333 334 343 351 354 367 372 380 384 387 389 390 394 395 399 402 403 406 408 409 414 415 419 420 425 427 430 433 435 445 447 449 450 455 456 461 463 465 468 470 474 480 482 492 497 500 501
264 271 265 270 273 281 282 284 286 300 301 314 315 322 324 329 333 334 343 351 367 372 387 389 390 394 395 399 402 403 406 408 409 414 415 419 420 425 427 430 433 435 445 447 449 450 455 456 461 463 465 468 470 474 480 482 492 497 500 501
265 473 270 273 281 282 284 286 300 301 314 315 322 324 329 333 334 343 351 367 372 387 389 390 394 395 399 402 403 406 408 409 414 415 419 420 425 427 430 433 435 445 447 449 450 455 456 461 463 465 468 470 474 480 482 492 497 500 501
266 258
267 269 270 273 281 282 284 286 301 315 322 324 329 334 343 351 367 372 389 390 395 399 402 403 406 408 409 414 415 420 425 427 430 433 435 445 447 450 456 461 463 468 470 474 480 482 497 500 501
268 479 270 273 281 282 284 301 315 329 334 343 351 367 372 389 390 395 399 402 403 406 408 414 415 420 425 427 430 435 445 450 456 463 470 474 482 497 500 501
269 250
270 271 271 273 274 275 279 281 282 283 284 286 289 290 291 292 296 297 300 301 308 314 315 317 322 324 325 329 333 334 337 340 343 351 353 354 356 362 367 369 371 372 380 382 384 387 388 389 390 394 395 398 399 402 403 404 406 408 409 410 411 414 415 419 420 422 425 427 428 430 431 433 435 436 443 445 447 448 449 450 455 456 457 461 462 463 465 466 468 470 471 474 480 482 488 492 493 495 497 500 501
271 395 351 406 427 430 474
272 286
273 319 281 282 284 286 290 300 301 314 315 317 322 324 329 333 334 343 351 354 367 372 380 382 384 387 389 390 394 395 399 402 403 406 408 409 411 414 415 419 420 425 427 430 433 435 445 447 449 450 455 456 461 463 465 468 470 474 480 482 492 493 497 500 501
274 471 281 282 329 351 367 372 389 395 399 406 414 415 420 425 427 430 435 445 450 470 474 500 501
275 255 351 406 427 430 474
276 274
277 398
278 250
279 352 281 282 329 334 351 367 372 389 395 399 406 414 415 420 425 427 430 435 445 450 470 474 500 501
280 465
281 258 282 284 286 289 290 291 297 300 301 308 314 315 317 322 324 329 333 334 337 343 351 353 354 367 369 372 380 382 384 387 389 390 394 395 398 399 402 403 404 406 408 409 410 411 414 415 419 420 422 425 427 428 430 431 433 435 436 443 445 447 449 450 455 456 457 461 462 463 465 468 470 474 480 482 488 492 493 495 497 500 501
282 277 284 286 289 290 291 297 300 301 308 314 315 317 322 324 329 333 334 337 343 351 354 367 369 372 380 382 384 387 389 390 394 395 399 402 403 406 408 409 411 414 415 419 420 422 425 427 430 433 435 436 443 445 447 449 450 455 456 461 463 465 468 470 474 480 482 488 492 493 495 497 500 501
283 375 351 406 427 430 474
284 259 286 290 300 301 314 315 317 322 324 329 333 334 343 351 354 367 372 380 382 384 387 389 390 394 395 399 402 403 406 408 409 414 415 419 420 425 427 430 433 435 445 447 449 450 455 456 461 463 465 468 470 474 480 482 492 493 497 500 501
285 366
286 439 300 301 314 315 317 322 324 329 333 334 343 351 354 367 372 380 384 387 389 390 394 395 399 402 403 406 408 409 414 415 419 420 425 427 430 433 435 445 447 449 450 455 456 461 463 465 468 470 474 480 482 492 497 500 501
287 251
288 310 406 430 474
289 381 351 367 372 389 395 406 414 415 420 425 427 430 435 445 450 470 474 500 501
290 265 301 315 329 334 343 351 367 372 389 390 395 399 402 403 406 408 414 415 420 425 427 430 435 445 450 456 463 468 470 474 482 497 500 501
291 354 351 367 372 389 395 406 414 415 420 425 427 430 435 445 450 470 474 500 501
292 357 351 406 427 430 445 474
293 253
294 390
295 367
296 266 351 406 427 430 445 474
297 367 301 315 329 334 351 367 372 389 390 395 399 402 403 406 408 414 415 420 425 427 430 435 445 450 456 470 474 482 497 500 501
298 362
299 275
300 363 301 314 315 322 324 329 333 334 343 351 367 372 387 389 390 394 395 399 402 403 406 408 409 414 415 419 420 425 427 430 433 435 445 447 449 450 455 456 461 463 465 468 470 474 480 482 492 497 500 501
301 398 308 314 315 317 322 324 329 333 334 337 343 351 354 367 372 380 382 384 387 389 390 394 395 399 402 403 406 408 409 411 414 415 419 420 425 427 430 433 435 445 447 449 450 455 456 461 463 465 468 470 474 480 482 488 492 493 497 500 501
302 288
303 314
304 420
305 251
306 329
307 457
308 262 315 329 334 351 367 372 389 390 395 399 402 403 406 408 414 415 420 425 427 430 435 445 450 456 470 474 482 497 500 501
309 281
310 484
311 254
312 262
313 382
314 284 315 322 324 329 333 334 343 351 367 372 387 389 390 394 395 399 402 403 406 408 409 414 415 419 420 425 427 430 433 435 445 447 450 455 456 461 463 465 468 470 474 480 482 492 497 500 501
315 334 317 322 324 329 333 334 337 343 351 354 367 372 380 382 384 387 389 390 394 395 399 402 403 406 408 409 411 414 415 419 420 425 427 430 433 435 445 447 449 450 455 456 461 463 465 468 470 474 480 482 488 492 493 497 500 501
316 398
317 258 322 324 329 334 343 351 367 372 389 390 395 399 402 403 406 408 409 414 415 420 425 427 430 433 435 445 447 450 456 461 463 468 470 474 480 482 492 497 500 501
318 344
319 381
320 265
321 354
322 401 324 329 333 334 343 351 354 367 372 380 382 384 387 389 390 394 395 399 402 403 406 408 409 414 415 419 420 425 427 430 433 435 445 447 449 450 455 456 461 463 465 468 470 474 480 482 492 493 497 500 501
323 258
324 341 329 333 334 343 351 367 372 380 384 387 389 390 394 395 399 402 403 406 408 409 414 415 419 420 425 427 430 433 435 445 447 449 450 455 456 461 463 465 468 470 474 480 482 492 497 500 501
325 381 406 430 474
326 262
327 357
328 478
329 254 333 334 337 343 351 354 367 369 372 380 382 384 387 389 390 394 395 399 402 403 406 408 409 411 414 415 419 420 422 425 427 430 433 435 443 445 447 449 450 455 456 461 463 465 468 470 474 480 482 488 492 493 497 500 501
330 268
331 408
332 295
333 297 334 343 351 367 372 387 389 390 394 395 399 402 403 406 408 409 414 415 419 420 425 427 430 433 435 445 447 450 455 456 461 463 465 468 470 474 480 482 492 497 500 501
334 458 337 343 351 354 367 372 380 382 384 387 389 390 394 395 399 402 403 406 408 409 411 414 415 419 420 422 425 427 430 433 435 445 447 449 450 455 456 461 463 465 468 470 474 480 482 488 492 493 497 500 501
335 251
336 291
337 434 351 367 372 389 390 395 399 402 403 406 408 414 415 420 425 427 430 435 445 450 456 470 474 482 497 500 501
338 252
339 314
340 417 351 372 395 406 414 415 420 427 430 435 445 450 474
341 256
342 327
343 408 351 354 367 372 380 382 384 387 389 390 394 395 399 402 403 406 408 409 414 415 419 420 425 427 430 433 435 445 447 449 450 455 456 461 463 465 468 470 474 480 482 492 493 497 500 501
344 295
345 297
346 387
347 285
348 328
349 358
350 291
351 351 353 354 356 362 367 369 371 372 380 382 384 387 388 389 390 394 395 398 399 402 403 404 406 408 409 410 411 414 415 419 420 422 425 427 428 430 431 433 435 436 443 445 447 448 449 450 455 456 457 461 462 463 465 466 468 470 471 474 480 482 488 492 493 495 497 500 501
352 449
353 257 367 372 389 395 406 414 415 420 427 430 435 445 450 474
354 294 367 372 389 390 395 399 402 403 406 408 409 414 415 420 425 427 430 435 445 450 456 463 468 470 474 480 482 497 500 501
355 424
356 264 406 427 430 474
357 312
358 373
359 289
360 338
361 474
362 250 372 406 414 415 420 427 430 435 445 450 474
363 276
364 363
365 268
366 369
367 354 369 372 380 382 384 387 389 390 394 395 398 399 402 403 404 406 408 409 410 411 414 415 419 420 422 425 427 428 430 431 433 435 436 443 445 447 449 450 455 456 457 461 462 463 465 468 470 474 480 482 488 492 493 495 497 500 501
368 318
369 328 372 389 395 399 406 414 415 420 425 427 430 435 445 450 470 474 500 501
370 414
371 266 406 414 415 420 427 430 435 445 450 474
372 320 380 382 384 387 389 390 394 395 398 399 402 403 404 406 408 409 410 411 414 415 419 420 422 425 427 428 430 431 433 435 436 443 445 447 449 450 455 456 457 461 462 463 465 468 470 471 474 480 482 488 492 493 495 497 500 501
373 473
374 254
375 273
376 460
377 262
378 278
379 465
380 257 389 390 394 395 399 402 403 406 408 409 414 415 420 425 427 430 433 435 445 447 450 456 461 463 468 470 474 480 482 492 497 500 501
381 278
382 491 389 390 395 399 402 403 406 408 409 414 415 420 425 427 430 435 445 450 456 463 468 470 474 480 482 497 500 501
383 253
384 256 389 390 394 395 399 402 403 406 408 409 414 415 420 425 427 430 433 435 445 447 450 456 461 463 468 470 474 480 482 492 497 500 501
385 443
386 270
387 287 389 390 394 395 399 402 403 406 408 409 414 415 419 420 425 427 430 433 435 445 447 449 450 455 456 461 463 465 468 470 474 480 482 492 497 500 501
388 429 406 414 420 427 430 445 450 474
389 270 390 394 395 398 399 402 403 404 406 408 409 410 411 414 415 419 420 422 425 427 428 430 431 433 435 436 443 445 447 449 450 455 456 457 461 462 463 465 468 470 474 480 482 488 492 493 495 497 500 501
390 301 394 395 399 402 403 406 408 409 411 414 415 419 420 422 425 427 430 433 435 445 447 449 450 455 456 461 463 465 468 470 474 480 482 488 492 493 497 500 501
391 479
392 250
393 271
394 437 395 399 402 403 406 408 409 414 415 419 420 425 427 430 433 435 445 447 449 450 455 456 461 463 465 468 470 474 480 482 492 497 500 501
395 275 398 399 402 403 404 406 408 409 410 411 414 415 419 420 422 425 427 428 430 431 433 435 436 443 445 447 449 450 455 456 457 461 462 463 465 468 470 471 474 480 482 488 492 493 495 497 500 501
396 288
397 496
398 250 406 414 415 420 427 430 435 445 450 474 500 501
399 254 402 403 406 408 409 411 414 415 419 420 422 425 427 430 433 435 445 447 449 450 455 456 461 463 465 468 470 474 480 482 488 492 493 497 500 501
400 429
401 284
402 287 403 406 408 409 411 414 415 419 420 422 425 427 430 433 435 445 447 449 450 455 456 461 463 465 468 470 474 480 482 488 492 493 497 500 501
403 413 406 408 409 411 414 415 419 420 425 427 430 433 435 445 447 449 450 455 456 461 463 465 468 470 474 480 482 488 492 493 497 500 501
404 253 406 414 415 420 427 430 435 445 450 474
405 334
406 393 408 409 410 411 414 415 419 420 421 422 425 427 428 430 431 433 435 436 443 445 447 448 449 450 455 456 457 461 462 463 465 466 468 470 471 474 480 482 488 492 493 495 497 500 501
407 292
408 315 409 411 414 415 419 420 425 427 430 433 435 445 447 449 450 455 456 461 463 465 468 470 474 480 482 488 492 493 497 500 501
409 402 414 415 419 420 425 427 430 433 435 445 447 449 450 455 456 461 463 465 468 470 474 480 482 492 497 500 501
410 264 414 415 420 425 427 430 435 445 450 474 500 501
411 334 414 415 420 425 427 430 435 445 450 456 470 474 482 497 500 501
412 375
413 250
414 375 415 419 420 422 425 427 428 430 431 433 435 436 443 445 447 448 449 450 455 456 457 461 462 463 465 468 470 471 474 480 482 488 492 493 495 497 500 501
415 430 419 420 422 425 427 428 430 431 433 435 436 443 445 447 448 449 450 455 456 457 461 462 463 465 468 470 471 474 480 482 488 492 493 495 497 500 501
416 262
417 308
418 453
419 263 420 425 427 430 433 435 445 447 449 450 455 456 461 463 465 468 470 474 480 482 492 497 500 501
420 284 422 425 427 428 430 431 433 435 436 443 445 447 448 449 450 455 456 457 461 462 463 465 468 470 471 474 480 482 488 492 493 495 497 500 501
421 460 430
422 265 425 427 430 435 445 450 470 474 497 500 501
423 275
424 350
425 307 427 430 431 433 435 436 443 445 447 449 450 455 456 457 461 463 465 468 470 474 480 482 488 492 493 495 497 500 501
426 343
427 405 428 430 431 433 435 436 443 445 447 448 449 450 455 456 457 461 462 463 465 466 468 470 471 474 480 482 488 492 493 495 497 500 501
428 295 430 435 445 450 474 501
429 300
430 434 431 433 435 436 443 445 447 448 449 450 455 456 457 461 462 463 465 466 468 470 471 474 480 482 488 492 493 495 497 500 501
431 259 435 445 450 474 500 501
432 307
433 389 435 445 447 449 450 455 456 461 463 465 468 470 474 480 482 492 497 500 501
434 281
435 330 436 443 445 447 448 449 450 455 456 457 461 462 463 465 468 470 471 474 480 482 488 492 493 495 497 500 501
436 462 445 450 470 474 500 501
437 263
438 275
439 356
440 310
441 334
442 484
443 254 445 450 470 474 500 501
444 262
445 392 447 448 449 450 455 456 457 461 462 463 465 466 468 470 471 474 480 482 488 492 493 495 497 500 501
446 263
447 345 449 450 455 456 461 463 465 468 470 474 480 482 492 497 500 501
448 467 450 474
449 255 450 455 456 461 463 465 468 470 474 480 482 492 497 500 501
450 278 455 456 457 461 462 463 465 468 470 471 474 480 482 488 492 493 495 497 500 501
451 488
452 255
453 257
454 490
455 253 456 461 463 465 468 470 474 480 482 492 497 500 501
456 257 461 463 465 468 470 474 480 482 488 492 493 497 500 501
457 354 474 500 501
458 279
459 367
460 454
461 260 463 465 468 470 474 480 482 492 497 500 501
462 286 474 500 501
463 387 465 468 470 474 480 482 492 493 497 500 501
464 293
465 320 468 470 474 480 482 492 497 500 501
466 430 474
467 281
468 289 470 474 480 482 492 493 497 500 501
469 470
470 257 474 480 482 488 492 493 495 497 500 501
471 273 474
472 423
473 278
474 299 480 482 488 492 493 495 497 500 501
475 355
476 316
477 329
478 490
479 250
480 260 482 492 497 500 501
481 412
482 253 488 492 493 497 500 501
483 335
484 350
485 301
486 349
487 446
488 262 497 500 501
489 292
490 381
491 274
492 345 497 500 501
493 440 497 500 501
494 264
495 296 500 501
496 404
497 273 500 501
498 323
499 498
500 250 501
501 252
