120 150
1 91
2 55
3 60
4 37 10 14 36 41 55 64 70 74 93 98 109
5 86
6 21
7 21 8 9 10 13 14 15 16 19 23 25 26 30 35 36 37 39 41 42 45 47 51 52 55 56 62 64 67 68 70 71 74 76 80 88 89 90 93 95 98 103 106 107 109 113 117
8 43 10 14 36 41 55 64 67 68 70 74 93 98 109
9 77 10 13 14 15 16 19 23 25 26 30 36 39 41 42 47 51 52 55 62 64 67 68 70 71 74 76 80 88 89 90 93 95 98 107 109 113 117
10 75 13 14 15 16 19 23 25 26 30 35 36 37 39 41 42 45 47 48 51 52 55 56 60 62 64 67 68 70 71 74 76 80 84 88 89 90 91 93 95 98 102 103 106 107 109 113 117 118
11 92
12 33
13 59 14 26 30 36 41 55 64 67 68 70 74 88 89 93 98 109
14 74 15 16 19 23 25 26 30 35 36 37 39 41 42 45 47 48 51 52 55 56 60 62 64 67 68 70 71 74 76 80 84 88 89 90 93 95 98 102 103 106 107 109 113 117
15 40 26 30 36 41 55 64 67 68 70 74 88 89 93 98 109
16 36 26 36 41 55 64 67 68 70 74 93 98 109
17 62
18 21
19 56 23 25 26 30 36 39 41 42 51 52 55 64 67 68 70 74 80 88 89 93 95 98 107 109 117
20 38
21 22
22 45
23 94 25 26 30 36 39 41 42 51 52 55 64 67 68 70 74 80 88 89 93 95 98 109 117
24 68
25 83 26 30 36 39 41 42 51 52 55 62 64 67 68 70 71 74 80 88 89 93 95 98 107 109 117
26 86 30 35 36 37 39 41 42 45 47 51 52 55 56 62 64 67 68 70 71 74 76 80 88 89 90 93 95 98 103 106 107 109 113 117
27 75
28 21
29 40
30 44 36 39 41 42 51 52 55 62 64 67 68 70 71 74 80 88 89 93 95 98 107 109 113 117
31 74
32 52
33 61
34 95
35 20 36 41 55 64 67 68 70 74 93 98 109
36 79 37 39 41 42 45 47 48 51 52 55 56 60 62 64 67 68 70 71 74 76 80 88 89 90 93 95 98 103 106 107 109 113 117
37 76 41 55 64 67 68 70 74 93 98 109
38 32
39 21 41 42 51 52 55 64 67 68 70 74 80 88 89 93 95 98 109 117
40 91
41 83 42 45 47 48 51 52 55 56 60 62 64 67 68 70 71 74 76 80 88 89 90 93 95 98 103 106 107 109 113 117
42 39 51 52 55 64 67 68 70 74 88 89 93 95 98 109 117
43 31
44 81
45 41 55 64 67 68 70 74 93 98 109
46 90
47 74 55 64 67 68 70 74 93 98 109
48 100 55 64 70 74 93 98 109
49 38
50 33
51 74 52 55 64 67 68 70 74 80 88 89 93 95 98 109 117
52 40 55 64 67 68 70 74 80 88 89 93 95 98 107 109 117
53 80
54 39
55 22 56 60 62 64 67 68 70 71 74 76 80 84 88 89 90 93 95 98 102 103 106 107 109 113 117
56 46 64 67 68 70 74 93 98 109
57 58
58 65
59 67
60 37 64 70 74 93 98 109
61 82
62 64 64 67 68 70 74 88 89 93 98 109
63 26
64 80 67 68 70 71 74 76 80 88 89 90 93 95 98 103 106 107 109 113 117
65 74
66 20
67 62 68 70 71 74 76 80 88 89 90 93 95 98 103 106 107 109 113 117
68 82 70 71 74 76 80 88 89 90 93 95 98 103 106 107 109 113 117
69 40
70 28 71 74 76 80 84 88 89 90 93 95 98 102 103 106 107 109 113 117
71 72 74 88 89 93 98 109
72 45
73 62
74 72 76 80 84 88 89 90 93 95 98 102 103 106 107 109 113 117
75 89
76 31 89 93 98 109
77 92
78 63
79 89
80 33 88 89 93 95 98 109 117
81 25
82 54
83 66
84 100 98 109
85 20
86 90
87 87
88 48 89 93 95 98 107 109 117
89 28 93 95 98 107 109 113 117
90 46 93 98 109
91 76 98
92 50
93 66 95 98 103 106 107 109 113 117
94 30
95 26 98 109 117
96 23
97 40
98 70 102 103 106 107 109 113 117 118
99 57
100 92
101 52
102 54 109
103 27 109
104 58
105 66
106 65 109
107 93 109
108 83
109 37 113 117
110 62
111 94
112 29
113 66
114 98
115 20
116 66
117 42
118 52
119 90
120 22
