250 150
1 81 10 11 12 15 21 23 32 34 36 38 40 41 42 44 51 52 55 56 64 65 67 68 70 74 75 80 83 87 90 91 97 98 108 109 110 111 117 119 125 126 127 128 130 132 135 136 142 151 153 154 158 162 168 170 172 174 176 178 179 183 184 187 190 193 197 198 201 204 205 207 208 211 212 213 219 222 223 224 225 226 233 234 239 242 246 248
2 41
3 27 12 15 23 36 38 41 44 52 67 68 70 75 83 90 117 125 126 127 128 135 136 142 151 153 154 158 168 170 176 178 179 183 184 197 198 204 205 211 212 219 222 224 225 226 234 239
4 95 10 11 12 15 21 23 26 31 32 34 36 38 40 41 42 44 48 51 52 55 56 59 61 64 65 67 68 70 74 75 76 78 80 83 87 90 91 97 98 102 106 108 109 110 111 117 119 125 126 127 128 130 132 133 135 136 139 142 151 153 154 158 159 162 168 170 172 174 176 178 179 183 184 187 189 190 193 194 197 198 201 204 205 207 208 211 212 213 219 222 223 224 225 226 233 234 236 239 242 246 248
5 46 12 15 23 36 38 41 44 52 67 68 70 74 75 83 90 91 109 110 111 117 125 126 127 128 130 135 136 142 151 153 154 158 162 168 170 176 178 179 183 184 190 193 197 198 204 205 208 211 212 219 222 224 225 226 233 234 239 246
6 69 12 15 23 36 38 41 44 52 67 68 70 74 75 83 87 90 91 109 110 111 117 125 126 127 128 130 135 136 142 151 153 154 158 162 168 170 176 178 179 183 184 190 193 197 198 204 205 208 211 212 219 222 223 224 225 226 233 234 239 242 246
7 45
8 39
9 32 12 23 36 38 41 44 52 83 117 126 127 128 136 151 153 154 158 168 170 176 178 184 197 198 211 212 219 222 224 225
10 98 11 12 15 19 21 23 26 31 32 34 36 38 40 41 42 44 48 51 52 55 56 58 59 61 62 64 65 67 68 70 74 75 76 78 80 83 87 88 89 90 91 92 97 98 102 103 106 108 109 110 111 117 119 120 125 126 127 128 130 132 133 135 136 139 141 142 149 150 151 153 154 158 159 160 162 164 168 169 170 171 172 174 176 178 179 183 184 185 187 189 190 193 194 197 198 201 204 205 207 208 211 212 213 219 221 222 223 224 225 226 233 234 236 239 241 242 245 246 247 248 250
11 41 12 15 19 21 23 26 29 31 32 34 36 38 40 41 42 44 48 50 51 52 55 56 58 59 61 62 64 65 67 68 69 70 74 75 76 78 80 83 87 88 89 90 91 92 94 97 98 102 103 106 108 109 110 111 117 118 119 120 125 126 127 128 129 130 132 133 135 136 139 141 142 149 150 151 153 154 158 159 160 162 164 168 169 170 171 172 174 176 178 179 183 184 185 187 189 190 193 194 197 198 201 204 205 207 208 209 211 212 213 217 219 221 222 223 224 225 226 229 230 233 234 236 239 240 241 242 245 246 247 248 250
12 46 13 14 15 16 17 19 20 21 22 23 24 25 26 29 30 31 32 33 34 35 36 37 38 39 40 41 42 44 46 48 49 50 51 52 54 55 56 57 58 59 60 61 62 64 65 66 67 68 69 70 72 74 75 76 77 78 80 82 83 84 86 87 88 89 90 91 92 93 94 96 97 98 101 102 103 104 105 106 108 109 110 111 113 115 116 117 118 119 120 123 124 125 126 127 128 129 130 131 132 133 135 136 137 138 139 141 142 143 144 146 149 150 151 152 153 154 155 157 158 159 160 162 164 166 168 169 170 171 172 174 175 176 178 179 180 182 183 184 185 186 187 189 190 192 193 194 196 197 198 199 200 201 203 204 205 206 207 208 209 210 211 212 213 214 216 217 218 219 220 221 222 223 224 225 226 229 230 231 233 234 236 238 239 240 241 242 245 246 247 248 250
13 100 23 36 38 41 52 83 117 126 127 128 136 151 153 154 158 168 170 176 178 184 197 198 211 212 219 222 224 225
14 86 15 23 36 38 41 44 52 67 68 70 75 83 90 117 125 126 127 128 135 136 142 151 153 154 158 168 170 176 178 179 183 184 197 198 204 205 211 212 219 222 224 225 226 234 239
15 84 16 19 20 21 23 25 26 29 31 32 34 36 38 40 41 42 44 48 50 51 52 54 55 56 58 59 61 62 64 65 67 68 69 70 72 74 75 76 77 78 80 82 83 87 88 89 90 91 92 94 97 98 101 102 103 105 106 108 109 110 111 115 117 118 119 120 123 125 126 127 128 129 130 132 133 135 136 139 141 142 143 144 146 149 150 151 152 153 154 155 158 159 160 162 164 166 168 169 170 171 172 174 175 176 178 179 183 184 185 187 189 190 192 193 194 196 197 198 199 200 201 204 205 207 208 209 210 211 212 213 217 219 221 222 223 224 225 226 229 230 233 234 236 238 239 240 241 242 245 246 247 248 250
16 39 23 36 38 41 44 52 67 68 70 74 75 83 90 110 111 117 125 126 127 128 135 136 142 151 153 154 158 162 168 170 176 178 179 183 184 190 197 198 204 205 208 211 212 219 222 224 225 226 234 239 246
17 67 23 36 38 41 44 52 67 75 83 90 117 126 127 128 135 136 151 153 154 158 168 170 176 178 179 183 184 197 198 204 211 212 219 222 224 225 234 239
18 34
19 92 21 23 26 31 32 34 36 38 40 41 42 44 48 51 52 55 56 59 61 64 65 67 68 70 74 75 76 78 80 83 87 90 91 92 97 98 102 106 108 109 110 111 117 119 125 126 127 128 130 132 133 135 136 139 142 151 153 154 158 159 162 168 170 172 174 176 178 179 183 184 187 189 190 193 194 197 198 201 204 205 207 208 211 212 213 219 222 223 224 225 226 233 234 236 239 242 246 248
20 59 23 36 38 41 44 52 67 68 70 74 75 83 90 110 111 117 125 126 127 128 135 136 142 151 153 154 158 162 168 170 176 178 179 183 184 190 197 198 204 205 208 211 212 219 222 224 225 226 234 239 246
21 43 23 26 31 32 34 36 38 40 41 42 44 48 51 52 55 56 58 59 61 62 64 65 67 68 70 74 75 76 78 80 83 87 88 89 90 91 92 97 98 102 103 106 108 109 110 111 117 119 120 125 126 127 128 130 132 133 135 136 139 141 142 149 150 151 153 154 158 159 162 164 168 170 171 172 174 176 178 179 183 184 185 187 189 190 193 194 197 198 201 204 205 207 208 211 212 213 219 221 222 223 224 225 226 233 234 236 239 241 242 245 246 247 248
22 21 23 36 38 117 128 136 158 170 176 178 197 211 219 224 225
23 56 24 25 26 29 30 31 32 33 34 35 36 37 38 39 40 41 42 44 46 48 49 50 51 52 54 55 56 57 58 59 60 61 62 64 65 66 67 68 69 70 72 74 75 76 77 78 80 81 82 83 84 86 87 88 89 90 91 92 93 94 96 97 98 101 102 103 104 105 106 108 109 110 111 112 113 115 116 117 118 119 120 123 124 125 126 127 128 129 130 131 132 133 135 136 137 138 139 141 142 143 144 146 149 150 151 152 153 154 155 157 158 159 160 162 164 166 168 169 170 171 172 174 175 176 178 179 180 182 183 184 185 186 187 189 190 192 193 194 196 197 198 199 200 201 203 204 205 206 207 208 209 210 211 212 213 214 216 217 218 219 220 221 222 223 224 225 226 229 230 231 233 234 236 238 239 240 241 242 245 246 247 248 250
24 88 36 38 83 117 128 136 151 153 154 158 170 176 178 184 197 198 211 212 219 222 224 225
25 26 36 38 41 44 52 67 68 70 74 75 83 90 117 125 126 127 128 135 136 142 151 153 154 158 162 168 170 176 178 179 183 184 190 197 198 204 205 208 211 212 219 222 224 225 226 234 239
26 35 31 32 34 36 38 40 41 42 44 48 51 52 55 56 59 61 64 65 67 68 70 74 75 76 78 80 83 87 89 90 91 92 97 98 102 106 108 109 110 111 117 119 125 126 127 128 130 132 133 135 136 139 142 151 153 154 158 159 162 168 170 171 172 174 176 178 179 183 184 185 187 189 190 193 194 197 198 201 204 205 207 208 211 212 213 219 222 223 224 225 226 233 234 236 239 242 245 246 248
27 51
28 22
29 100 36 38 40 41 44 52 67 68 70 74 75 83 87 90 91 98 109 110 111 117 125 126 127 128 130 135 136 142 151 153 154 158 162 168 170 176 178 179 183 184 190 193 197 198 201 204 205 207 208 211 212 219 222 223 224 225 226 233 234 239 242 246
30 96 36 38 136 158 176 178 197 219 224 225
31 49 32 34 36 38 40 41 42 44 48 51 52 55 56 58 59 61 62 64 65 67 68 70 74 75 76 78 80 83 87 88 89 90 91 92 97 98 102 106 108 109 110 111 117 119 120 125 126 127 128 130 132 133 135 136 139 142 149 150 151 153 154 158 159 162 164 168 170 171 172 174 176 178 179 183 184 185 187 189 190 193 194 197 198 201 204 205 207 208 211 212 213 219 221 222 223 224 225 226 233 234 236 239 241 242 245 246 247 248
32 95 34 36 38 40 41 42 44 48 51 52 55 56 58 59 61 62 64 65 67 68 70 74 75 76 78 80 83 87 88 89 90 91 92 97 98 102 103 106 108 109 110 111 117 119 120 125 126 127 128 130 132 133 135 136 139 141 142 149 150 151 153 154 158 159 162 164 168 170 171 172 174 176 178 179 183 184 185 187 189 190 193 194 197 198 201 204 205 207 208 211 212 213 219 221 222 223 224 225 226 233 234 236 239 241 242 245 246 247 248
33 38 36 38 117 128 136 158 170 176 178 197 211 212 219 224 225
34 62 36 38 40 41 42 44 48 51 52 55 56 58 59 61 62 64 65 67 68 70 74 75 76 78 80 83 87 88 89 90 91 92 97 98 102 106 108 109 110 111 117 119 120 125 126 127 128 130 132 133 135 136 139 142 149 150 151 153 154 158 159 162 164 168 170 171 172 174 176 178 179 183 184 185 187 189 190 193 194 197 198 201 204 205 207 208 211 212 213 219 221 222 223 224 225 226 233 234 236 239 241 242 245 246 247 248
35 63 36 38 83 117 128 136 158 170 176 178 197 198 211 212 219 222 224 225
36 97 37 38 39 40 41 42 44 46 48 49 50 51 52 54 55 56 57 58 59 60 61 62 64 65 66 67 68 69 70 72 73 74 75 76 77 78 80 81 82 83 84 86 87 88 89 90 91 92 93 94 96 97 98 100 101 102 103 104 105 106 108 109 110 111 112 113 115 116 117 118 119 120 123 124 125 126 127 128 129 130 131 132 133 135 136 137 138 139 141 142 143 144 146 149 150 151 152 153 154 155 157 158 159 160 162 164 166 168 169 170 171 172 174 175 176 178 179 180 182 183 184 185 186 187 189 190 192 193 194 196 197 198 199 200 201 203 204 205 206 207 208 209 210 211 212 213 214 216 217 218 219 220 221 222 223 224 225 226 229 230 231 233 234 236 238 239 240 241 242 245 246 247 248 250
37 42 38 41 44 52 67 75 83 90 117 125 126 127 128 135 136 151 153 154 158 168 170 176 178 179 183 184 197 198 204 211 212 219 222 224 225 234 239
38 62 39 40 41 42 44 46 48 49 50 51 52 54 55 56 57 58 59 60 61 62 64 65 66 67 68 69 70 72 74 75 76 77 78 80 82 83 84 87 88 89 90 91 92 93 94 96 97 98 101 102 103 104 105 106 108 109 110 111 113 115 116 117 118 119 120 123 124 125 126 127 128 129 130 131 132 133 135 136 137 139 141 142 143 144 146 149 150 151 152 153 154 155 157 158 159 160 162 164 166 168 169 170 171 172 174 175 176 178 179 180 182 183 184 185 187 189 190 192 193 194 196 197 198 199 200 201 203 204 205 206 207 208 209 210 211 212 213 214 216 217 218 219 220 221 222 223 224 225 226 229 230 231 233 234 236 238 239 240 241 242 245 246 247 248 250
39 100 41 44 52 67 68 70 75 83 90 117 125 126 127 128 135 136 151 153 154 158 168 170 176 178 179 183 184 197 198 204 211 212 219 222 224 225 226 234 239
40 43 41 42 44 48 51 52 55 56 58 59 61 62 64 65 67 68 69 70 74 75 76 78 80 83 87 88 89 90 91 92 94 97 98 102 103 106 108 109 110 111 117 118 119 120 125 126 127 128 129 130 132 133 135 136 139 141 142 149 150 151 153 154 158 159 160 162 164 168 169 170 171 172 174 176 178 179 183 184 185 187 189 190 193 194 197 198 201 204 205 207 208 209 211 212 213 217 219 221 222 223 224 225 226 229 233 234 236 239 241 242 245 246 247 248 250
41 44 42 44 46 48 50 51 52 54 55 56 58 59 61 62 64 65 67 68 69 70 72 74 75 76 77 78 80 82 83 87 88 89 90 91 92 93 94 96 97 98 101 102 103 105 106 108 109 110 111 115 117 118 119 120 123 124 125 126 127 128 129 130 131 132 133 135 136 137 139 141 142 143 144 146 149 150 151 152 153 154 155 158 159 160 162 164 166 168 169 170 171 172 174 175 176 178 179 183 184 185 187 189 190 192 193 194 196 197 198 199 200 201 203 204 205 206 207 208 209 210 211 212 213 214 217 219 221 222 223 224 225 226 229 230 231 233 234 236 238 239 240 241 242 245 246 247 248 250
42 77 44 48 51 52 55 56 58 59 61 62 64 65 67 68 70 74 75 76 78 80 83 87 88 89 90 91 92 97 98 102 103 106 108 109 110 111 117 119 120 125 126 127 128 130 132 133 135 136 139 141 142 149 150 151 153 154 158 159 160 162 164 168 169 170 171 172 174 176 178 179 183 184 185 187 189 190 193 194 197 198 201 204 205 207 208 209 211 212 213 219 221 222 223 224 225 226 233 234 236 239 241 242 245 246 247 248 250
43 97
44 94 46 48 50 51 52 54 55 56 58 59 61 62 64 65 67 68 69 70 72 74 75 76 77 78 80 82 83 87 88 89 90 91 92 93 94 96 97 98 101 102 103 105 106 108 109 110 111 115 117 118 119 120 123 124 125 126 127 128 129 130 131 132 133 135 136 137 139 141 142 143 144 146 149 150 151 152 153 154 155 158 159 160 162 164 166 168 169 170 171 172 174 175 176 178 179 183 184 185 187 189 190 192 193 194 196 197 198 199 200 201 203 204 205 206 207 208 209 210 211 212 213 214 217 219 221 222 223 224 225 226 229 230 231 233 234 236 238 239 240 241 242 245 246 247 248 250
45 68
46 23 52 75 83 90 117 126 127 128 135 136 151 153 154 158 168 170 176 178 184 197 198 211 212 219 222 224 225 234
47 50
48 36 51 52 55 56 59 61 64 65 67 68 70 74 75 76 78 80 83 87 89 90 91 92 97 98 102 106 108 109 110 111 117 119 125 126 127 128 130 132 133 135 136 139 142 151 153 154 158 159 162 168 170 171 172 174 176 178 179 183 184 185 187 189 190 193 194 197 198 201 204 205 207 208 211 212 213 219 222 223 224 225 226 233 234 236 239 242 245 246 248
49 89 52 83 117 126 127 128 136 151 153 154 158 168 170 176 178 184 197 198 211 212 219 222 224 225
50 58 52 67 68 70 74 75 83 87 90 91 109 110 111 117 125 126 127 128 130 135 136 142 151 153 154 158 162 168 170 176 178 179 183 184 190 193 197 198 201 204 205 208 211 212 219 222 223 224 225 226 233 234 239 242 246
51 97 52 55 56 58 59 61 62 64 65 67 68 70 74 75 76 78 80 83 87 88 89 90 91 92 97 98 102 103 106 108 109 110 111 117 119 120 125 126 127 128 130 132 133 135 136 139 141 142 149 150 151 153 154 158 159 162 164 168 170 171 172 174 176 178 179 183 184 185 187 189 190 193 194 197 198 201 204 205 207 208 211 212 213 219 221 222 223 224 225 226 233 234 236 239 241 242 245 246 247 248
52 27 54 55 56 58 59 61 62 64 65 67 68 69 70 72 74 75 76 77 78 80 82 83 87 88 89 90 91 92 93 94 96 97 98 101 102 103 105 106 108 109 110 111 115 117 118 119 120 123 124 125 126 127 128 129 130 131 132 133 135 136 137 139 141 142 143 144 146 149 150 151 152 153 154 155 158 159 160 162 164 166 168 169 170 171 172 174 175 176 178 179 183 184 185 187 189 190 192 193 194 196 197 198 199 200 201 203 204 205 206 207 208 209 210 211 212 213 214 217 219 221 222 223 224 225 226 229 230 231 233 234 236 238 239 240 241 242 245 246 247 248 250
53 64
54 65 67 68 70 74 75 83 90 117 125 126 127 128 135 136 142 151 153 154 158 162 168 170 176 178 179 183 184 197 198 204 205 208 211 212 219 222 224 225 226 234 239
55 54 56 58 59 61 62 64 65 67 68 70 74 75 76 78 80 83 87 88 89 90 91 92 94 97 98 102 103 106 108 109 110 111 117 118 119 120 125 126 127 128 130 132 133 135 136 139 141 142 149 150 151 153 154 158 159 160 162 164 168 169 170 171 172 174 176 178 179 183 184 185 187 189 190 193 194 197 198 201 204 205 207 208 209 211 212 213 217 219 221 222 223 224 225 226 233 234 236 239 241 242 245 246 247 248 250
56 58 58 59 61 62 64 65 67 68 70 74 75 76 78 80 83 87 88 89 90 91 92 97 98 102 103 106 108 109 110 111 117 119 120 125 126 127 128 130 132 133 135 136 139 141 142 149 150 151 153 154 158 159 160 162 164 168 170 171 172 174 176 178 179 183 184 185 187 189 190 193 194 197 198 201 204 205 207 208 211 212 213 219 221 222 223 224 225 226 233 234 236 239 241 242 245 246 247 248 250
57 24 83 117 128 136 158 170 176 178 197 198 211 212 219 222 224 225
58 35 64 65 67 68 70 74 75 80 83 87 90 91 97 98 108 109 110 111 117 119 125 126 127 128 130 132 135 136 142 151 153 154 158 159 162 168 170 172 174 176 178 179 183 184 187 190 193 197 198 201 204 205 207 208 211 212 213 219 222 223 224 225 226 233 234 236 239 242 246 248
59 33 61 62 64 65 67 68 70 74 75 76 78 80 83 87 88 89 90 91 92 97 98 102 106 108 109 110 111 117 119 125 126 127 128 130 132 133 135 136 139 142 151 153 154 158 159 162 168 170 171 172 174 176 178 179 183 184 185 187 189 190 193 194 197 198 201 204 205 207 208 211 212 213 219 222 223 224 225 226 233 234 236 239 242 245 246 247 248
60 63 83 117 128 136 158 170 176 178 197 198 211 212 219 222 224 225
61 32 64 65 67 68 70 74 75 76 78 80 83 87 88 89 90 91 92 97 98 102 106 108 109 110 111 117 119 125 126 127 128 130 132 133 135 136 139 142 151 153 154 158 159 162 168 170 171 172 174 176 178 179 183 184 185 187 189 190 193 194 197 198 201 204 205 207 208 211 212 213 219 222 223 224 225 226 233 234 236 239 242 245 246 248
62 50 64 65 67 68 70 74 75 76 80 83 87 90 91 97 98 102 108 109 110 111 117 119 125 126 127 128 130 132 135 136 142 151 153 154 158 159 162 168 170 172 174 176 178 179 183 184 187 189 190 193 194 197 198 201 204 205 207 208 211 212 213 219 222 223 224 225 226 233 234 236 239 242 246 248
63 58
64 90 65 67 68 70 74 75 76 78 80 83 87 88 89 90 91 92 94 97 98 102 103 106 108 109 110 111 117 118 119 120 125 126 127 128 130 132 133 135 136 139 141 142 149 150 151 153 154 158 159 160 162 164 168 169 170 171 172 174 176 178 179 183 184 185 187 189 190 193 194 197 198 201 204 205 207 208 209 211 212 213 217 219 221 222 223 224 225 226 233 234 236 239 241 242 245 246 247 248 250
65 44 67 68 70 74 75 76 78 80 83 87 88 89 90 91 92 97 98 102 103 106 108 109 110 111 117 118 119 120 125 126 127 128 130 132 133 135 136 139 141 142 149 150 151 153 154 158 159 160 162 164 168 169 170 171 172 174 176 178 179 183 184 185 187 189 190 193 194 197 198 201 204 205 207 208 209 211 212 213 217 219 221 222 223 224 225 226 233 234 236 239 241 242 245 246 247 248 250
66 50 83 117 128 136 158 170 176 178 197 198 211 212 219 222 224 225
67 48 68 69 70 72 74 75 76 77 78 80 82 83 87 88 89 90 91 92 94 97 98 101 102 103 105 106 108 109 110 111 115 117 118 119 120 123 124 125 126 127 128 129 130 131 132 133 135 136 139 141 142 143 144 146 149 150 151 152 153 154 155 158 159 160 162 164 166 168 169 170 171 172 174 175 176 178 179 183 184 185 187 189 190 192 193 194 196 197 198 199 200 201 203 204 205 207 208 209 210 211 212 213 214 217 219 221 222 223 224 225 226 229 230 233 234 236 238 239 240 241 242 245 246 247 248 250
68 21 69 70 72 74 75 76 77 78 80 82 83 87 88 89 90 91 92 94 97 98 101 102 103 105 106 108 109 110 111 115 117 118 119 120 123 125 126 127 128 129 130 132 133 135 136 139 141 142 143 144 146 149 150 151 152 153 154 155 158 159 160 162 164 166 168 169 170 171 172 174 175 176 178 179 183 184 185 187 189 190 192 193 194 196 197 198 199 200 201 204 205 207 208 209 210 211 212 213 217 219 221 222 223 224 225 226 229 230 233 234 236 238 239 240 241 242 245 246 247 248 250
69 72 70 74 75 83 87 90 91 98 109 110 111 117 125 126 127 128 130 135 136 142 151 153 154 158 162 168 170 172 174 176 178 179 183 184 190 193 197 198 201 204 205 207 208 211 212 213 219 222 223 224 225 226 233 234 239 242 246
70 75 72 74 75 76 77 78 80 82 83 87 88 89 90 91 92 94 97 98 101 102 103 105 106 108 109 110 111 115 117 118 119 120 123 124 125 126 127 128 129 130 131 132 133 135 136 139 141 142 143 144 146 149 150 151 152 153 154 155 158 159 160 162 164 166 168 169 170 171 172 174 175 176 178 179 183 184 185 187 189 190 192 193 194 196 197 198 199 200 201 204 205 207 208 209 210 211 212 213 214 217 219 221 222 223 224 225 226 229 230 233 234 236 238 239 240 241 242 245 246 247 248 250
71 21
72 74 75 83 90 117 125 126 127 128 135 136 142 151 153 154 158 168 170 176 178 179 183 184 197 198 204 205 211 212 219 222 224 225 226 234 239
73 28 178 197
74 95 75 76 77 78 80 82 83 87 88 89 90 91 92 94 97 98 101 102 103 105 106 108 109 110 111 115 117 118 119 120 123 125 126 127 128 129 130 132 133 135 136 139 141 142 144 146 149 150 151 152 153 154 155 158 159 160 162 164 166 168 169 170 171 172 174 175 176 178 179 183 184 185 187 189 190 192 193 194 196 197 198 199 200 201 204 205 207 208 209 210 211 212 213 217 219 221 222 223 224 225 226 229 230 233 234 236 238 239 240 241 242 245 246 247 248 250
75 77 76 77 78 80 82 83 87 88 89 90 91 92 94 96 97 98 101 102 103 105 106 108 109 110 111 115 117 118 119 120 123 124 125 126 127 128 129 130 131 132 133 135 136 137 139 141 142 143 144 146 149 150 151 152 153 154 155 158 159 160 162 164 166 168 169 170 171 172 174 175 176 178 179 183 184 185 187 189 190 192 193 194 196 197 198 199 200 201 203 204 205 206 207 208 209 210 211 212 213 214 217 219 221 222 223 224 225 226 229 230 231 233 234 236 238 239 240 241 242 245 246 247 248 250
76 69 78 80 83 87 88 89 90 91 92 97 98 102 106 108 109 110 111 117 119 125 126 127 128 130 132 133 135 136 139 142 151 153 154 158 159 162 168 170 171 172 174 176 178 179 183 184 185 187 189 190 193 194 197 198 201 204 205 207 208 211 212 213 219 222 223 224 225 226 233 234 236 239 242 245 246 248
77 96 83 90 117 125 126 127 128 135 136 142 151 153 154 158 162 168 170 176 178 179 183 184 197 198 204 205 208 211 212 219 222 224 225 226 234 239
78 24 80 83 87 89 90 91 92 97 98 102 106 108 109 110 111 117 119 125 126 127 128 130 132 133 135 136 139 142 151 153 154 158 159 162 168 170 171 172 174 176 178 179 183 184 185 187 189 190 193 194 197 198 201 204 205 207 208 211 212 213 219 222 223 224 225 226 233 234 236 239 242 245 246 248
79 57
80 85 83 87 88 89 90 91 92 97 98 102 103 106 108 109 110 111 117 119 120 125 126 127 128 130 132 133 135 136 139 141 142 149 150 151 153 154 158 159 160 162 164 168 169 170 171 172 174 176 178 179 183 184 185 187 189 190 193 194 197 198 201 204 205 207 208 211 212 213 219 221 222 223 224 225 226 233 234 236 239 241 242 245 246 247 248 250
81 72 178 197 225
82 96 83 90 110 111 117 125 126 127 128 135 136 142 151 153 154 158 162 168 170 176 178 179 183 184 190 197 198 204 205 208 211 212 219 222 224 225 226 234 239 246
83 50 87 88 89 90 91 92 93 94 96 97 98 101 102 103 104 105 106 108 109 110 111 113 115 116 117 118 119 120 123 124 125 126 127 128 129 130 131 132 133 135 136 137 139 141 142 143 144 146 149 150 151 152 153 154 155 157 158 159 160 162 164 166 168 169 170 171 172 174 175 176 178 179 183 184 185 187 189 190 192 193 194 196 197 198 199 200 201 203 204 205 206 207 208 209 210 211 212 213 214 217 218 219 220 221 222 223 224 225 226 229 230 231 233 234 236 238 239 240 241 242 245 246 247 248 250
84 83 136 158 176 178 197 219 224 225
85 65
86 62 136 176 178 197 224 225
87 99 88 89 90 91 92 94 97 98 102 103 106 108 109 110 111 117 118 119 120 125 126 127 128 129 130 132 133 135 136 139 141 142 149 150 151 153 154 158 159 160 162 164 168 169 170 171 172 174 176 178 179 183 184 185 187 189 190 193 194 197 198 201 204 205 207 208 209 211 212 213 217 219 221 222 223 224 225 226 229 230 233 234 236 239 240 241 242 245 246 247 248 250
88 93 90 91 97 98 102 108 109 110 111 117 119 125 126 127 128 130 132 135 136 142 151 153 154 158 159 162 168 170 172 174 176 178 179 183 184 187 189 190 193 194 197 198 201 204 205 207 208 211 212 213 219 222 223 224 225 226 233 234 236 239 242 246 248
89 23 90 91 97 98 102 106 108 109 110 111 117 119 125 126 127 128 130 132 133 135 136 139 142 151 153 154 158 159 162 168 170 172 174 176 178 179 183 184 187 189 190 193 194 197 198 201 204 205 207 208 211 212 213 219 222 223 224 225 226 233 234 236 239 242 246 248
90 77 91 92 94 96 97 98 101 102 103 105 106 108 109 110 111 115 117 118 119 120 123 124 125 126 127 128 129 130 131 132 133 135 136 139 141 142 143 144 146 149 150 151 152 153 154 155 158 159 160 162 164 166 168 169 170 171 172 174 175 176 178 179 183 184 185 187 189 190 192 193 194 196 197 198 199 200 201 203 204 205 206 207 208 209 210 211 212 213 214 217 219 221 222 223 224 225 226 229 230 233 234 236 238 239 240 241 242 245 246 247 248 250
91 94 92 94 97 98 102 103 106 108 109 110 111 115 117 118 119 120 125 126 127 128 129 130 132 133 135 136 139 141 142 149 150 151 152 153 154 158 159 160 162 164 166 168 169 170 171 172 174 176 178 179 183 184 185 187 189 190 192 193 194 196 197 198 201 204 205 207 208 209 210 211 212 213 217 219 221 222 223 224 225 226 229 230 233 234 236 238 239 240 241 242 245 246 247 248 250
92 31 97 98 102 106 108 109 110 111 117 119 125 126 127 128 130 132 133 135 136 139 142 151 153 154 158 159 162 168 170 172 174 176 178 179 183 184 187 189 190 193 194 197 198 201 204 205 207 208 211 212 213 219 222 223 224 225 226 233 234 236 239 242 246 248
93 50 117 126 127 128 135 136 151 153 154 158 168 170 176 178 184 197 198 211 212 219 222 224 225
94 33 98 109 110 111 117 125 126 127 128 130 135 136 142 151 153 154 158 162 168 170 172 174 176 178 179 183 184 190 193 197 198 201 204 205 207 208 211 212 213 219 222 223 224 225 226 233 234 239 242 246
95 79
96 73 117 126 127 128 135 136 151 153 154 158 168 170 176 178 184 197 198 211 212 219 222 224 225 234
97 23 98 102 103 106 108 109 110 111 117 118 119 120 125 126 127 128 130 132 133 135 136 139 141 142 149 150 151 153 154 158 159 160 162 164 168 169 170 171 172 174 176 178 179 183 184 185 187 189 190 193 194 197 198 201 204 205 207 208 209 211 212 213 217 219 221 222 223 224 225 226 233 234 236 239 241 242 245 246 247 248 250
98 55 102 103 106 108 109 110 111 117 118 119 120 125 126 127 128 129 130 132 133 135 136 139 141 142 149 150 151 153 154 158 159 160 162 164 168 169 170 171 172 174 176 178 179 183 184 185 187 189 190 193 194 197 198 201 204 205 207 208 209 211 212 213 217 219 221 222 223 224 225 226 229 233 234 236 239 241 242 245 246 247 248 250
99 44
100 78 178 197
101 84 110 117 125 126 127 128 135 136 142 151 153 154 158 162 168 170 176 178 179 183 184 190 197 198 204 205 208 211 212 219 222 224 225 226 234 239 246
102 66 106 108 109 110 111 117 119 125 126 127 128 130 132 133 135 136 139 142 151 153 154 158 159 162 168 170 171 172 174 176 178 179 183 184 185 187 189 190 193 194 197 198 201 204 205 207 208 211 212 213 219 222 223 224 225 226 233 234 236 239 242 245 246 248
103 31 108 109 110 111 117 119 125 126 127 128 130 135 136 142 151 153 154 158 162 168 170 172 174 176 178 179 183 184 187 190 193 197 198 201 204 205 207 208 211 212 213 219 222 223 224 225 226 233 234 239 242 246
104 59 117 126 128 136 151 153 154 158 170 176 178 184 197 198 211 212 219 222 224 225
105 97 109 110 111 117 125 126 127 128 135 136 142 151 153 154 158 162 168 170 176 178 179 183 184 190 193 197 198 204 205 208 211 212 219 222 224 225 226 234 239 246
106 95 108 109 110 111 117 119 125 126 127 128 130 132 133 135 136 139 142 151 153 154 158 159 162 168 170 171 172 174 176 178 179 183 184 185 187 189 190 193 194 197 198 201 204 205 207 208 211 212 213 219 222 223 224 225 226 233 234 236 239 242 245 246 248
107 22
108 76 109 110 111 117 119 120 125 126 127 128 130 132 133 135 136 139 141 142 149 150 151 153 154 158 159 160 162 164 168 169 170 171 172 174 176 178 179 183 184 185 187 189 190 193 194 197 198 201 204 205 207 208 211 212 213 219 221 222 223 224 225 226 233 234 236 239 241 242 245 246 247 248 250
109 90 110 111 115 117 118 119 120 125 126 127 128 129 130 132 133 135 136 139 141 142 146 149 150 151 152 153 154 158 159 160 162 164 166 168 169 170 171 172 174 175 176 178 179 183 184 185 187 189 190 192 193 194 196 197 198 201 204 205 207 208 209 210 211 212 213 217 219 221 222 223 224 225 226 229 230 233 234 236 238 239 240 241 242 245 246 247 248 250
110 66 111 115 117 118 119 120 123 125 126 127 128 129 130 132 133 135 136 139 141 142 144 146 149 150 151 152 153 154 158 159 160 162 164 166 168 169 170 171 172 174 175 176 178 179 183 184 185 187 189 190 192 193 194 196 197 198 199 200 201 204 205 207 208 209 210 211 212 213 217 219 221 222 223 224 225 226 229 230 233 234 236 238 239 240 241 242 245 246 247 248 250
111 29 115 117 118 119 120 125 126 127 128 129 130 132 133 135 136 139 141 142 146 149 150 151 152 153 154 158 159 160 162 164 166 168 169 170 171 172 174 175 176 178 179 183 184 185 187 189 190 192 193 194 196 197 198 201 204 205 207 208 209 210 211 212 213 217 219 221 222 223 224 225 226 229 230 233 234 236 238 239 240 241 242 245 246 247 248 250
112 100 178 197 225
113 90 117 128 136 158 170 176 178 197 198 211 212 219 222 224 225
114 92
115 50 117 125 126 127 128 130 135 136 142 151 153 154 158 162 168 170 176 178 179 183 184 190 193 197 198 204 205 208 211 212 219 222 224 225 226 233 234 239 242 246
116 49 117 126 128 136 151 153 154 158 168 170 176 178 184 197 198 211 212 219 222 224 225
117 47 118 119 120 123 124 125 126 127 128 129 130 131 132 133 135 136 137 139 141 142 143 144 146 149 150 151 152 153 154 155 157 158 159 160 162 164 166 168 169 170 171 172 174 175 176 178 179 182 183 184 185 187 189 190 192 193 194 196 197 198 199 200 201 203 204 205 206 207 208 209 210 211 212 213 214 216 217 218 219 220 221 222 223 224 225 226 229 230 231 233 234 236 238 239 240 241 242 245 246 247 248 250
118 43 125 126 127 128 130 135 136 142 151 153 154 158 162 168 170 172 174 176 178 179 183 184 190 193 197 198 201 204 205 207 208 211 212 213 219 222 223 224 225 226 233 234 239 242 246
119 37 120 125 126 127 128 130 132 133 135 136 139 141 142 149 150 151 153 154 158 159 160 162 164 168 170 171 172 174 176 178 179 183 184 185 187 189 190 193 194 197 198 201 204 205 207 208 211 212 213 219 221 222 223 224 225 226 233 234 236 239 241 242 245 246 247 248 250
120 40 125 126 127 128 130 132 135 136 142 151 153 154 158 159 162 168 170 172 174 176 178 179 183 184 187 190 193 197 198 201 204 205 207 208 211 212 213 219 222 223 224 225 226 233 234 236 239 242 246 248
121 60
122 52
123 54 125 126 127 128 135 136 142 151 153 154 158 162 168 170 176 178 179 183 184 190 197 198 204 205 208 211 212 219 222 224 225 226 234 239 246
124 99 125 126 127 128 135 136 151 153 154 158 168 170 176 178 179 183 184 197 198 204 211 212 219 222 224 225 226 234 239
125 34 126 127 128 129 130 131 132 133 135 136 139 141 142 143 144 146 149 150 151 152 153 154 155 158 159 160 162 164 166 168 169 170 171 172 174 175 176 178 179 183 184 185 187 189 190 192 193 194 196 197 198 199 200 201 204 205 207 208 209 210 211 212 213 214 217 219 221 222 223 224 225 226 229 230 233 234 236 238 239 240 241 242 245 246 247 248 250
126 46 127 128 129 130 131 132 133 135 136 137 139 141 142 143 144 146 149 150 151 152 153 154 155 158 159 160 162 164 166 168 169 170 171 172 174 175 176 178 179 183 184 185 187 189 190 192 193 194 196 197 198 199 200 201 203 204 205 206 207 208 209 210 211 212 213 214 217 219 221 222 223 224 225 226 229 230 231 233 234 236 238 239 240 241 242 245 246 247 248 250
127 88 128 129 130 131 132 133 135 136 137 139 141 142 143 144 146 149 150 151 152 153 154 155 158 159 160 162 164 166 168 169 170 171 172 174 175 176 178 179 183 184 185 187 189 190 192 193 194 196 197 198 199 200 201 203 204 205 206 207 208 209 210 211 212 213 214 217 219 221 222 223 224 225 226 229 230 231 233 234 236 238 239 240 241 242 245 246 247 248 250
128 97 129 130 131 132 133 135 136 137 139 141 142 143 144 146 149 150 151 152 153 154 155 157 158 159 160 162 164 166 168 169 170 171 172 174 175 176 178 179 182 183 184 185 187 189 190 192 193 194 196 197 198 199 200 201 203 204 205 206 207 208 209 210 211 212 213 214 216 217 218 219 220 221 222 223 224 225 226 229 230 231 233 234 236 238 239 240 241 242 245 246 247 248 250
129 85 130 135 136 142 151 153 154 158 162 168 170 172 174 176 178 179 183 184 190 193 197 198 201 204 205 207 208 211 212 213 219 222 223 224 225 226 233 234 239 242 246
130 39 132 133 135 136 139 141 142 149 150 151 152 153 154 158 159 160 162 164 168 169 170 171 172 174 176 178 179 183 184 185 187 189 190 192 193 194 196 197 198 201 204 205 207 208 209 210 211 212 213 217 219 221 222 223 224 225 226 229 230 233 234 236 238 239 240 241 242 245 246 247 248 250
131 32 135 136 151 153 154 158 168 170 176 178 179 183 184 197 198 204 211 212 219 222 224 225 226 234 239
132 51 133 135 136 139 142 149 150 151 153 154 158 159 162 164 168 170 171 172 174 176 178 179 183 184 185 187 189 190 193 194 197 198 201 204 205 207 208 211 212 213 219 221 222 223 224 225 226 233 234 236 239 241 242 245 246 247 248
133 95 135 136 139 142 151 153 154 158 159 162 168 170 171 172 174 176 178 179 183 184 185 187 189 190 193 194 197 198 201 204 205 207 208 211 212 213 219 222 223 224 225 226 233 234 236 239 242 246 248
134 54
135 99 136 137 139 141 142 143 144 146 149 150 151 152 153 154 155 158 159 160 162 164 166 168 169 170 171 172 174 175 176 178 179 183 184 185 187 189 190 192 193 194 196 197 198 199 200 201 203 204 205 206 207 208 209 210 211 212 213 214 217 219 221 222 223 224 225 226 229 230 231 233 234 236 238 239 240 241 242 245 246 247 248 250
136 86 137 139 141 142 143 144 146 149 150 151 152 153 154 155 157 158 159 160 162 164 166 168 169 170 171 172 174 175 176 178 179 180 182 183 184 185 187 189 190 192 193 194 196 197 198 199 200 201 203 204 205 206 207 208 209 210 211 212 213 214 216 217 218 219 220 221 222 223 224 225 226 229 230 231 233 234 236 238 239 240 241 242 245 246 247 248 250
137 48 151 153 154 158 168 170 176 178 184 197 198 211 212 219 222 224 225
138 90 178 197 224 225
139 28 142 151 153 154 158 159 162 168 170 171 172 174 176 178 179 183 184 185 187 189 190 193 194 197 198 201 204 205 207 208 211 212 213 219 222 223 224 225 226 233 234 236 239 242 245 246 248
140 25
141 86 142 151 153 154 158 162 168 170 172 174 176 178 179 183 184 187 190 193 197 198 201 204 205 207 208 211 212 213 219 222 223 224 225 226 233 234 239 242 246
142 39 143 144 146 149 150 151 152 153 154 155 158 159 160 162 164 166 168 169 170 171 172 174 175 176 178 179 183 184 185 187 189 190 192 193 194 196 197 198 199 200 201 204 205 207 208 209 210 211 212 213 217 219 221 222 223 224 225 226 229 230 233 234 236 238 239 240 241 242 245 246 247 248 250
143 74 151 153 154 158 168 170 176 178 179 183 184 197 198 204 205 211 212 219 222 224 225 226 234 239
144 26 151 153 154 158 162 168 170 176 178 179 183 184 190 197 198 204 205 208 211 212 219 222 224 225 226 234 239 246
145 38
146 60 151 153 154 158 162 168 170 176 178 179 183 184 190 193 197 198 204 205 208 211 212 219 222 224 225 226 234 239 246
147 41
148 67
149 80 151 153 154 158 159 162 168 170 172 174 176 178 179 183 184 187 190 193 197 198 201 204 205 207 208 211 212 213 219 222 223 224 225 226 233 234 236 239 242 246 248
150 33 151 153 154 158 159 162 168 170 172 174 176 178 179 183 184 187 190 193 197 198 201 204 205 207 208 211 212 213 219 222 223 224 225 226 233 234 236 239 242 246 248
151 37 152 153 154 155 158 159 160 162 164 166 168 169 170 171 172 174 175 176 178 179 183 184 185 187 189 190 192 193 194 196 197 198 199 200 201 203 204 205 206 207 208 209 210 211 212 213 214 217 219 221 222 223 224 225 226 229 230 231 233 234 236 238 239 240 241 242 245 246 247 248 250
152 62 153 154 158 162 168 170 176 178 179 183 184 190 193 197 198 204 205 208 211 212 219 222 224 225 226 233 234 239 242 246
153 71 154 155 158 159 160 162 164 166 168 169 170 171 172 174 175 176 178 179 183 184 185 187 189 190 192 193 194 196 197 198 199 200 201 203 204 205 206 207 208 209 210 211 212 213 214 217 219 221 222 223 224 225 226 229 230 231 233 234 236 238 239 240 241 242 245 246 247 248 250
154 87 155 158 159 160 162 164 166 168 169 170 171 172 174 175 176 178 179 183 184 185 187 189 190 192 193 194 196 197 198 199 200 201 203 204 205 206 207 208 209 210 211 212 213 214 217 219 221 222 223 224 225 226 229 230 231 233 234 236 238 239 240 241 242 245 246 247 248 250
155 31 158 162 168 170 176 178 179 183 184 190 197 198 204 205 208 211 212 219 222 224 225 226 234 239
156 72
157 84 158 170 176 178 197 198 211 212 219 222 224 225
158 84 159 160 162 164 166 168 169 170 171 172 174 175 176 178 179 180 182 183 184 185 187 189 190 192 193 194 196 197 198 199 200 201 203 204 205 206 207 208 209 210 211 212 213 214 216 217 218 219 220 221 222 223 224 225 226 229 230 231 233 234 236 238 239 240 241 242 245 246 247 248 250
159 53 162 164 168 170 171 172 174 176 178 179 183 184 185 187 189 190 193 194 197 198 201 204 205 207 208 211 212 213 219 221 222 223 224 225 226 233 234 236 239 241 242 245 246 247 248
160 85 162 168 170 172 174 176 178 179 183 184 190 193 197 198 201 204 205 207 208 211 212 213 219 222 223 224 225 226 233 234 239 242 246
161 32
162 24 164 166 168 169 170 171 172 174 175 176 178 179 183 184 185 187 189 190 192 193 194 196 197 198 199 200 201 204 205 207 208 209 210 211 212 213 217 219 221 222 223 224 225 226 229 230 233 234 236 238 239 240 241 242 245 246 247 248 250
163 88
164 54 168 170 172 174 176 178 179 183 184 187 190 193 197 198 201 204 205 207 208 211 212 213 219 222 223 224 225 226 233 234 236 239 242 246 248
165 28
166 36 168 170 176 178 179 183 184 190 193 197 198 204 205 208 211 212 219 222 224 225 226 233 234 239 246
167 91
168 61 169 170 171 172 174 175 176 178 179 183 184 185 187 189 190 192 193 194 196 197 198 199 200 201 203 204 205 206 207 208 209 210 211 212 213 214 217 219 221 222 223 224 225 226 229 230 231 233 234 236 238 239 240 241 242 245 246 247 248 250
169 29 170 172 174 176 178 179 183 184 190 193 197 198 201 204 205 207 208 211 212 213 219 222 223 224 225 226 233 234 239 242 246
170 68 171 172 174 175 176 178 179 180 182 183 184 185 187 189 190 192 193 194 196 197 198 199 200 201 203 204 205 206 207 208 209 210 211 212 213 214 216 217 218 219 220 221 222 223 224 225 226 229 230 231 233 234 236 238 239 240 241 242 245 246 247 248 250
171 69 172 174 176 178 179 183 184 187 189 190 193 194 197 198 201 204 205 207 208 211 212 213 219 222 223 224 225 226 233 234 236 239 242 246 248
172 35 174 176 178 179 183 184 185 187 189 190 193 194 197 198 201 204 205 207 208 209 211 212 213 217 219 221 222 223 224 225 226 233 234 236 239 241 242 245 246 247 248 250
173 30
174 88 176 178 179 183 184 185 187 189 190 193 194 197 198 201 204 205 207 208 209 211 212 213 217 219 221 222 223 224 225 226 229 233 234 236 239 241 242 245 246 247 248 250
175 85 176 178 179 183 184 190 193 197 198 204 205 208 211 212 219 222 224 225 226 234 239 246
176 87 178 179 180 182 183 184 185 187 189 190 192 193 194 196 197 198 199 200 201 203 204 205 206 207 208 209 210 211 212 213 214 216 217 218 219 220 221 222 223 224 225 226 229 230 231 233 234 236 238 239 240 241 242 245 246 247 248 250
177 70
178 70 179 180 182 183 184 185 186 187 189 190 192 193 194 196 197 198 199 200 201 203 204 205 206 207 208 209 210 211 212 213 214 216 217 218 219 220 221 222 223 224 225 226 229 230 231 233 234 236 238 239 240 241 242 245 246 247 248 250
179 59 183 184 185 187 189 190 192 193 194 196 197 198 199 200 201 203 204 205 206 207 208 209 210 211 212 213 214 217 219 221 222 223 224 225 226 229 230 233 234 236 238 239 240 241 242 245 246 247 248 250
180 26 197 219 224 225
181 73
182 27 197 211 212 219 224 225
183 44 184 185 187 189 190 192 193 194 196 197 198 199 200 201 203 204 205 206 207 208 209 210 211 212 213 214 217 219 221 222 223 224 225 226 229 230 233 234 236 238 239 240 241 242 245 246 247 248 250
184 27 185 187 189 190 192 193 194 196 197 198 199 200 201 203 204 205 206 207 208 209 210 211 212 213 214 217 219 221 222 223 224 225 226 229 230 231 233 234 236 238 239 240 241 242 245 246 247 248 250
185 35 187 189 190 193 194 197 198 201 204 205 207 208 211 212 213 219 222 223 224 225 226 233 234 236 239 242 246 248
186 38 197 224 225
187 65 189 190 193 194 197 198 201 204 205 207 208 211 212 213 219 221 222 223 224 225 226 233 234 236 239 241 242 245 246 247 248
188 21
189 69 190 193 194 197 198 201 204 205 207 208 211 212 213 219 222 223 224 225 226 233 234 236 239 242 245 246 247 248
190 59 192 193 194 196 197 198 199 200 201 204 205 207 208 209 210 211 212 213 217 219 221 222 223 224 225 226 229 230 233 234 236 238 239 240 241 242 245 246 247 248 250
191 35
192 70 193 197 198 204 205 208 211 212 219 222 224 225 226 233 234 239 242 246
193 40 194 196 197 198 201 204 205 207 208 209 210 211 212 213 217 219 221 222 223 224 225 226 229 230 233 234 236 238 239 240 241 242 245 246 247 248 250
194 84 197 198 201 204 205 207 208 211 212 213 219 222 223 224 225 226 233 234 236 239 242 245 246 247 248
195 42
196 92 197 198 204 205 208 211 212 219 222 224 225 226 233 234 239 242 246
197 24 198 199 200 201 203 204 205 206 207 208 209 210 211 212 213 214 216 217 218 219 220 221 222 223 224 225 226 229 230 231 233 234 236 238 239 240 241 242 245 246 247 248 250
198 46 199 200 201 203 204 205 206 207 208 209 210 211 212 213 214 217 218 219 220 221 222 223 224 225 226 229 230 231 233 234 236 238 239 240 241 242 245 246 247 248 250
199 78 204 205 208 211 212 219 222 224 225 226 234 239 246
200 60 204 205 208 211 212 219 222 224 225 226 234 239 246
201 76 204 205 207 208 209 211 212 213 217 219 221 222 223 224 225 226 229 230 233 234 236 239 240 241 242 245 246 247 248 250
202 43
203 49 204 211 212 219 222 224 225 234 239
204 79 205 207 208 209 210 211 212 213 214 217 219 221 222 223 224 225 226 229 230 233 234 236 238 239 240 241 242 245 246 247 248 250
205 65 207 208 209 210 211 212 213 217 219 221 222 223 224 225 226 229 230 233 234 236 238 239 240 241 242 245 246 247 248 250
206 24 211 212 219 222 224 225 234
207 28 208 209 211 212 213 217 219 221 222 223 224 225 226 229 233 234 236 239 241 242 245 246 247 248 250
208 43 209 210 211 212 213 217 219 221 222 223 224 225 226 229 230 233 234 236 238 239 240 241 242 245 246 247 248 250
209 26 211 212 213 219 222 223 224 225 226 233 234 239 242 246
210 93 211 212 219 222 224 225 226 233 234 239 242 246
211 62 212 213 214 216 217 218 219 220 221 222 223 224 225 226 229 230 231 233 234 236 238 239 240 241 242 245 246 247 248 250
212 91 213 214 216 217 218 219 220 221 222 223 224 225 226 229 230 231 233 234 236 238 239 240 241 242 245 246 247 248 250
213 21 217 219 221 222 223 224 225 226 233 234 236 239 241 242 245 246 247 248 250
214 21 219 222 224 225 234 239
215 32
216 34 219 224 225
217 86 219 222 223 224 225 226 233 234 239 242 246
218 27 219 222 224 225
219 79 220 221 222 223 224 225 226 229 230 231 233 234 236 238 239 240 241 242 245 246 247 248 250
220 34 222 224 225
221 88 222 223 224 225 226 233 234 236 239 242 246 248
222 93 223 224 225 226 229 230 231 233 234 236 238 239 240 241 242 245 246 247 248 250
223 58 224 225 226 229 230 233 234 236 239 240 241 242 245 246 247 248 250
224 77 225 226 229 230 231 233 234 236 238 239 240 241 242 245 246 247 248 250
225 62 226 229 230 231 233 234 236 238 239 240 241 242 245 246 247 248 250
226 87 229 230 233 234 236 238 239 240 241 242 245 246 247 248 250
227 99
228 61
229 83 233 234 239 242 246
230 75 233 234 239 242 246
231 99
232 93
233 39 234 236 238 239 240 241 242 245 246 247 248 250
234 85 236 238 239 240 241 242 245 246 247 248 250
235 31
236 69 239 241 242 245 246 247 248
237 48
238 67 239 246
239 50 240 241 242 245 246 247 248 250
240 24 242 246
241 49 242 246 248
242 82 245 246 247 248 250
243 97
244 86
245 21 246 248
246 86 247 248 250
247 41 248
248 100
249 84
250 77
