250 150
1 38
2 60
3 53
4 55
5 90
6 48
7 55
8 57
9 59
10 25
11 51
12 22
13 43
14 31
15 52
16 89
17 96
18 58
19 63
20 27
21 46
22 43
23 30
24 44
25 71
26 66
27 64
28 28
29 83
30 88
31 42
32 92
33 95
34 36
35 24
36 62
37 44
38 82
39 59
40 31
41 96
42 44
43 61
44 78
45 72
46 62
47 76
48 65
49 22
50 41
51 27
52 85
53 80
54 72
55 100
56 29
57 27
58 43
59 83
60 32
61 33
62 53
63 95
64 99
65 20
66 23
67 72
68 50
69 50
70 27
71 89
72 53
73 75
74 81
75 34
76 27
77 69
78 48
79 84
80 37
81 69
82 54
83 51
84 49
85 49
86 54
87 100
88 55
89 45
90 83
91 61
92 96
93 91
94 37
95 53
96 76
97 50
98 66
99 70
100 87
101 92
102 35
103 53
104 95
105 47
106 56
107 55
108 86
109 32
110 99
111 83
112 88
113 41
114 63
115 77
116 60
117 66
118 53
119 79
120 81
121 96
122 34
123 99
124 47
125 74
126 87
127 44
128 77
129 52
130 99
131 69
132 64
133 94
134 38
135 69
136 61
137 98
138 40
139 84
140 89
141 49
142 64
143 53
144 41
145 34
146 85
147 35
148 55
149 61
150 68
151 100
152 75
153 98
154 36
155 44
156 57
157 24
158 60
159 45
160 48
161 60
162 94
163 71
164 70
165 64
166 62
167 93
168 20
169 69
170 37
171 63
172 61
173 26
174 54
175 89
176 46
177 54
178 50
179 32
180 71
181 62
182 40
183 26
184 59
185 62
186 27
187 60
188 50
189 74
190 34
191 40
192 70
193 56
194 23
195 66
196 57
197 43
198 45
199 65
200 25
201 82
202 82
203 37
204 66
205 47
206 44
207 94
208 23
209 24
210 51
211 100
212 22
213 25
214 51
215 95
216 58
217 97
218 30
219 79
220 23
221 53
222 80
223 20
224 65
225 64
226 21
227 26
228 100
229 81
230 98
231 70
232 85
233 92
234 97
235 86
236 71
237 91
238 29
239 63
240 34
241 67
242 23
243 33
244 89
245 94
246 47
247 100
248 37
249 40
250 58
