500 150
1 81 4 7 14 15 18 22 24 25 27 30 31 32 34 35 36 40 41 43 45 46 49 50 54 55 56 60 62 63 73 76 82 83 84 86 89 90 91 92 93 94 96 99 104 105 107 109 113 117 118 121 122 123 126 130 132 135 138 140 142 146 147 149 150 153 154 157 158 164 166 168 169 171 175 177 178 182 183 185 186 187 188 190 193 194 196 197 199 200 201 204 206 208 210 211 212 216 217 218 219 220 223 224 227 228 229 234 235 236 237 239 241 244 246 248 249 250 251 252 257 261 263 264 265 267 268 271 276 277 278 281 282 283 284 285 288 291 294 295 299 301 302 303 304 307 308 312 313 314 318 319 320 321 327 330 331 333 335 337 339 342 345 348 349 350 353 354 355 357 359 362 363 366 368 370 371 372 375 376 378 382 383 384 385 386 387 390 394 395 397 398 402 405 406 408 409 411 416 419 420 421 423 424 425 428 430 435 436 437 439 440 442 443 444 445 448 450 451 452 453 459 461 463 464 465 466 467 470 471 475 476 477 479 480 482 483 485 486 489 490 491 494 495 498 499
2 39
3 75 14 24 31 41 73 83 91 92 93 104 135 154 157 171 175 177 182 185 186 187 194 199 201 204 219 227 228 252 264 267 276 284 294 295 330 349 354 355 357 408 411 436 439 444 466 470 479 480 490
4 66 14 15 24 27 30 31 41 46 49 50 55 56 62 73 76 82 83 89 91 92 93 99 104 107 117 121 123 126 135 140 146 149 150 154 157 158 164 171 175 177 178 182 185 186 187 188 193 194 199 200 201 204 206 218 219 220 227 228 229 235 236 237 239 241 244 246 248 250 251 252 257 263 264 265 267 268 271 276 278 281 282 283 284 285 288 294 295 307 308 314 318 330 333 339 345 348 349 354 355 357 366 370 372 376 378 382 386 387 395 397 398 406 408 409 411 423 428 430 435 436 437 439 444 445 451 452 453 461 466 467 470 477 479 480 482 483 486 490 491 494 495 498
5 85 14 24 31 41 73 83 91 92 93 104 135 154 157 171 175 177 182 185 186 187 194 199 201 204 219 227 228 252 264 267 276 284 294 295 330 349 354 355 357 408 411 436 439 444 466 470 479 480 490
6 36 31 93 135 171 177 185 186 187 199 201 267 276 284 295 349 354 411 439 480 490
7 60 14 15 22 24 27 30 31 34 41 43 46 49 50 55 56 62 63 73 76 82 83 89 91 92 93 99 104 107 109 117 121 122 123 126 135 138 140 142 146 149 150 154 157 158 164 171 175 177 178 182 185 186 187 188 193 194 199 200 201 204 206 210 218 219 220 224 227 228 229 235 236 237 239 241 244 246 248 250 251 252 257 263 264 265 267 268 271 276 278 281 282 283 284 285 288 291 294 295 301 307 308 312 314 318 330 333 337 339 345 348 349 354 355 357 362 366 370 372 376 378 382 383 384 385 386 387 394 395 397 398 402 405 406 408 409 411 416 421 423 428 430 435 436 437 439 440 444 445 451 452 453 459 461 464 466 467 470 471 475 477 479 480 482 483 485 486 490 491 494 495 498
8 56
9 50
10 75
11 75
12 37
13 87
14 95 15 18 19 22 24 25 27 30 31 32 34 35 36 39 40 41 43 45 46 47 49 50 54 55 56 60 62 63 69 70 73 76 77 82 83 84 86 89 90 91 92 93 94 96 99 104 105 107 109 110 113 117 118 121 122 123 126 127 129 130 131 132 135 138 140 142 146 147 149 150 151 153 154 157 158 164 166 168 169 171 175 177 178 182 183 185 186 187 188 190 193 194 196 197 199 200 201 204 206 207 208 210 211 212 216 217 218 219 220 221 222 223 224 227 228 229 231 234 235 236 237 239 241 242 244 246 248 249 250 251 252 253 257 261 263 264 265 267 268 270 271 276 277 278 280 281 282 283 284 285 288 291 294 295 299 301 302 303 304 307 308 309 312 313 314 318 319 320 321 327 329 330 331 333 335 336 337 339 342 345 348 349 350 353 354 355 356 357 359 362 363 366 368 370 371 372 375 376 378 382 383 384 385 386 387 390 394 395 397 398 402 405 406 408 409 411 416 419 420 421 423 424 425 428 430 435 436 437 439 440 441 442 443 444 445 448 450 451 452 453 458 459 461 463 464 465 466 467 470 471 475 476 477 479 480 482 483 485 486 487 489 490 491 494 495 498 499
15 21 22 24 27 30 31 34 36 41 43 45 46 49 50 54 55 56 62 63 73 76 82 83 89 91 92 93 99 104 107 109 113 117 118 121 122 123 126 132 135 138 140 142 146 149 150 154 157 158 164 168 169 171 175 177 178 182 183 185 186 187 188 193 194 196 199 200 201 204 206 208 210 211 218 219 220 223 224 227 228 229 235 236 237 239 241 244 246 248 249 250 251 252 257 263 264 265 267 268 271 276 278 281 282 283 284 285 288 291 294 295 301 307 308 312 313 314 318 319 327 330 331 333 335 337 339 342 345 348 349 350 353 354 355 357 362 366 370 372 375 376 378 382 383 384 385 386 387 394 395 397 398 402 405 406 408 409 411 416 420 421 423 424 425 428 430 435 436 437 439 440 444 445 451 452 453 459 461 463 464 466 467 470 471 475 476 477 479 480 482 483 485 486 490 491 494 495 498 499
16 99
17 42
18 57 24 30 31 41 49 50 55 56 62 73 82 83 89 91 92 93 99 104 107 117 123 126 135 140 146 149 150 154 157 158 171 175 177 182 185 186 187 188 194 199 200 201 204 219 220 227 228 229 235 236 237 241 244 246 248 250 251 252 263 264 265 267 268 276 278 284 288 294 295 307 308 314 330 333 339 345 348 349 354 355 357 372 376 378 382 387 397 408 409 411 423 436 437 439 444 451 452 453 466 467 470 477 479 480 483 486 490 491 494
19 31 31 83 91 93 104 135 154 157 171 177 182 185 186 187 194 199 201 204 219 228 264 267 276 284 295 349 354 355 357 411 439 466 470 480 490
20 37
21 42
22 40 24 27 30 31 34 41 43 46 49 50 55 56 62 63 73 76 82 83 89 91 92 93 99 104 107 109 117 121 122 123 126 135 138 140 142 146 149 150 154 157 158 164 171 175 177 178 182 185 186 187 188 193 194 199 200 201 204 206 210 218 219 220 224 227 228 229 235 236 237 239 241 244 246 248 250 251 252 257 263 264 265 267 268 271 276 278 281 282 283 284 285 288 291 294 295 301 307 308 312 314 318 330 333 337 339 345 348 349 354 355 357 362 366 370 372 376 378 382 383 384 385 386 387 394 395 397 398 402 405 406 408 409 411 416 421 423 428 430 435 436 437 439 440 444 445 451 452 453 459 461 464 466 467 470 471 475 477 479 480 482 483 485 486 490 491 494 495 498
23 69 185 187 201 276 284 295 349 411 480
24 91 25 27 30 31 32 34 35 36 40 41 43 45 46 49 50 54 55 56 60 62 63 73 76 77 82 83 84 86 89 90 91 92 93 94 96 99 104 105 107 109 113 117 118 121 122 123 126 127 130 131 132 135 138 140 142 146 147 149 150 153 154 157 158 164 166 168 169 171 175 177 178 182 183 185 186 187 188 190 193 194 196 197 199 200 201 204 206 208 210 211 212 216 217 218 219 220 221 222 223 224 227 228 229 234 235 236 237 239 241 242 244 246 248 249 250 251 252 257 261 263 264 265 267 268 271 276 277 278 281 282 283 284 285 288 291 294 295 299 301 302 303 304 307 308 312 313 314 318 319 320 321 327 329 330 331 333 335 336 337 339 342 345 348 349 350 353 354 355 356 357 359 362 363 366 368 370 371 372 375 376 378 382 383 384 385 386 387 390 394 395 397 398 402 405 406 408 409 411 416 419 420 421 423 424 425 428 430 435 436 437 439 440 441 442 443 444 445 448 450 451 452 453 459 461 463 464 465 466 467 470 471 475 476 477 479 480 482 483 485 486 489 490 491 494 495 498 499
25 45 30 31 41 50 62 73 83 91 92 93 104 107 117 123 135 146 149 154 157 158 171 175 177 182 185 186 187 188 194 199 200 201 204 219 220 227 228 229 237 244 246 251 252 264 267 276 284 294 295 314 330 339 345 349 354 355 357 376 408 411 436 439 444 453 466 470 477 479 480 490
26 97
27 84 30 31 34 36 41 43 45 46 49 50 54 55 56 62 63 73 76 82 83 89 91 92 93 99 104 107 109 113 117 118 121 122 123 126 132 135 138 140 142 146 149 150 154 157 158 164 168 169 171 175 177 178 182 183 185 186 187 188 193 194 196 199 200 201 204 206 208 210 211 218 219 220 223 224 227 228 229 235 236 237 239 241 244 246 248 249 250 251 252 257 263 264 265 267 268 271 276 278 281 282 283 284 285 288 291 294 295 301 307 308 312 313 314 318 319 327 330 331 333 335 337 339 342 345 348 349 350 353 354 355 357 362 366 370 372 375 376 378 382 383 384 385 386 387 394 395 397 398 402 405 406 408 409 411 416 420 421 423 424 425 428 430 435 436 437 439 440 444 445 451 452 453 459 461 463 464 466 467 470 471 475 476 477 479 480 482 483 485 486 490 491 494 495 498 499
28 90 31 83 93 135 157 171 177 185 186 187 199 201 204 219 267 276 284 295 349 354 355 411 439 480 490
29 52
30 43 31 32 34 35 36 40 41 43 45 46 49 50 54 55 56 60 62 63 73 76 82 83 84 86 89 90 91 92 93 94 96 99 104 105 107 109 113 117 118 121 122 123 126 127 130 132 135 138 140 142 146 147 149 150 153 154 157 158 164 166 168 169 171 175 177 178 182 183 185 186 187 188 190 193 194 196 197 199 200 201 204 206 208 210 211 212 216 217 218 219 220 223 224 227 228 229 234 235 236 237 239 241 244 246 248 249 250 251 252 257 261 263 264 265 267 268 271 276 277 278 281 282 283 284 285 288 291 294 295 299 301 302 303 304 307 308 312 313 314 318 319 320 321 327 329 330 331 333 335 337 339 342 345 348 349 350 353 354 355 357 359 362 363 366 368 370 371 372 375 376 378 382 383 384 385 386 387 390 394 395 397 398 402 405 406 408 409 411 416 419 420 421 423 424 425 428 430 435 436 437 439 440 441 442 443 444 445 448 450 451 452 453 459 461 463 464 465 466 467 470 471 475 476 477 479 480 482 483 485 486 489 490 491 494 495 498 499
31 68 32 34 35 36 37 39 40 41 43 45 46 47 48 49 50 54 55 56 60 62 63 69 70 73 76 77 82 83 84 86 89 90 91 92 93 94 96 99 104 105 107 109 110 113 117 118 121 122 123 126 127 129 130 131 132 135 138 140 142 146 147 149 150 151 153 154 157 158 164 166 168 169 171 175 177 178 182 183 185 186 187 188 190 193 194 196 197 199 200 201 203 204 206 207 208 210 211 212 216 217 218 219 220 221 222 223 224 227 228 229 231 234 235 236 237 239 241 242 244 246 248 249 250 251 252 253 257 259 261 263 264 265 267 268 270 271 276 277 278 280 281 282 283 284 285 288 291 294 295 299 301 302 303 304 307 308 309 312 313 314 318 319 320 321 327 329 330 331 333 335 336 337 339 342 345 348 349 350 353 354 355 356 357 359 362 363 366 368 370 371 372 375 376 378 380 382 383 384 385 386 387 390 394 395 397 398 402 405 406 408 409 411 412 416 419 420 421 423 424 425 428 430 435 436 437 439 440 441 442 443 444 445 446 448 450 451 452 453 458 459 461 463 464 465 466 467 470 471 475 476 477 479 480 482 483 485 486 487 489 490 491 492 494 495 498 499
32 53 41 50 55 56 62 73 82 83 91 92 93 99 104 107 117 123 126 135 140 146 149 150 154 157 158 171 175 177 182 185 186 187 188 194 199 200 201 204 219 220 227 228 229 235 236 237 241 244 246 248 250 251 252 263 264 265 267 268 276 278 284 288 294 295 307 308 314 330 333 339 345 348 349 354 355 357 372 376 378 382 387 397 408 409 411 436 437 439 444 451 452 453 466 467 470 477 479 480 483 486 490 491
33 37
34 65 41 43 46 49 50 55 56 62 63 73 76 82 83 89 91 92 93 99 104 107 109 117 118 121 122 123 126 132 135 138 140 142 146 149 150 154 157 158 164 168 171 175 177 178 182 185 186 187 188 193 194 199 200 201 204 206 208 210 218 219 220 224 227 228 229 235 236 237 239 241 244 246 248 250 251 252 257 263 264 265 267 268 271 276 278 281 282 283 284 285 288 291 294 295 301 307 308 312 314 318 327 330 333 337 339 345 348 349 354 355 357 362 366 370 372 375 376 378 382 383 384 385 386 387 394 395 397 398 402 405 406 408 409 411 416 421 423 424 428 430 435 436 437 439 440 444 445 451 452 453 459 461 463 464 466 467 470 471 475 476 477 479 480 482 483 485 486 490 491 494 495 498 499
35 79 41 50 55 56 62 73 82 83 91 92 93 99 104 107 117 123 126 135 140 146 149 150 154 157 158 171 175 177 182 185 186 187 188 194 199 200 201 204 219 220 227 228 229 235 236 237 241 244 246 248 250 251 252 263 264 265 267 268 276 278 284 288 294 295 307 308 314 330 333 339 345 349 354 355 357 372 376 378 382 397 408 409 411 436 437 439 444 451 452 453 466 467 470 477 479 480 483 486 490 491
36 73 41 46 49 50 55 56 62 73 76 82 83 89 91 92 93 99 104 107 117 121 123 126 135 140 146 149 150 154 157 158 164 171 175 177 178 182 185 186 187 188 193 194 199 200 201 204 206 219 220 227 228 229 235 236 237 241 244 246 248 250 251 252 263 264 265 267 268 276 278 281 282 283 284 288 294 295 307 308 314 318 330 333 339 345 348 349 354 355 357 366 370 372 376 378 382 386 387 395 397 398 408 409 411 423 428 430 435 436 437 439 444 445 451 452 453 461 466 467 470 477 479 480 482 483 486 490 491 494 495 498
37 92 83 93 135 157 171 177 185 186 187 199 201 204 219 267 276 284 295 349 354 355 411 439 480 490
38 87 185 201 276 284 295 349 480
39 20 83 91 92 93 104 135 154 157 171 177 182 185 186 187 194 199 201 204 219 228 264 267 276 284 294 295 349 354 355 357 411 439 466 470 480 490
40 20 41 49 50 55 56 62 73 82 83 89 91 92 93 99 104 107 117 123 126 135 140 146 149 150 154 157 158 171 175 177 182 185 186 187 188 194 199 200 201 204 219 220 227 228 229 235 236 237 241 244 246 248 250 251 252 263 264 265 267 268 276 278 284 288 294 295 307 308 314 330 333 339 345 348 349 354 355 357 372 376 378 382 387 397 408 409 411 423 436 437 439 444 451 452 453 466 467 470 477 479 480 483 486 490 491 494
41 73 43 45 46 49 50 54 55 56 60 62 63 73 76 77 82 83 84 86 89 90 91 92 93 94 96 99 104 105 107 109 113 117 118 121 122 123 126 127 130 131 132 135 138 140 142 146 147 149 150 153 154 157 158 164 166 168 169 171 175 177 178 182 183 185 186 187 188 190 193 194 196 197 199 200 201 204 206 208 210 211 212 216 217 218 219 220 221 222 223 224 227 228 229 234 235 236 237 239 241 242 244 246 248 249 250 251 252 257 261 263 264 265 267 268 271 276 277 278 281 282 283 284 285 288 291 294 295 299 301 302 303 304 307 308 312 313 314 318 319 320 321 327 329 330 331 333 335 336 337 339 342 345 348 349 350 353 354 355 356 357 359 362 363 366 368 370 371 372 375 376 378 382 383 384 385 386 387 390 394 395 397 398 402 405 406 408 409 411 416 419 420 421 423 424 425 428 430 435 436 437 439 440 441 442 443 444 445 448 450 451 452 453 458 459 461 463 464 465 466 467 470 471 475 476 477 479 480 482 483 485 486 489 490 491 494 495 498 499
42 42
43 52 46 49 50 55 56 62 73 76 82 83 89 91 92 93 99 104 107 109 117 121 123 126 135 138 140 146 149 150 154 157 158 164 171 175 177 178 182 185 186 187 188 193 194 199 200 201 204 206 210 218 219 220 224 227 228 229 235 236 237 239 241 244 246 248 250 251 252 257 263 264 265 267 268 271 276 278 281 282 283 284 285 288 294 295 301 307 308 312 314 318 330 333 339 345 348 349 354 355 357 362 366 370 372 376 378 382 385 386 387 394 395 397 398 406 408 409 411 421 423 428 430 435 436 437 439 444 445 451 452 453 461 464 466 467 470 475 477 479 480 482 483 485 486 490 491 494 495 498
44 20
45 24 49 50 55 56 62 73 82 83 89 91 92 93 99 104 107 117 123 126 135 140 146 149 150 154 157 158 164 171 175 177 182 185 186 187 188 194 199 200 201 204 219 220 227 228 229 235 236 237 241 244 246 248 250 251 252 263 264 265 267 268 276 278 281 283 284 288 294 295 307 308 314 330 333 339 345 348 349 354 355 357 370 372 376 378 382 387 397 408 409 411 423 428 436 437 439 444 451 452 453 461 466 467 470 477 479 480 482 483 486 490 491 494 498
46 76 49 50 54 55 56 62 63 73 76 82 83 89 91 92 93 99 104 107 109 113 117 118 121 122 123 126 132 135 138 140 142 146 149 150 154 157 158 164 168 169 171 175 177 178 182 183 185 186 187 188 193 194 196 199 200 201 204 206 208 210 211 218 219 220 223 224 227 228 229 235 236 237 239 241 244 246 248 250 251 252 257 263 264 265 267 268 271 276 278 281 282 283 284 285 288 291 294 295 301 307 308 312 313 314 318 319 327 330 331 333 335 337 339 342 345 348 349 350 354 355 357 362 366 370 372 375 376 378 382 383 384 385 386 387 394 395 397 398 402 405 406 408 409 411 416 420 421 423 424 428 430 435 436 437 439 440 444 445 451 452 453 459 461 463 464 466 467 470 471 475 476 477 479 480 482 483 485 486 490 491 494 495 498 499
47 71 83 91 93 104 135 157 171 177 185 186 187 194 199 201 204 219 228 264 267 276 284 295 349 354 355 357 411 439 466 470 480 490
48 72 83 91 93 104 135 157 171 177 185 186 187 194 199 201 204 219 228 267 276 284 295 349 354 355 357 411 439 470 480 490
49 21 50 54 55 56 62 63 73 76 82 83 89 91 92 93 99 104 107 109 113 117 118 121 122 123 126 132 135 138 140 142 146 149 150 154 157 158 164 168 169 171 175 177 178 182 183 185 186 187 188 193 194 196 199 200 201 204 206 208 210 211 218 219 220 223 224 227 228 229 235 236 237 239 241 244 246 248 249 250 251 252 257 263 264 265 267 268 271 276 278 281 282 283 284 285 288 291 294 295 301 307 308 312 313 314 318 319 327 330 331 333 335 337 339 342 345 348 349 350 353 354 355 357 362 366 370 372 375 376 378 382 383 384 385 386 387 394 395 397 398 402 405 406 408 409 411 416 420 421 423 424 425 428 430 435 436 437 439 440 444 445 448 451 452 453 459 461 463 464 466 467 470 471 475 476 477 479 480 482 483 485 486 490 491 494 495 498 499
50 21 54 55 56 62 63 73 76 82 83 84 86 89 90 91 92 93 96 99 104 105 107 109 113 117 118 121 122 123 126 130 132 135 138 140 142 146 147 149 150 153 154 157 158 164 166 168 169 171 175 177 178 182 183 185 186 187 188 190 193 194 196 197 199 200 201 204 206 208 210 211 212 216 217 218 219 220 223 224 227 228 229 234 235 236 237 239 241 244 246 248 249 250 251 252 257 263 264 265 267 268 271 276 277 278 281 282 283 284 285 288 291 294 295 299 301 302 303 304 307 308 312 313 314 318 319 321 327 330 331 333 335 337 339 342 345 348 349 350 353 354 355 357 359 362 363 366 370 371 372 375 376 378 382 383 384 385 386 387 390 394 395 397 398 402 405 406 408 409 411 416 419 420 421 423 424 425 428 430 435 436 437 439 440 442 443 444 445 448 450 451 452 453 459 461 463 464 465 466 467 470 471 475 476 477 479 480 482 483 485 486 489 490 491 494 495 498 499
51 82
52 92
53 78
54 87 55 56 62 73 76 82 83 89 91 92 93 99 104 107 117 121 123 126 135 140 146 149 150 154 157 158 164 171 175 177 182 185 186 187 188 193 194 199 200 201 204 206 219 220 227 228 229 235 236 237 241 244 246 248 250 251 252 263 264 265 267 268 276 278 281 283 284 288 294 295 307 308 314 330 333 339 345 348 349 354 355 357 370 372 376 378 382 386 387 397 408 409 411 423 428 435 436 437 439 444 445 451 452 453 461 466 467 470 477 479 480 482 483 486 490 491 494 498
55 50 56 62 63 73 76 82 83 89 91 92 93 99 104 107 109 113 117 118 121 122 123 126 130 132 135 138 140 142 146 149 150 154 157 158 164 168 169 171 175 177 178 182 183 185 186 187 188 193 194 196 199 200 201 204 206 208 210 211 218 219 220 223 224 227 228 229 235 236 237 239 241 244 246 248 249 250 251 252 257 263 264 265 267 268 271 276 278 281 282 283 284 285 288 291 294 295 301 303 307 308 312 313 314 318 319 321 327 330 331 333 335 337 339 342 345 348 349 350 353 354 355 357 362 366 370 372 375 376 378 382 383 384 385 386 387 394 395 397 398 402 405 406 408 409 411 416 419 420 421 423 424 425 428 430 435 436 437 439 440 444 445 448 451 452 453 459 461 463 464 466 467 470 471 475 476 477 479 480 482 483 485 486 490 491 494 495 498 499
56 41 62 63 73 76 82 83 84 89 91 92 93 96 99 104 107 109 113 117 118 121 122 123 126 130 132 135 138 140 142 146 147 149 150 153 154 157 158 164 168 169 171 175 177 178 182 183 185 186 187 188 190 193 194 196 197 199 200 201 204 206 208 210 211 212 217 218 219 220 223 224 227 228 229 234 235 236 237 239 241 244 246 248 249 250 251 252 257 263 264 265 267 268 271 276 278 281 282 283 284 285 288 291 294 295 301 302 303 307 308 312 313 314 318 319 321 327 330 331 333 335 337 339 342 345 348 349 350 353 354 355 357 362 366 370 372 375 376 378 382 383 384 385 386 387 394 395 397 398 402 405 406 408 409 411 416 419 420 421 423 424 425 428 430 435 436 437 439 440 442 443 444 445 448 450 451 452 453 459 461 463 464 466 467 470 471 475 476 477 479 480 482 483 485 486 489 490 491 494 495 498 499
57 31 185 187 201 276 284 295 349 411 480
58 73
59 89
60 59 73 83 91 92 93 104 107 135 149 154 157 158 171 175 177 182 185 186 187 188 194 199 201 204 219 220 227 228 229 237 244 246 251 252 264 267 276 284 294 295 314 330 339 345 349 354 355 357 376 408 411 436 439 444 453 466 470 477 479 480 490
61 88
62 40 63 73 76 82 83 84 89 90 91 92 93 96 99 104 105 107 109 113 117 118 121 122 123 126 130 132 135 138 140 142 146 147 149 150 153 154 157 158 164 166 168 169 171 175 177 178 182 183 185 186 187 188 190 193 194 196 197 199 200 201 204 206 208 210 211 212 216 217 218 219 220 223 224 227 228 229 234 235 236 237 239 241 244 246 248 249 250 251 252 257 263 264 265 267 268 271 276 277 278 281 282 283 284 285 288 291 294 295 299 301 302 303 304 307 308 312 313 314 318 319 321 327 330 331 333 335 337 339 342 345 348 349 350 353 354 355 357 359 362 363 366 370 371 372 375 376 378 382 383 384 385 386 387 390 394 395 397 398 402 405 406 408 409 411 416 419 420 421 423 424 425 428 430 435 436 437 439 440 442 443 444 445 448 450 451 452 453 459 461 463 464 465 466 467 470 471 475 476 477 479 480 482 483 485 486 489 490 491 494 495 498 499
63 71 73 76 82 83 89 91 92 93 99 104 107 109 117 121 123 126 135 138 140 146 149 150 154 157 158 164 171 175 177 178 182 185 186 187 188 193 194 199 200 201 204 206 210 218 219 220 224 227 228 229 235 236 237 239 241 244 246 248 250 251 252 257 263 264 265 267 268 271 276 278 281 282 283 284 285 288 291 294 295 301 307 308 312 314 318 330 333 337 339 345 348 349 354 355 357 362 366 370 372 376 378 382 385 386 387 394 395 397 398 406 408 409 411 421 423 428 430 435 436 437 439 444 445 451 452 453 459 461 464 466 467 470 475 477 479 480 482 483 485 486 490 491 494 495 498
64 69
65 45
66 57
67 49
68 68
69 84 83 91 93 104 135 154 157 171 177 182 185 186 187 194 199 201 204 219 228 264 267 276 284 295 349 354 355 357 411 439 466 470 480 490
70 32 83 91 92 93 104 135 154 157 171 177 182 185 186 187 194 199 201 204 219 228 264 267 276 284 294 295 349 354 355 357 411 439 444 466 470 480 490
71 69
72 77
73 92 76 77 82 83 84 86 89 90 91 92 93 94 96 99 104 105 107 109 110 113 117 118 121 122 123 126 127 130 131 132 135 138 140 142 146 147 149 150 153 154 157 158 164 166 168 169 171 175 177 178 182 183 185 186 187 188 190 193 194 196 197 199 200 201 204 206 208 210 211 212 216 217 218 219 220 221 222 223 224 227 228 229 234 235 236 237 239 241 242 244 246 248 249 250 251 252 257 261 263 264 265 267 268 271 276 277 278 281 282 283 284 285 288 291 294 295 299 301 302 303 304 307 308 312 313 314 318 319 320 321 327 329 330 331 333 335 336 337 339 342 345 348 349 350 353 354 355 356 357 359 362 363 366 368 370 371 372 375 376 378 382 383 384 385 386 387 390 394 395 397 398 402 405 406 408 409 411 416 419 420 421 423 424 425 428 430 435 436 437 439 440 441 442 443 444 445 448 450 451 452 453 458 459 461 463 464 465 466 467 470 471 475 476 477 479 480 482 483 485 486 489 490 491 494 495 498 499
74 98
75 57
76 39 82 83 89 91 92 93 99 104 107 109 113 117 118 121 122 123 126 132 135 138 140 142 146 149 150 154 157 158 164 168 169 171 175 177 178 182 183 185 186 187 188 193 194 196 199 200 201 204 206 208 210 211 218 219 220 223 224 227 228 229 235 236 237 239 241 244 246 248 250 251 252 257 263 264 265 267 268 271 276 278 281 282 283 284 285 288 291 294 295 301 307 308 312 313 314 318 319 327 330 331 333 335 337 339 342 345 348 349 350 354 355 357 362 366 370 372 375 376 378 382 383 384 385 386 387 394 395 397 398 402 405 406 408 409 411 416 420 421 423 424 425 428 430 435 436 437 439 440 444 445 451 452 453 459 461 463 464 466 467 470 471 475 476 477 479 480 482 483 485 486 490 491 494 495 498 499
77 32 83 91 92 93 104 135 154 157 171 175 177 182 185 186 187 194 199 201 204 219 227 228 252 264 267 276 284 294 295 330 349 354 355 357 408 411 436 439 444 466 470 479 480 490
78 23
79 99
80 91
81 48
82 21 83 89 91 92 93 99 104 107 109 113 117 118 121 122 123 126 130 132 135 138 140 142 146 149 150 154 157 158 164 168 169 171 175 177 178 182 183 185 186 187 188 193 194 196 199 200 201 204 206 208 210 211 217 218 219 220 223 224 227 228 229 235 236 237 239 241 244 246 248 249 250 251 252 257 263 264 265 267 268 271 276 278 281 282 283 284 285 288 291 294 295 301 303 307 308 312 313 314 318 319 321 327 330 331 333 335 337 339 342 345 348 349 350 353 354 355 357 362 366 370 372 375 376 378 382 383 384 385 386 387 394 395 397 398 402 405 406 408 409 411 416 419 420 421 423 424 425 428 430 435 436 437 439 440 442 444 445 448 451 452 453 459 461 463 464 466 467 470 471 475 476 477 479 480 482 483 485 486 490 491 494 495 498 499
83 70 84 86 89 90 91 92 93 94 96 99 104 105 107 109 110 113 117 118 121 122 123 126 127 129 130 131 132 135 138 140 142 146 147 149 150 151 153 154 157 158 164 166 168 169 171 175 177 178 182 183 185 186 187 188 190 193 194 196 197 199 200 201 203 204 206 207 208 210 211 212 216 217 218 219 220 221 222 223 224 227 228 229 231 234 235 236 237 239 241 242 244 246 248 249 250 251 252 253 257 261 263 264 265 267 268 270 271 276 277 278 280 281 282 283 284 285 288 291 294 295 299 301 302 303 304 307 308 309 312 313 314 318 319 320 321 327 329 330 331 333 335 336 337 339 342 345 348 349 350 353 354 355 356 357 359 362 363 366 368 370 371 372 375 376 378 380 382 383 384 385 386 387 390 394 395 397 398 402 405 406 408 409 411 416 419 420 421 423 424 425 428 430 435 436 437 439 440 441 442 443 444 445 448 450 451 452 453 458 459 461 463 464 465 466 467 470 471 475 476 477 479 480 482 483 485 486 487 489 490 491 492 494 495 498 499
84 43 91 92 93 99 104 107 117 123 135 146 149 154 157 158 171 175 177 182 185 186 187 188 194 199 200 201 204 219 220 227 228 229 237 244 246 251 252 264 267 276 284 294 295 314 330 339 345 349 354 355 357 372 376 408 411 436 439 444 453 466 470 477 479 480 490 491
85 73 185 201 276 284 295 349 411 480
86 69 91 92 93 104 107 135 149 154 157 158 171 175 177 182 185 186 187 188 194 199 201 204 219 220 227 228 229 237 244 246 251 252 264 267 276 284 294 295 314 330 339 345 349 354 355 357 376 408 411 436 439 444 453 466 470 477 479 480 490
87 65
88 57
89 67 91 92 93 99 104 107 109 113 117 118 121 122 123 126 132 135 138 140 142 146 149 150 154 157 158 164 168 169 171 175 177 178 182 183 185 186 187 188 193 194 196 199 200 201 204 206 208 210 211 218 219 220 223 224 227 228 229 235 236 237 239 241 244 246 248 249 250 251 252 257 263 264 265 267 268 271 276 278 281 282 283 284 285 288 291 294 295 301 307 308 312 313 314 318 319 327 330 331 333 335 337 339 342 345 348 349 350 353 354 355 357 362 366 370 372 375 376 378 382 383 384 385 386 387 394 395 397 398 402 405 406 408 409 411 416 420 421 423 424 425 428 430 435 436 437 439 440 444 445 448 451 452 453 459 461 463 464 466 467 470 471 475 476 477 479 480 482 483 485 486 490 491 494 495 498 499
90 28 91 92 93 99 104 107 117 123 135 146 149 154 157 158 171 175 177 182 185 186 187 188 194 199 200 201 204 219 220 227 228 229 237 244 246 251 252 264 267 276 284 294 295 314 330 339 345 349 354 355 357 372 376 408 411 436 439 444 453 466 470 477 479 480 490 491
91 84 92 93 94 96 99 104 105 107 109 110 113 117 118 121 122 123 126 127 129 130 131 132 135 138 140 142 146 147 149 150 151 153 154 157 158 164 166 168 169 171 175 177 178 182 183 185 186 187 188 190 193 194 196 197 199 200 201 203 204 206 207 208 210 211 212 216 217 218 219 220 221 222 223 224 227 228 229 231 234 235 236 237 239 241 242 244 246 248 249 250 251 252 253 257 261 263 264 265 267 268 270 271 276 277 278 280 281 282 283 284 285 288 291 294 295 299 301 302 303 304 307 308 309 312 313 314 318 319 320 321 327 329 330 331 333 335 336 337 339 342 345 348 349 350 353 354 355 356 357 359 362 363 366 368 370 371 372 375 376 378 380 382 383 384 385 386 387 390 394 395 397 398 402 405 406 408 409 411 416 419 420 421 423 424 425 428 430 435 436 437 439 440 441 442 443 444 445 448 450 451 452 453 458 459 461 463 464 465 466 467 470 471 475 476 477 479 480 482 483 485 486 487 489 490 491 492 494 495 498 499
92 42 93 94 96 99 104 105 107 109 110 113 117 118 121 122 123 126 127 130 131 132 135 138 140 142 146 147 149 150 153 154 157 158 164 166 168 169 171 175 177 178 182 183 185 186 187 188 190 193 194 196 197 199 200 201 204 206 208 210 211 212 216 217 218 219 220 221 222 223 224 227 228 229 231 234 235 236 237 239 241 242 244 246 248 249 250 251 252 257 261 263 264 265 267 268 271 276 277 278 281 282 283 284 285 288 291 294 295 299 301 302 303 304 307 308 312 313 314 318 319 320 321 327 329 330 331 333 335 336 337 339 342 345 348 349 350 353 354 355 356 357 359 362 363 366 368 370 371 372 375 376 378 382 383 384 385 386 387 390 394 395 397 398 402 405 406 408 409 411 416 419 420 421 423 424 425 428 430 435 436 437 439 440 441 442 443 444 445 448 450 451 452 453 458 459 461 463 464 465 466 467 470 471 475 476 477 479 480 482 483 485 486 489 490 491 494 495 498 499
93 61 94 96 99 104 105 107 109 110 113 117 118 121 122 123 126 127 129 130 131 132 135 138 140 142 146 147 149 150 151 153 154 157 158 164 166 168 169 171 175 177 178 182 183 185 186 187 188 190 193 194 196 197 199 200 201 203 204 206 207 208 210 211 212 215 216 217 218 219 220 221 222 223 224 227 228 229 231 234 235 236 237 239 241 242 244 246 248 249 250 251 252 253 257 259 261 263 264 265 267 268 270 271 276 277 278 280 281 282 283 284 285 288 291 294 295 299 301 302 303 304 307 308 309 312 313 314 318 319 320 321 327 329 330 331 333 335 336 337 339 342 345 348 349 350 353 354 355 356 357 359 362 363 366 368 370 371 372 375 376 378 380 382 383 384 385 386 387 390 394 395 397 398 402 405 406 408 409 411 412 416 419 420 421 423 424 425 428 430 435 436 437 439 440 441 442 443 444 445 446 448 450 451 452 453 458 459 461 463 464 465 466 467 470 471 475 476 477 479 480 482 483 485 486 487 489 490 491 492 494 495 498 499
94 92 104 107 135 149 154 157 158 171 175 177 182 185 186 187 188 194 199 201 204 219 220 227 228 229 244 246 251 252 264 267 276 284 294 295 314 330 339 345 349 354 355 357 376 408 411 436 439 444 453 466 470 477 479 480 490
95 82
96 34 99 104 107 117 123 135 140 146 149 150 154 157 158 171 175 177 182 185 186 187 188 194 199 200 201 204 219 220 227 228 229 236 237 241 244 246 250 251 252 264 267 276 284 294 295 314 330 339 345 349 354 355 357 372 376 382 397 408 411 436 439 444 453 466 470 477 479 480 486 490 491
97 74
98 55
99 60 104 105 107 109 113 117 118 121 122 123 126 130 132 135 138 140 142 146 147 149 150 153 154 157 158 164 166 168 169 171 175 177 178 182 183 185 186 187 188 190 193 194 196 197 199 200 201 204 206 208 210 211 212 217 218 219 220 223 224 227 228 229 234 235 236 237 239 241 244 246 248 249 250 251 252 257 263 264 265 267 268 271 276 278 281 282 283 284 285 288 291 294 295 301 302 303 307 308 312 313 314 318 319 321 327 330 331 333 335 337 339 342 345 348 349 350 353 354 355 357 362 366 370 371 372 375 376 378 382 383 384 385 386 387 390 394 395 397 398 402 405 406 408 409 411 416 419 420 421 423 424 425 428 430 435 436 437 439 440 442 443 444 445 448 450 451 452 453 459 461 463 464 465 466 467 470 471 475 476 477 479 480 482 483 485 486 489 490 491 494 495 498 499
100 69
101 26
102 25
103 67
104 77 105 107 109 110 113 117 118 121 122 123 126 127 129 130 131 132 135 138 140 142 146 147 149 150 151 153 154 157 158 164 166 168 169 171 175 177 178 182 183 185 186 187 188 190 193 194 196 197 199 200 201 204 206 207 208 210 211 212 216 217 218 219 220 221 222 223 224 227 228 229 231 234 235 236 237 239 241 242 244 246 248 249 250 251 252 253 257 261 263 264 265 267 268 270 271 276 277 278 280 281 282 283 284 285 288 291 294 295 299 301 302 303 304 307 308 309 312 313 314 318 319 320 321 327 329 330 331 333 335 336 337 339 342 345 348 349 350 353 354 355 356 357 359 362 363 366 368 370 371 372 375 376 378 380 382 383 384 385 386 387 390 394 395 397 398 402 405 406 408 409 411 416 419 420 421 423 424 425 428 430 435 436 437 439 440 441 442 443 444 445 448 450 451 452 453 458 459 461 463 464 465 466 467 470 471 475 476 477 479 480 482 483 485 486 487 489 490 491 492 494 495 498 499
105 67 107 117 123 135 146 149 154 157 158 171 175 177 182 185 186 187 188 194 199 200 201 204 219 220 227 228 229 237 244 246 251 252 264 267 276 284 294 295 314 330 339 345 349 354 355 357 376 408 411 436 439 444 453 466 470 477 479 480 490
106 79
107 47 109 113 117 118 121 122 123 126 130 132 135 138 140 142 146 147 149 150 153 154 157 158 164 166 168 169 171 175 177 178 182 183 185 186 187 188 190 193 194 196 197 199 200 201 204 206 208 210 211 212 216 217 218 219 220 223 224 227 228 229 234 235 236 237 239 241 244 246 248 249 250 251 252 257 261 263 264 265 267 268 271 276 277 278 281 282 283 284 285 288 291 294 295 299 301 302 303 304 307 308 312 313 314 318 319 320 321 327 330 331 333 335 337 339 342 345 348 349 350 353 354 355 357 359 362 363 366 368 370 371 372 375 376 378 382 383 384 385 386 387 390 394 395 397 398 402 405 406 408 409 411 416 419 420 421 423 424 425 428 430 435 436 437 439 440 442 443 444 445 448 450 451 452 453 459 461 463 464 465 466 467 470 471 475 476 477 479 480 482 483 485 486 489 490 491 494 495 498 499
108 84
109 50 117 121 122 123 126 135 138 140 142 146 149 150 154 157 158 164 168 171 175 177 178 182 185 186 187 188 193 194 199 200 201 204 206 210 218 219 220 224 227 228 229 235 236 237 239 241 244 246 248 250 251 252 257 263 264 265 267 268 271 276 278 281 282 283 284 285 288 291 294 295 301 307 308 312 314 318 327 330 333 337 339 345 348 349 354 355 357 362 366 370 372 375 376 378 382 383 384 385 386 387 394 395 397 398 402 405 406 408 409 411 416 421 423 428 430 435 436 437 439 440 444 445 451 452 453 459 461 464 466 467 470 471 475 476 477 479 480 482 483 485 486 490 491 494 495 498
110 21 135 154 157 171 177 182 185 186 187 194 199 201 204 219 228 264 267 276 284 294 295 349 354 355 357 411 436 439 444 466 470 479 480 490
111 87
112 83
113 44 117 121 123 126 135 140 146 149 150 154 157 158 164 171 175 177 182 185 186 187 188 193 194 199 200 201 204 206 219 220 227 228 229 235 236 237 241 244 246 248 250 251 252 263 264 265 267 268 276 278 281 282 283 284 288 294 295 307 308 314 318 330 333 339 345 348 349 354 355 357 370 372 376 378 382 386 387 397 408 409 411 423 428 430 435 436 437 439 444 445 451 452 453 461 466 467 470 477 479 480 482 483 486 490 491 494 498
114 88
115 78
116 53
117 78 118 121 122 123 126 130 132 135 138 140 142 146 147 149 150 153 154 157 158 164 166 168 169 171 175 177 178 182 183 185 186 187 188 190 193 194 196 197 199 200 201 204 206 208 210 211 212 216 217 218 219 220 223 224 227 228 229 234 235 236 237 239 241 244 246 248 249 250 251 252 257 263 264 265 267 268 271 276 277 278 281 282 283 284 285 288 291 294 295 299 301 302 303 304 307 308 312 313 314 318 319 321 327 330 331 333 335 337 339 342 345 348 349 350 353 354 355 357 359 362 363 366 370 371 372 375 376 378 382 383 384 385 386 387 390 394 395 397 398 402 405 406 408 409 411 416 419 420 421 423 424 425 428 430 435 436 437 439 440 442 443 444 445 448 450 451 452 453 459 461 463 464 465 466 467 470 471 475 476 477 479 480 482 483 485 486 489 490 491 494 495 498 499
118 37 121 123 126 135 140 146 149 150 154 157 158 164 171 175 177 178 182 185 186 187 188 193 194 199 200 201 204 206 218 219 220 227 228 229 235 236 237 239 241 244 246 248 250 251 252 257 263 264 265 267 268 271 276 278 281 282 283 284 285 288 294 295 307 308 314 318 330 333 339 345 348 349 354 355 357 366 370 372 376 378 382 386 387 395 397 398 406 408 409 411 423 428 430 435 436 437 439 444 445 451 452 453 461 466 467 470 477 479 480 482 483 486 490 491 494 495 498
119 47
120 52
121 32 122 123 126 132 135 138 140 142 146 149 150 154 157 158 164 168 169 171 175 177 178 182 183 185 186 187 188 193 194 196 199 200 201 204 206 208 210 211 218 219 220 223 224 227 228 229 235 236 237 239 241 244 246 248 250 251 252 257 263 264 265 267 268 271 276 278 281 282 283 284 285 288 291 294 295 301 307 308 312 313 314 318 319 327 330 331 333 335 337 339 342 345 348 349 350 354 355 357 362 366 370 372 375 376 378 382 383 384 385 386 387 394 395 397 398 402 405 406 408 409 411 416 420 421 423 424 428 430 435 436 437 439 440 444 445 451 452 453 459 461 463 464 466 467 470 471 475 476 477 479 480 482 483 485 486 490 491 494 495 498 499
122 88 123 126 135 138 140 146 149 150 154 157 158 164 171 175 177 178 182 185 186 187 188 193 194 199 200 201 204 206 210 218 219 220 224 227 228 229 235 236 237 239 241 244 246 248 250 251 252 257 263 264 265 267 268 271 276 278 281 282 283 284 285 288 291 294 295 301 307 308 312 314 318 330 333 339 345 348 349 354 355 357 362 366 370 372 376 378 382 385 386 387 394 395 397 398 406 408 409 411 421 423 428 430 435 436 437 439 444 445 451 452 453 459 461 464 466 467 470 475 477 479 480 482 483 485 486 490 491 494 495 498
123 85 126 130 132 135 138 140 142 146 147 149 150 153 154 157 158 164 166 168 169 171 175 177 178 182 183 185 186 187 188 190 193 194 196 197 199 200 201 204 206 208 210 211 212 216 217 218 219 220 223 224 227 228 229 234 235 236 237 239 241 244 246 248 249 250 251 252 257 263 264 265 267 268 271 276 277 278 281 282 283 284 285 288 291 294 295 299 301 302 303 304 307 308 312 313 314 318 319 321 327 330 331 333 335 337 339 342 345 348 349 350 353 354 355 357 359 362 363 366 370 371 372 375 376 378 382 383 384 385 386 387 390 394 395 397 398 402 405 406 408 409 411 416 419 420 421 423 424 425 428 430 435 436 437 439 440 442 443 444 445 448 450 451 452 453 459 461 463 464 465 466 467 470 471 475 476 477 479 480 482 483 485 486 489 490 491 494 495 498 499
124 82 185 201 276 284 295 349 480
125 55
126 41 132 135 138 140 142 146 149 150 154 157 158 164 168 169 171 175 177 178 182 183 185 186 187 188 193 194 196 199 200 201 204 206 208 210 211 218 219 220 223 224 227 228 229 235 236 237 239 241 244 246 248 249 250 251 252 257 263 264 265 267 268 271 276 278 281 282 283 284 285 288 291 294 295 301 303 307 308 312 313 314 318 319 321 327 330 331 333 335 337 339 342 345 348 349 350 353 354 355 357 362 366 370 372 375 376 378 382 383 384 385 386 387 394 395 397 398 402 405 406 408 409 411 416 419 420 421 423 424 425 428 430 435 436 437 439 440 444 445 448 451 452 453 459 461 463 464 466 467 470 471 475 476 477 479 480 482 483 485 486 490 491 494 495 498 499
127 60 135 149 154 157 158 171 175 177 182 185 186 187 194 199 201 204 219 227 228 244 246 252 264 267 276 284 294 295 314 330 345 349 354 355 357 376 408 411 436 439 444 466 470 477 479 480 490
128 66
129 78 135 157 171 177 182 185 186 187 194 199 201 204 219 228 264 267 276 284 295 349 354 355 357 411 439 466 470 480 490
130 72 135 140 146 149 150 154 157 158 171 175 177 182 185 186 187 188 194 199 200 201 204 219 220 227 228 229 236 237 241 244 246 248 250 251 252 264 265 267 268 276 278 284 288 294 295 307 308 314 330 333 339 345 349 354 355 357 372 376 378 382 397 408 409 411 436 437 439 444 453 466 467 470 477 479 480 483 486 490 491
131 34 135 154 157 171 175 177 182 185 186 187 194 199 201 204 219 227 228 252 264 267 276 284 294 295 330 349 354 355 357 411 436 439 444 466 470 479 480 490
132 64 135 140 146 149 150 154 157 158 164 171 175 177 178 182 185 186 187 188 193 194 199 200 201 204 206 218 219 220 227 228 229 235 236 237 239 241 244 246 248 250 251 252 257 263 264 265 267 268 271 276 278 281 282 283 284 285 288 294 295 301 307 308 314 318 330 333 339 345 348 349 354 355 357 366 370 372 376 378 382 386 387 395 397 398 406 408 409 411 423 428 430 435 436 437 439 444 445 451 452 453 461 466 467 470 477 479 480 482 483 486 490 491 494 495 498
133 20
134 60
135 100 138 140 142 146 147 149 150 151 153 154 157 158 164 166 168 169 171 175 177 178 182 183 185 186 187 188 190 193 194 196 197 199 200 201 203 204 206 207 208 210 211 212 215 216 217 218 219 220 221 222 223 224 227 228 229 231 234 235 236 237 239 241 242 244 246 248 249 250 251 252 253 257 259 261 263 264 265 267 268 270 271 276 277 278 280 281 282 283 284 285 288 291 294 295 299 301 302 303 304 307 308 309 312 313 314 318 319 320 321 327 328 329 330 331 333 335 336 337 338 339 342 345 348 349 350 353 354 355 356 357 359 362 363 366 368 370 371 372 375 376 378 380 382 383 384 385 386 387 390 394 395 397 398 401 402 405 406 408 409 411 412 416 419 420 421 423 424 425 428 430 435 436 437 439 440 441 442 443 444 445 446 448 450 451 452 453 458 459 461 463 464 465 466 467 470 471 475 476 477 479 480 482 483 485 486 487 489 490 491 492 494 495 498 499
136 62
137 80
138 34 140 142 146 149 150 154 157 158 164 171 175 177 178 182 185 186 187 188 193 194 199 200 201 204 206 210 218 219 220 224 227 228 229 235 236 237 239 241 244 246 248 250 251 252 257 263 264 265 267 268 271 276 278 281 282 283 284 285 288 291 294 295 301 307 308 312 314 318 330 333 337 339 345 348 349 354 355 357 362 366 370 372 376 378 382 383 384 385 386 387 394 395 397 398 405 406 408 409 411 416 421 423 428 430 435 436 437 439 444 445 451 452 453 459 461 464 466 467 470 471 475 477 479 480 482 483 485 486 490 491 494 495 498
139 68
140 38 142 146 147 149 150 153 154 157 158 164 168 169 171 175 177 178 182 183 185 186 187 188 190 193 194 196 197 199 200 201 204 206 208 210 211 212 217 218 219 220 223 224 227 228 229 234 235 236 237 239 241 244 246 248 249 250 251 252 257 263 264 265 267 268 271 276 278 281 282 283 284 285 288 291 294 295 301 302 303 307 308 312 313 314 318 319 321 327 330 331 333 335 337 339 342 345 348 349 350 353 354 355 357 362 366 370 372 375 376 378 382 383 384 385 386 387 394 395 397 398 402 405 406 408 409 411 416 419 420 421 423 424 425 428 430 435 436 437 439 440 442 443 444 445 448 450 451 452 453 459 461 463 464 466 467 470 471 475 476 477 479 480 482 483 485 486 489 490 491 494 495 498 499
141 32
142 32 146 149 150 154 157 158 164 171 175 177 178 182 185 186 187 188 193 194 199 200 201 204 206 210 218 219 220 224 227 228 229 235 236 237 239 241 244 246 248 250 251 252 257 263 264 265 267 268 271 276 278 281 282 283 284 285 288 291 294 295 301 307 308 312 314 318 330 333 337 339 345 348 349 354 355 357 362 366 370 372 376 378 382 385 386 387 394 395 397 398 405 406 408 409 411 421 423 428 430 435 436 437 439 444 445 451 452 453 459 461 464 466 467 470 475 477 479 480 482 483 485 486 490 491 494 495 498
143 37
144 82
145 98
146 90 147 149 150 153 154 157 158 164 166 168 169 171 175 177 178 182 183 185 186 187 188 190 193 194 196 197 199 200 201 204 206 208 210 211 212 216 217 218 219 220 223 224 227 228 229 234 235 236 237 239 241 244 246 248 249 250 251 252 257 263 264 265 267 268 271 276 278 281 282 283 284 285 288 291 294 295 299 301 302 303 304 307 308 312 313 314 318 319 321 327 330 331 333 335 337 339 342 345 348 349 350 353 354 355 357 359 362 366 370 371 372 375 376 378 382 383 384 385 386 387 390 394 395 397 398 402 405 406 408 409 411 416 419 420 421 423 424 425 428 430 435 436 437 439 440 442 443 444 445 448 450 451 452 453 459 461 463 464 465 466 467 470 471 475 476 477 479 480 482 483 485 486 489 490 491 494 495 498 499
147 58 149 150 154 157 158 171 175 177 182 185 186 187 188 194 199 200 201 204 219 220 227 228 229 236 237 241 244 246 250 251 252 264 267 268 276 278 284 294 295 308 314 330 339 345 349 354 355 357 372 376 382 397 408 411 436 437 439 444 453 466 467 470 477 479 480 486 490 491
148 97
149 56 150 153 154 157 158 164 166 168 169 171 175 177 178 182 183 185 186 187 188 190 193 194 196 197 199 200 201 204 206 208 210 211 212 216 217 218 219 220 223 224 227 228 229 234 235 236 237 239 241 244 246 248 249 250 251 252 257 261 263 264 265 267 268 271 276 277 278 281 282 283 284 285 288 291 294 295 299 301 302 303 304 307 308 312 313 314 318 319 320 321 327 329 330 331 333 335 337 339 342 345 348 349 350 353 354 355 357 359 362 363 366 368 370 371 372 375 376 378 382 383 384 385 386 387 390 394 395 397 398 402 405 406 408 409 411 416 419 420 421 423 424 425 428 430 435 436 437 439 440 441 442 443 444 445 448 450 451 452 453 459 461 463 464 465 466 467 470 471 475 476 477 479 480 482 483 485 486 489 490 491 494 495 498 499
150 34 153 154 157 158 164 168 169 171 175 177 178 182 183 185 186 187 188 190 193 194 196 197 199 200 201 204 206 208 210 211 212 217 218 219 220 223 224 227 228 229 234 235 236 237 239 241 244 246 248 249 250 251 252 257 263 264 265 267 268 271 276 278 281 282 283 284 285 288 291 294 295 301 302 303 307 308 312 313 314 318 319 321 327 330 331 333 335 337 339 342 345 348 349 350 353 354 355 357 362 366 370 372 375 376 378 382 383 384 385 386 387 394 395 397 398 402 405 406 408 409 411 416 419 420 421 423 424 425 428 430 435 436 437 439 440 442 443 444 445 448 450 451 452 453 459 461 463 464 466 467 470 471 475 476 477 479 480 482 483 485 486 489 490 491 494 495 498 499
151 70 154 157 171 177 182 185 186 187 194 199 201 204 219 228 264 267 276 284 295 349 354 355 357 411 439 466 470 480 490
152 39
153 56 154 157 158 171 175 177 182 185 186 187 188 194 199 200 201 204 219 220 227 228 229 236 237 241 244 246 248 250 251 252 264 267 268 276 278 284 294 295 308 314 330 339 345 349 354 355 357 372 376 382 397 408 411 436 437 439 444 453 466 467 470 477 479 480 486 490 491
154 69 157 158 164 166 168 169 171 175 177 178 182 183 185 186 187 188 190 193 194 196 197 199 200 201 204 206 208 210 211 212 216 217 218 219 220 221 222 223 224 227 228 229 231 234 235 236 237 239 241 242 244 246 248 249 250 251 252 257 261 263 264 265 267 268 270 271 276 277 278 281 282 283 284 285 288 291 294 295 299 301 302 303 304 307 308 312 313 314 318 319 320 321 327 329 330 331 333 335 336 337 339 342 345 348 349 350 353 354 355 356 357 359 362 363 366 368 370 371 372 375 376 378 382 383 384 385 386 387 390 394 395 397 398 402 405 406 408 409 411 416 419 420 421 423 424 425 428 430 435 436 437 439 440 441 442 443 444 445 448 450 451 452 453 458 459 461 463 464 465 466 467 470 471 475 476 477 479 480 482 483 485 486 489 490 491 494 495 498 499
155 36
156 20
157 99 158 164 166 168 169 171 175 177 178 182 183 185 186 187 188 190 193 194 196 197 199 200 201 203 204 206 207 208 210 211 212 216 217 218 219 220 221 222 223 224 227 228 229 231 234 235 236 237 239 241 242 244 246 248 249 250 251 252 253 257 261 263 264 265 267 268 270 271 276 277 278 280 281 282 283 284 285 288 291 294 295 299 301 302 303 304 307 308 309 312 313 314 318 319 320 321 327 329 330 331 333 335 336 337 339 342 345 348 349 350 353 354 355 356 357 359 362 363 366 368 370 371 372 375 376 378 380 382 383 384 385 386 387 390 394 395 397 398 402 405 406 408 409 411 416 419 420 421 423 424 425 428 430 435 436 437 439 440 441 442 443 444 445 448 450 451 452 453 458 459 461 463 464 465 466 467 470 471 475 476 477 479 480 482 483 485 486 487 489 490 491 492 494 495 498 499
158 84 164 166 168 169 171 175 177 178 182 183 185 186 187 188 190 193 194 196 197 199 200 201 204 206 208 210 211 212 216 217 218 219 220 223 224 227 228 229 234 235 236 237 239 241 244 246 248 249 250 251 252 257 261 263 264 265 267 268 271 276 277 278 281 282 283 284 285 288 291 294 295 299 301 302 303 304 307 308 312 313 314 318 319 320 321 327 329 330 331 333 335 337 339 342 345 348 349 350 353 354 355 357 359 362 363 366 368 370 371 372 375 376 378 382 383 384 385 386 387 390 394 395 397 398 402 405 406 408 409 411 416 419 420 421 423 424 425 428 430 435 436 437 439 440 441 442 443 444 445 448 450 451 452 453 459 461 463 464 465 466 467 470 471 475 476 477 479 480 482 483 485 486 489 490 491 494 495 498 499
159 53
160 27
161 88 185 201 284 480
162 53 185 187 201 276 284 295 349 411 480
163 42
164 45 168 169 171 175 177 178 182 183 185 186 187 188 193 194 196 199 200 201 204 206 208 210 211 218 219 220 223 224 227 228 229 235 236 237 239 241 244 246 248 249 250 251 252 257 263 264 265 267 268 271 276 278 281 282 283 284 285 288 291 294 295 301 307 308 312 313 314 318 319 327 330 331 333 335 337 339 342 345 348 349 350 353 354 355 357 362 366 370 372 375 376 378 382 383 384 385 386 387 394 395 397 398 402 405 406 408 409 411 416 420 421 423 424 425 428 430 435 436 437 439 440 444 445 451 452 453 459 461 463 464 466 467 470 471 475 476 477 479 480 482 483 485 486 490 491 494 495 498 499
165 42
166 31 171 175 177 182 185 186 187 188 194 199 200 201 204 219 220 227 228 229 237 244 246 251 252 264 267 276 284 294 295 314 330 339 345 349 354 355 357 372 376 408 411 436 439 444 453 466 470 477 479 480 490 491
167 54
168 60 171 175 177 178 182 185 186 187 188 193 194 199 200 201 204 206 218 219 220 227 228 229 235 236 237 239 241 244 246 248 250 251 252 257 263 264 265 267 268 271 276 278 281 282 283 284 285 288 294 295 301 307 308 314 318 330 333 339 345 348 349 354 355 357 362 366 370 372 376 378 382 386 387 395 397 398 406 408 409 411 423 428 430 435 436 437 439 444 445 451 452 453 461 466 467 470 475 477 479 480 482 483 486 490 491 494 495 498
169 55 171 175 177 182 185 186 187 188 193 194 199 200 201 204 206 219 220 227 228 229 235 236 237 241 244 246 248 250 251 252 263 264 265 267 268 276 278 281 282 283 284 288 294 295 307 308 314 318 330 333 339 345 348 349 354 355 357 366 370 372 376 378 382 386 387 395 397 408 409 411 423 428 430 435 436 437 439 444 445 451 452 453 461 466 467 470 477 479 480 482 483 486 490 491 494 495 498
170 27
171 36 175 177 178 182 183 185 186 187 188 190 193 194 196 197 199 200 201 203 204 206 207 208 210 211 212 216 217 218 219 220 221 222 223 224 227 228 229 231 234 235 236 237 239 241 242 244 246 248 249 250 251 252 253 257 259 261 263 264 265 267 268 270 271 276 277 278 280 281 282 283 284 285 288 291 294 295 299 301 302 303 304 307 308 309 312 313 314 318 319 320 321 327 329 330 331 333 335 336 337 339 342 345 348 349 350 353 354 355 356 357 359 362 363 366 368 370 371 372 375 376 378 380 382 383 384 385 386 387 390 394 395 397 398 402 405 406 408 409 411 412 416 419 420 421 423 424 425 428 430 435 436 437 439 440 441 442 443 444 445 446 448 450 451 452 453 458 459 461 463 464 465 466 467 470 471 475 476 477 479 480 482 483 485 486 487 489 490 491 492 494 495 498 499
172 31
173 39
174 91
175 45 177 178 182 183 185 186 187 188 190 193 194 196 197 199 200 201 204 206 208 210 211 212 216 217 218 219 220 221 222 223 224 227 228 229 234 235 236 237 239 241 242 244 246 248 249 250 251 252 257 261 263 264 265 267 268 271 276 277 278 281 282 283 284 285 288 291 294 295 299 301 302 303 304 307 308 312 313 314 318 319 320 321 327 329 330 331 333 335 336 337 339 342 345 348 349 350 353 354 355 356 357 359 362 363 366 368 370 371 372 375 376 378 382 383 384 385 386 387 390 394 395 397 398 402 405 406 408 409 411 416 419 420 421 423 424 425 428 430 435 436 437 439 440 441 442 443 444 445 448 450 451 452 453 458 459 461 463 464 465 466 467 470 471 475 476 477 479 480 482 483 485 486 489 490 491 494 495 498 499
176 97
177 26 178 182 183 185 186 187 188 190 193 194 196 197 199 200 201 203 204 206 207 208 210 211 212 216 217 218 219 220 221 222 223 224 227 228 229 231 234 235 236 237 239 241 242 244 246 248 249 250 251 252 253 257 259 261 263 264 265 267 268 270 271 276 277 278 280 281 282 283 284 285 288 291 294 295 299 301 302 303 304 307 308 309 312 313 314 318 319 320 321 327 329 330 331 333 335 336 337 339 342 345 348 349 350 353 354 355 356 357 359 362 363 366 368 370 371 372 375 376 378 380 382 383 384 385 386 387 390 394 395 397 398 402 405 406 408 409 411 412 416 419 420 421 423 424 425 428 430 435 436 437 439 440 441 442 443 444 445 446 448 450 451 452 453 458 459 461 463 464 465 466 467 470 471 475 476 477 479 480 482 483 485 486 487 489 490 491 492 494 495 498 499
178 80 182 183 185 186 187 188 193 194 196 199 200 201 204 206 208 210 218 219 220 224 227 228 229 235 236 237 239 241 244 246 248 250 251 252 257 263 264 265 267 268 271 276 278 281 282 283 284 285 288 291 294 295 301 307 308 312 313 314 318 319 327 330 331 333 337 339 342 345 348 349 354 355 357 362 366 370 372 375 376 378 382 383 384 385 386 387 394 395 397 398 402 405 406 408 409 411 416 421 423 424 428 430 435 436 437 439 440 444 445 451 452 453 459 461 463 464 466 467 470 471 475 476 477 479 480 482 483 485 486 490 491 494 495 498 499
179 41
180 56 185 201 276 284 295 349 480
181 70
182 97 183 185 186 187 188 190 193 194 196 197 199 200 201 204 206 208 210 211 212 216 217 218 219 220 221 222 223 224 227 228 229 231 234 235 236 237 239 241 242 244 246 248 249 250 251 252 253 257 261 263 264 265 267 268 270 271 276 277 278 281 282 283 284 285 288 291 294 295 299 301 302 303 304 307 308 309 312 313 314 318 319 320 321 327 329 330 331 333 335 336 337 339 342 345 348 349 350 353 354 355 356 357 359 362 363 366 368 370 371 372 375 376 378 382 383 384 385 386 387 390 394 395 397 398 402 405 406 408 409 411 416 419 420 421 423 424 425 428 430 435 436 437 439 440 441 442 443 444 445 448 450 451 452 453 458 459 461 463 464 465 466 467 470 471 475 476 477 479 480 482 483 485 486 489 490 491 494 495 498 499
183 48 185 186 187 188 193 194 199 200 201 204 206 219 220 227 228 229 235 236 237 241 244 246 248 250 251 252 257 263 264 265 267 268 276 278 281 282 283 284 285 288 294 295 307 308 314 318 330 333 339 345 348 349 354 355 357 366 370 372 376 378 382 386 387 395 397 398 406 408 409 411 423 428 430 435 436 437 439 444 445 451 452 453 461 466 467 470 477 479 480 482 483 486 490 491 494 495 498
184 87
185 23 186 187 188 190 193 194 196 197 199 200 201 203 204 206 207 208 210 211 212 215 216 217 218 219 220 221 222 223 224 227 228 229 231 234 235 236 237 239 241 242 244 246 248 249 250 251 252 253 257 259 261 263 264 265 267 268 270 271 276 277 278 280 281 282 283 284 285 288 291 294 295 299 301 302 303 304 307 308 309 312 313 314 317 318 319 320 321 327 328 329 330 331 333 335 336 337 338 339 342 345 348 349 350 353 354 355 356 357 359 362 363 366 368 370 371 372 375 376 378 380 382 383 384 385 386 387 390 394 395 397 398 401 402 405 406 408 409 411 412 416 419 420 421 423 424 425 428 430 435 436 437 439 440 441 442 443 444 445 446 448 450 451 452 453 458 459 461 463 464 465 466 467 470 471 475 476 477 479 480 482 483 485 486 487 489 490 491 492 494 495 498 499
186 32 187 188 190 193 194 196 197 199 200 201 203 204 206 207 208 210 211 212 215 216 217 218 219 220 221 222 223 224 227 228 229 231 234 235 236 237 239 241 242 244 246 248 249 250 251 252 253 257 259 261 263 264 265 267 268 270 271 276 277 278 280 281 282 283 284 285 288 291 294 295 299 301 302 303 304 307 308 309 312 313 314 318 319 320 321 327 328 329 330 331 333 335 336 337 338 339 342 345 348 349 350 353 354 355 356 357 359 362 363 366 368 370 371 372 375 376 378 380 382 383 384 385 386 387 390 394 395 397 398 401 402 405 406 408 409 411 412 416 419 420 421 423 424 425 428 430 435 436 437 439 440 441 442 443 444 445 446 448 450 451 452 453 458 459 461 463 464 465 466 467 470 471 475 476 477 479 480 482 483 485 486 487 489 490 491 492 494 495 498 499
187 75 188 190 193 194 196 197 199 200 201 203 204 206 207 208 210 211 212 215 216 217 218 219 220 221 222 223 224 227 228 229 231 234 235 236 237 239 241 242 244 246 248 249 250 251 252 253 257 259 261 263 264 265 267 268 270 271 276 277 278 280 281 282 283 284 285 288 291 294 295 299 301 302 303 304 307 308 309 312 313 314 317 318 319 320 321 327 328 329 330 331 333 335 336 337 338 339 342 345 348 349 350 353 354 355 356 357 359 362 363 366 368 370 371 372 375 376 378 380 382 383 384 385 386 387 390 394 395 397 398 401 402 405 406 408 409 411 412 416 419 420 421 423 424 425 428 430 435 436 437 439 440 441 442 443 444 445 446 448 450 451 452 453 458 459 461 463 464 465 466 467 470 471 475 476 477 479 480 482 483 485 486 487 489 490 491 492 494 495 498 499
188 100 190 193 194 196 197 199 200 201 204 206 208 210 211 212 216 217 218 219 220 223 224 227 228 229 234 235 236 237 239 241 244 246 248 249 250 251 252 257 263 264 265 267 268 271 276 277 278 281 282 283 284 285 288 291 294 295 299 301 302 303 304 307 308 312 313 314 318 319 320 321 327 330 331 333 335 337 339 342 345 348 349 350 353 354 355 357 359 362 363 366 370 371 372 375 376 378 382 383 384 385 386 387 390 394 395 397 398 402 405 406 408 409 411 416 419 420 421 423 424 425 428 430 435 436 437 439 440 442 443 444 445 448 450 451 452 453 459 461 463 464 465 466 467 470 471 475 476 477 479 480 482 483 485 486 489 490 491 494 495 498 499
189 97
190 51 194 199 200 201 204 219 220 227 228 229 236 237 241 244 246 250 251 252 264 267 268 276 284 294 295 314 330 339 345 349 354 355 357 372 376 382 397 408 411 436 439 444 453 466 470 477 479 480 486 490 491
191 78
192 78
193 21 194 196 199 200 201 204 206 208 210 211 218 219 220 223 224 227 228 229 235 236 237 239 241 244 246 248 250 251 252 257 263 264 265 267 268 271 276 278 281 282 283 284 285 288 291 294 295 301 307 308 312 313 314 318 319 327 330 331 333 335 337 339 342 345 348 349 350 354 355 357 362 366 370 372 375 376 378 382 383 384 385 386 387 394 395 397 398 402 405 406 408 409 411 416 420 421 423 424 425 428 430 435 436 437 439 440 444 445 451 452 453 459 461 463 464 466 467 470 471 475 476 477 479 480 482 483 485 486 490 491 494 495 498 499
194 72 196 197 199 200 201 203 204 206 207 208 210 211 212 216 217 218 219 220 221 222 223 224 227 228 229 231 234 235 236 237 239 241 242 244 246 248 249 250 251 252 253 257 261 263 264 265 267 268 270 271 276 277 278 280 281 282 283 284 285 288 291 294 295 299 301 302 303 304 307 308 309 312 313 314 318 319 320 321 327 329 330 331 333 335 336 337 339 342 345 348 349 350 353 354 355 356 357 359 362 363 366 368 370 371 372 375 376 378 380 382 383 384 385 386 387 390 394 395 397 398 402 405 406 408 409 411 416 419 420 421 423 424 425 428 430 435 436 437 439 440 441 442 443 444 445 448 450 451 452 453 458 459 461 463 464 465 466 467 470 471 475 476 477 479 480 482 483 485 486 487 489 490 491 492 494 495 498 499
195 72
196 79 199 200 201 204 206 219 220 227 228 229 235 236 237 241 244 246 248 250 251 252 257 263 264 265 267 268 276 278 281 282 283 284 285 288 294 295 307 308 314 318 330 333 339 345 348 349 354 355 357 366 370 372 376 378 382 386 387 395 397 398 406 408 409 411 423 428 430 435 436 437 439 444 445 451 452 453 461 466 467 470 477 479 480 482 483 486 490 491 494 495 498
197 46 199 200 201 204 219 220 227 228 229 236 237 241 244 246 250 251 252 264 267 268 276 284 294 295 314 330 339 345 349 354 355 357 372 376 382 397 408 411 436 437 439 444 453 466 470 477 479 480 486 490 491
198 30
199 48 200 201 203 204 206 207 208 210 211 212 215 216 217 218 219 220 221 222 223 224 227 228 229 231 234 235 236 237 239 241 242 244 246 248 249 250 251 252 253 257 259 261 263 264 265 267 268 270 271 276 277 278 280 281 282 283 284 285 288 291 294 295 299 301 302 303 304 307 308 309 312 313 314 318 319 320 321 327 328 329 330 331 333 335 336 337 338 339 342 345 348 349 350 353 354 355 356 357 359 362 363 366 368 370 371 372 375 376 378 380 382 383 384 385 386 387 390 394 395 397 398 401 402 405 406 408 409 411 412 416 419 420 421 423 424 425 428 430 435 436 437 439 440 441 442 443 444 445 446 448 450 451 452 453 458 459 461 463 464 465 466 467 470 471 475 476 477 479 480 482 483 485 486 487 489 490 491 492 494 495 498 499
200 27 201 204 206 208 210 211 212 216 217 218 219 220 223 224 227 228 229 234 235 236 237 239 241 244 246 248 249 250 251 252 257 263 264 265 267 268 271 276 277 278 281 282 283 284 285 288 291 294 295 299 301 302 303 304 307 308 312 313 314 318 319 321 327 330 331 333 335 337 339 342 345 348 349 350 353 354 355 357 359 362 363 366 370 371 372 375 376 378 382 383 384 385 386 387 390 394 395 397 398 402 405 406 408 409 411 416 419 420 421 423 424 425 428 430 435 436 437 439 440 442 443 444 445 448 450 451 452 453 459 461 463 464 465 466 467 470 471 475 476 477 479 480 482 483 485 486 489 490 491 494 495 498 499
201 95 203 204 206 207 208 210 211 212 215 216 217 218 219 220 221 222 223 224 227 228 229 231 234 235 236 237 239 241 242 244 246 248 249 250 251 252 253 257 259 261 263 264 265 267 268 270 271 276 277 278 280 281 282 283 284 285 288 291 294 295 299 301 302 303 304 307 308 309 312 313 314 317 318 319 320 321 327 328 329 330 331 333 335 336 337 338 339 342 345 348 349 350 353 354 355 356 357 359 362 363 366 368 370 371 372 375 376 378 380 382 383 384 385 386 387 390 394 395 397 398 401 402 405 406 408 409 411 412 416 419 420 421 423 424 425 428 430 435 436 437 439 440 441 442 443 444 445 446 448 450 451 452 453 458 459 461 463 464 465 466 467 470 471 475 476 477 479 480 482 483 485 486 487 489 490 491 492 494 495 498 499
202 48
203 67 204 219 267 276 284 295 349 354 355 357 411 439 470 480 490
204 58 206 207 208 210 211 212 216 217 218 219 220 221 222 223 224 227 228 229 231 234 235 236 237 239 241 242 244 246 248 249 250 251 252 253 257 261 263 264 265 267 268 270 271 276 277 278 280 281 282 283 284 285 288 291 294 295 299 301 302 303 304 307 308 309 312 313 314 318 319 320 321 327 329 330 331 333 335 336 337 339 342 345 348 349 350 353 354 355 356 357 359 362 363 366 368 370 371 372 375 376 378 380 382 383 384 385 386 387 390 394 395 397 398 402 405 406 408 409 411 416 419 420 421 423 424 425 428 430 435 436 437 439 440 441 442 443 444 445 448 450 451 452 453 458 459 461 463 464 465 466 467 470 471 475 476 477 479 480 482 483 485 486 487 489 490 491 492 494 495 498 499
205 46
206 92 208 210 211 218 219 220 223 224 227 228 229 235 236 237 239 241 244 246 248 250 251 252 257 263 264 265 267 268 271 276 278 281 282 283 284 285 288 291 294 295 301 307 308 312 313 314 318 319 327 330 331 333 335 337 339 342 345 348 349 350 354 355 357 362 366 370 372 375 376 378 382 383 384 385 386 387 394 395 397 398 402 405 406 408 409 411 416 420 421 423 424 428 430 435 436 437 439 440 444 445 451 452 453 459 461 463 464 466 467 470 471 475 476 477 479 480 482 483 485 486 490 491 494 495 498 499
207 21 219 228 267 276 284 295 349 354 355 357 411 439 466 470 480 490
208 82 218 219 220 227 228 229 235 236 237 239 241 244 246 248 250 251 252 257 263 264 265 267 268 271 276 278 281 282 283 284 285 288 294 295 307 308 314 318 330 333 339 345 348 349 354 355 357 366 370 372 376 378 382 386 387 395 397 398 406 408 409 411 423 428 430 435 436 437 439 444 445 451 452 453 461 466 467 470 477 479 480 482 483 486 490 491 494 495 498
209 91
210 40 218 219 220 224 227 228 229 235 236 237 239 241 244 246 248 250 251 252 257 263 264 265 267 268 271 276 278 281 282 283 284 285 288 291 294 295 301 307 308 312 314 318 330 333 337 339 345 348 349 354 355 357 362 366 370 372 376 378 382 383 385 386 387 394 395 397 398 405 406 408 409 411 416 421 423 428 430 435 436 437 439 444 445 451 452 453 459 461 464 466 467 470 471 475 477 479 480 482 483 485 486 490 491 494 495 498
211 56 219 220 227 228 229 235 236 237 241 244 246 248 250 251 252 263 264 265 267 268 276 278 281 282 283 284 288 294 295 307 308 314 318 330 333 339 345 348 349 354 355 357 366 370 372 376 378 382 386 387 395 397 408 409 411 423 428 430 435 436 437 439 444 445 451 452 453 461 466 467 470 477 479 480 482 483 486 490 491 494 495 498
212 24 219 220 227 228 229 236 237 241 244 246 250 251 252 264 267 276 284 294 295 314 330 339 345 349 354 355 357 372 376 382 397 408 411 436 439 444 453 466 470 477 479 480 486 490 491
213 94
214 44
215 91 276 284 295 349 354 411 480
216 92 219 220 227 228 229 237 244 246 251 252 264 267 276 284 294 295 314 330 339 345 349 354 355 357 376 408 411 436 439 444 453 466 470 477 479 480 490
217 81 219 220 227 228 229 236 237 241 244 246 248 250 251 252 264 265 267 268 276 278 284 288 294 295 307 308 314 330 333 339 345 349 354 355 357 372 376 378 382 397 408 409 411 436 437 439 444 453 466 467 470 477 479 480 486 490 491
218 24 219 220 224 227 228 229 235 236 237 239 241 244 246 248 250 251 252 257 263 264 265 267 268 271 276 278 281 282 283 284 285 288 291 294 295 301 307 308 312 313 314 318 327 330 331 333 337 339 345 348 349 354 355 357 362 366 370 372 375 376 378 382 383 384 385 386 387 394 395 397 398 402 405 406 408 409 411 416 421 423 424 428 430 435 436 437 439 440 444 445 451 452 453 459 461 463 464 466 467 470 471 475 476 477 479 480 482 483 485 486 490 491 494 495 498 499
219 84 220 221 222 223 224 227 228 229 231 234 235 236 237 239 241 242 244 246 248 249 250 251 252 253 257 261 263 264 265 267 268 270 271 276 277 278 280 281 282 283 284 285 288 291 294 295 299 301 302 303 304 307 308 309 312 313 314 318 319 320 321 327 329 330 331 333 335 336 337 339 342 345 348 349 350 353 354 355 356 357 359 362 363 366 368 370 371 372 375 376 378 380 382 383 384 385 386 387 390 394 395 397 398 402 405 406 408 409 411 416 419 420 421 423 424 425 428 430 435 436 437 439 440 441 442 443 444 445 448 450 451 452 453 458 459 461 463 464 465 466 467 470 471 475 476 477 479 480 482 483 485 486 487 489 490 491 492 494 495 498 499
220 44 223 224 227 228 229 234 235 236 237 239 241 244 246 248 249 250 251 252 257 263 264 265 267 268 271 276 277 278 281 282 283 284 285 288 291 294 295 299 301 302 303 304 307 308 312 313 314 318 319 320 321 327 330 331 333 335 337 339 342 345 348 349 350 353 354 355 357 359 362 363 366 368 370 371 372 375 376 378 382 383 384 385 386 387 390 394 395 397 398 402 405 406 408 409 411 416 419 420 421 423 424 425 428 430 435 436 437 439 440 442 443 444 445 448 450 451 452 453 459 461 463 464 465 466 467 470 471 475 476 477 479 480 482 483 485 486 489 490 491 494 495 498 499
221 83 227 228 252 264 267 276 284 294 295 330 349 354 355 357 376 408 411 436 439 444 466 470 479 480 490
222 37 227 228 252 264 267 276 284 294 295 349 354 355 357 411 436 439 444 466 470 479 480 490
223 98 227 228 229 235 236 237 241 244 246 248 250 251 252 263 264 265 267 268 276 278 281 282 283 284 288 294 295 307 308 314 318 330 333 339 345 348 349 354 355 357 366 370 372 376 378 382 386 387 395 397 408 409 411 423 428 430 435 436 437 439 444 445 451 452 453 461 466 467 470 477 479 480 482 483 486 490 491 494 498
224 85 227 228 229 235 236 237 239 241 244 246 248 250 251 252 257 263 264 265 267 268 271 276 278 281 282 283 284 285 288 291 294 295 301 307 308 312 314 318 330 333 337 339 345 348 349 354 355 357 362 366 370 372 376 378 382 385 386 387 394 395 397 398 405 406 408 409 411 416 421 423 428 430 435 436 437 439 444 445 451 452 453 459 461 464 466 467 470 471 475 477 479 480 482 483 485 486 490 491 494 495 498
225 88
226 95
227 29 228 229 234 235 236 237 239 241 242 244 246 248 249 250 251 252 257 261 263 264 265 267 268 271 276 277 278 281 282 283 284 285 288 291 294 295 299 301 302 303 304 307 308 312 313 314 318 319 320 321 327 329 330 331 333 335 336 337 339 342 345 348 349 350 353 354 355 356 357 359 362 363 366 368 370 371 372 375 376 378 382 383 384 385 386 387 390 394 395 397 398 402 405 406 408 409 411 416 419 420 421 423 424 425 428 430 435 436 437 439 440 441 442 443 444 445 448 450 451 452 453 458 459 461 463 464 465 466 467 470 471 475 476 477 479 480 482 483 485 486 489 490 491 494 495 498 499
228 35 229 231 234 235 236 237 239 241 242 244 246 248 249 250 251 252 253 257 261 263 264 265 267 268 270 271 276 277 278 280 281 282 283 284 285 288 291 294 295 299 301 302 303 304 307 308 309 312 313 314 318 319 320 321 327 329 330 331 333 335 336 337 339 342 345 348 349 350 353 354 355 356 357 359 362 363 366 368 370 371 372 375 376 378 380 382 383 384 385 386 387 390 394 395 397 398 402 405 406 408 409 411 416 419 420 421 423 424 425 428 430 435 436 437 439 440 441 442 443 444 445 448 450 451 452 453 458 459 461 463 464 465 466 467 470 471 475 476 477 479 480 482 483 485 486 487 489 490 491 492 494 495 498 499
229 100 234 235 236 237 239 241 244 246 248 249 250 251 252 257 261 263 264 265 267 268 271 276 277 278 281 282 283 284 285 288 291 294 295 299 301 302 303 304 307 308 312 313 314 318 319 320 321 327 330 331 333 335 337 339 342 345 348 349 350 353 354 355 357 359 362 363 366 368 370 371 372 375 376 378 382 383 384 385 386 387 390 394 395 397 398 402 405 406 408 409 411 416 419 420 421 423 424 425 428 430 435 436 437 439 440 442 443 444 445 448 450 451 452 453 459 461 463 464 465 466 467 470 471 475 476 477 479 480 482 483 485 486 489 490 491 494 495 498 499
230 55
231 48 264 267 276 284 294 295 349 354 355 357 411 439 444 466 470 480 490
232 27
233 20
234 66 236 237 241 244 246 250 251 252 264 267 276 284 294 295 314 330 339 345 349 354 355 357 372 376 382 397 408 411 436 439 444 453 466 470 477 479 480 486 490 491
235 62 236 237 239 241 244 246 248 249 250 251 252 257 263 264 265 267 268 271 276 278 281 282 283 284 285 288 291 294 295 301 303 307 308 312 313 314 318 319 321 327 330 331 333 335 337 339 342 345 348 349 350 353 354 355 357 362 366 370 372 375 376 378 382 383 384 385 386 387 394 395 397 398 402 405 406 408 409 411 416 419 420 421 423 424 425 428 430 435 436 437 439 440 444 445 448 451 452 453 459 461 463 464 466 467 470 471 475 476 477 479 480 482 483 485 486 490 491 494 495 498 499
236 52 237 239 241 244 246 248 249 250 251 252 257 263 264 265 267 268 271 276 278 281 282 283 284 285 288 291 294 295 301 302 303 307 308 312 313 314 318 319 321 327 330 331 333 335 337 339 342 345 348 349 350 353 354 355 357 362 366 370 372 375 376 378 382 383 384 385 386 387 394 395 397 398 402 405 406 408 409 411 416 419 420 421 423 424 425 428 430 435 436 437 439 440 442 443 444 445 448 450 451 452 453 459 461 463 464 466 467 470 471 475 476 477 479 480 482 483 485 486 489 490 491 494 495 498 499
237 88 239 241 244 246 248 249 250 251 252 257 263 264 265 267 268 271 276 277 278 281 282 283 284 285 288 291 294 295 299 301 302 303 304 307 308 312 313 314 318 319 321 327 330 331 333 335 337 339 342 345 348 349 350 353 354 355 357 359 362 363 366 370 371 372 375 376 378 382 383 384 385 386 387 390 394 395 397 398 402 405 406 408 409 411 416 419 420 421 423 424 425 428 430 435 436 437 439 440 442 443 444 445 448 450 451 452 453 459 461 463 464 465 466 467 470 471 475 476 477 479 480 482 483 485 486 489 490 491 494 495 498 499
238 59
239 97 241 244 246 248 250 251 252 257 263 264 265 267 268 271 276 278 281 282 283 284 285 288 291 294 295 301 307 308 312 313 314 318 327 330 331 333 337 339 345 348 349 354 355 357 362 366 370 372 375 376 378 382 383 384 385 386 387 394 395 397 398 402 405 406 408 409 411 416 421 423 424 428 430 435 436 437 439 440 444 445 451 452 453 459 461 463 464 466 467 470 471 475 476 477 479 480 482 483 485 486 490 491 494 495 498 499
240 91
241 81 244 246 248 249 250 251 252 257 263 264 265 267 268 271 276 278 281 282 283 284 285 288 291 294 295 301 302 303 307 308 312 313 314 318 319 321 327 330 331 333 335 337 339 342 345 348 349 350 353 354 355 357 362 366 370 372 375 376 378 382 383 384 385 386 387 394 395 397 398 402 405 406 408 409 411 416 419 420 421 423 424 425 428 430 435 436 437 439 440 442 443 444 445 448 450 451 452 453 459 461 463 464 466 467 470 471 475 476 477 479 480 482 483 485 486 489 490 491 494 495 498 499
242 81 252 264 267 276 284 294 295 330 349 354 355 357 376 408 411 436 439 444 466 470 479 480 490
243 86
244 48 246 248 249 250 251 252 257 261 263 264 265 267 268 271 276 277 278 281 282 283 284 285 288 291 294 295 299 301 302 303 304 307 308 312 313 314 318 319 320 321 327 329 330 331 333 335 337 339 342 345 348 349 350 353 354 355 357 359 362 363 366 368 370 371 372 375 376 378 382 383 384 385 386 387 390 394 395 397 398 402 405 406 408 409 411 416 419 420 421 423 424 425 428 430 435 436 437 439 440 441 442 443 444 445 448 450 451 452 453 459 461 463 464 465 466 467 470 471 475 476 477 479 480 482 483 485 486 489 490 491 494 495 498 499
245 43
246 60 248 249 250 251 252 257 261 263 264 265 267 268 271 276 277 278 281 282 283 284 285 288 291 294 295 299 301 302 303 304 307 308 312 313 314 318 319 320 321 327 329 330 331 333 335 337 339 342 345 348 349 350 353 354 355 357 359 362 363 366 368 370 371 372 375 376 378 382 383 384 385 386 387 390 394 395 397 398 402 405 406 408 409 411 416 419 420 421 423 424 425 428 430 435 436 437 439 440 441 442 443 444 445 448 450 451 452 453 459 461 463 464 465 466 467 470 471 475 476 477 479 480 482 483 485 486 489 490 491 494 495 498 499
247 72
248 88 249 250 251 252 257 263 264 265 267 268 271 276 278 281 282 283 284 285 288 291 294 295 301 302 303 307 308 312 313 314 318 319 321 327 330 331 333 335 337 339 342 345 348 349 350 353 354 355 357 362 366 370 372 375 376 378 382 383 384 385 386 387 394 395 397 398 402 405 406 408 409 411 416 419 420 421 423 424 425 428 430 435 436 437 439 440 442 444 445 448 451 452 453 459 461 463 464 466 467 470 471 475 476 477 479 480 482 483 485 486 490 491 494 495 498 499
249 90 250 251 252 263 264 265 267 268 276 278 283 284 288 294 295 307 308 314 330 333 339 345 348 349 354 355 357 370 372 376 378 382 387 397 408 409 411 423 428 436 437 439 444 451 452 453 461 466 467 470 477 479 480 483 486 490 491 494 498
250 48 251 252 257 263 264 265 267 268 271 276 278 281 282 283 284 285 288 291 294 295 301 302 303 307 308 312 313 314 318 319 321 327 330 331 333 335 337 339 342 345 348 349 350 353 354 355 357 362 366 370 372 375 376 378 382 383 384 385 386 387 394 395 397 398 402 405 406 408 409 411 416 419 420 421 423 424 425 428 430 435 436 437 439 440 442 443 444 445 448 450 451 452 453 459 461 463 464 466 467 470 471 475 476 477 479 480 482 483 485 486 489 490 491 494 495 498 499
251 38 252 257 261 263 264 265 267 268 271 276 277 278 281 282 283 284 285 288 291 294 295 299 301 302 303 304 307 308 312 313 314 318 319 320 321 327 330 331 333 335 337 339 342 345 348 349 350 353 354 355 357 359 362 363 366 368 370 371 372 375 376 378 382 383 384 385 386 387 390 394 395 397 398 402 405 406 408 409 411 416 419 420 421 423 424 425 428 430 435 436 437 439 440 442 443 444 445 448 450 451 452 453 459 461 463 464 465 466 467 470 471 475 476 477 479 480 482 483 485 486 489 490 491 494 495 498 499
252 60 257 261 263 264 265 267 268 271 276 277 278 281 282 283 284 285 288 291 294 295 299 301 302 303 304 307 308 312 313 314 318 319 320 321 327 329 330 331 333 335 336 337 339 342 345 348 349 350 353 354 355 356 357 359 362 363 366 368 370 371 372 375 376 378 382 383 384 385 386 387 390 394 395 397 398 402 405 406 408 409 411 416 419 420 421 423 424 425 428 430 435 436 437 439 440 441 442 443 444 445 448 450 451 452 453 458 459 461 463 464 465 466 467 470 471 475 476 477 479 480 482 483 485 486 489 490 491 494 495 498 499
253 53 264 267 276 284 295 349 354 355 357 411 439 466 470 480 490
254 55
255 90
256 48
257 55 263 264 265 267 268 271 276 278 281 282 283 284 285 288 291 294 295 301 307 308 312 313 314 318 327 330 331 333 337 339 342 345 348 349 354 355 357 362 366 370 372 375 376 378 382 383 384 385 386 387 394 395 397 398 402 405 406 408 409 411 416 421 423 424 428 430 435 436 437 439 440 444 445 451 452 453 459 461 463 464 466 467 470 471 475 476 477 479 480 482 483 485 486 490 491 494 495 498 499
258 57
259 59 267 276 284 295 349 354 411 439 480 490
260 25
261 51 264 267 276 284 294 295 314 330 339 345 349 354 355 357 376 408 411 436 439 444 453 466 470 477 479 480 490
262 22
263 43 264 265 267 268 271 276 278 281 282 283 284 285 288 291 294 295 301 303 307 308 312 313 314 318 319 321 327 330 331 333 335 337 339 342 345 348 349 350 353 354 355 357 362 366 370 372 375 376 378 382 383 384 385 386 387 394 395 397 398 402 405 406 408 409 411 416 419 420 421 423 424 425 428 430 435 436 437 439 440 444 445 448 451 452 453 459 461 463 464 466 467 470 471 475 476 477 479 480 482 483 485 486 490 491 494 495 498 499
264 31 265 267 268 270 271 276 277 278 281 282 283 284 285 288 291 294 295 299 301 302 303 304 307 308 309 312 313 314 318 319 320 321 327 329 330 331 333 335 336 337 339 342 345 348 349 350 353 354 355 356 357 359 362 363 366 368 370 371 372 375 376 378 382 383 384 385 386 387 390 394 395 397 398 402 405 406 408 409 411 416 419 420 421 423 424 425 428 430 435 436 437 439 440 441 442 443 444 445 448 450 451 452 453 458 459 461 463 464 465 466 467 470 471 475 476 477 479 480 482 483 485 486 489 490 491 494 495 498 499
265 52 267 268 271 276 278 281 282 283 284 285 288 291 294 295 301 303 307 308 312 313 314 318 319 321 327 330 331 333 335 337 339 342 345 348 349 350 353 354 355 357 362 366 370 372 375 376 378 382 383 384 385 386 387 394 395 397 398 402 405 406 408 409 411 416 419 420 421 423 424 425 428 430 435 436 437 439 440 442 444 445 448 451 452 453 459 461 463 464 466 467 470 471 475 476 477 479 480 482 483 485 486 490 491 494 495 498 499
266 89
267 96 268 270 271 276 277 278 280 281 282 283 284 285 288 291 294 295 299 301 302 303 304 307 308 309 312 313 314 318 319 320 321 327 329 330 331 333 335 336 337 339 342 345 348 349 350 353 354 355 356 357 359 362 363 366 368 370 371 372 375 376 378 380 382 383 384 385 386 387 390 394 395 397 398 402 405 406 408 409 411 412 416 419 420 421 423 424 425 428 430 435 436 437 439 440 441 442 443 444 445 446 448 450 451 452 453 458 459 461 463 464 465 466 467 470 471 475 476 477 479 480 482 483 485 486 487 489 490 491 492 494 495 498 499
268 58 271 276 278 281 282 283 284 285 288 291 294 295 301 302 303 307 308 312 313 314 318 319 321 327 330 331 333 335 337 339 342 345 348 349 350 353 354 355 357 362 366 370 372 375 376 378 382 383 384 385 386 387 394 395 397 398 402 405 406 408 409 411 416 419 420 421 423 424 425 428 430 435 436 437 439 440 442 444 445 448 451 452 453 459 461 463 464 466 467 470 471 475 476 477 479 480 482 483 485 486 490 491 494 495 498 499
269 63
270 27 276 284 295 349 354 355 357 411 439 466 470 480 490
271 46 276 278 281 282 283 284 285 288 291 294 295 301 307 308 312 313 314 318 327 330 331 333 337 339 345 348 349 354 355 357 362 366 370 372 375 376 378 382 383 384 385 386 387 394 395 397 398 402 405 406 408 409 411 416 421 423 424 428 430 435 436 437 439 440 444 445 451 452 453 459 461 463 464 466 467 470 471 475 476 477 479 480 482 483 485 486 490 491 494 495 498 499
272 43
273 30
274 44
275 71
276 66 277 278 280 281 282 283 284 285 288 291 294 295 299 301 302 303 304 307 308 309 312 313 314 317 318 319 320 321 327 328 329 330 331 333 335 336 337 338 339 342 345 348 349 350 353 354 355 356 357 359 362 363 366 368 370 371 372 375 376 378 380 382 383 384 385 386 387 390 394 395 397 398 401 402 405 406 408 409 411 412 416 419 420 421 423 424 425 428 430 435 436 437 439 440 441 442 443 444 445 446 448 450 451 452 453 458 459 461 463 464 465 466 467 470 471 475 476 477 479 480 482 483 485 486 487 489 490 491 492 494 495 498 499
277 64 284 294 295 314 330 339 345 349 354 355 357 376 408 411 436 439 444 453 466 470 477 479 480 490
278 28 281 282 283 284 285 288 291 294 295 301 302 303 307 308 312 313 314 318 319 321 327 330 331 333 335 337 339 342 345 348 349 350 353 354 355 357 362 366 370 372 375 376 378 382 383 384 385 386 387 394 395 397 398 402 405 406 408 409 411 416 419 420 421 423 424 425 428 430 435 436 437 439 440 442 444 445 448 451 452 453 459 461 463 464 466 467 470 471 475 476 477 479 480 482 483 485 486 490 491 494 495 498 499
279 83
280 88 284 295 349 354 355 357 411 439 466 470 480 490
281 42 282 283 284 285 288 291 294 295 301 307 308 312 313 314 318 319 327 330 331 333 335 337 339 342 345 348 349 350 354 355 357 362 366 370 372 375 376 378 382 383 384 385 386 387 394 395 397 398 402 405 406 408 409 411 416 420 421 423 424 425 428 430 435 436 437 439 440 444 445 451 452 453 459 461 463 464 466 467 470 471 475 476 477 479 480 482 483 485 486 490 491 494 495 498 499
282 92 283 284 285 288 291 294 295 301 307 308 312 313 314 318 319 327 330 331 333 335 337 339 342 345 348 349 350 354 355 357 362 366 370 372 375 376 378 382 383 384 385 386 387 394 395 397 398 402 405 406 408 409 411 416 420 421 423 424 428 430 435 436 437 439 440 444 445 451 452 453 459 461 463 464 466 467 470 471 475 476 477 479 480 482 483 485 486 490 491 494 495 498 499
283 95 284 285 288 291 294 295 301 307 308 312 313 314 318 319 327 330 331 333 335 337 339 342 345 348 349 350 353 354 355 357 362 366 370 372 375 376 378 382 383 384 385 386 387 394 395 397 398 402 405 406 408 409 411 416 420 421 423 424 425 428 430 435 436 437 439 440 444 445 451 452 453 459 461 463 464 466 467 470 471 475 476 477 479 480 482 483 485 486 490 491 494 495 498 499
284 36 285 288 291 294 295 299 301 302 303 304 307 308 309 312 313 314 317 318 319 320 321 327 328 329 330 331 333 335 336 337 338 339 342 345 348 349 350 353 354 355 356 357 359 362 363 366 368 370 371 372 375 376 378 380 382 383 384 385 386 387 390 394 395 397 398 401 402 405 406 408 409 411 412 416 419 420 421 423 424 425 428 430 435 436 437 439 440 441 442 443 444 445 446 448 450 451 452 453 458 459 461 463 464 465 466 467 470 471 475 476 477 479 480 482 483 485 486 487 489 490 491 492 494 495 498 499
285 24 288 291 294 295 301 307 308 312 313 314 318 319 327 330 331 333 337 339 342 345 348 349 354 355 357 362 366 370 372 375 376 378 382 383 384 385 386 387 394 395 397 398 402 405 406 408 409 411 416 421 423 424 428 430 435 436 437 439 440 444 445 451 452 453 459 461 463 464 466 467 470 471 475 476 477 479 480 482 483 485 486 490 491 494 495 498 499
286 62
287 44
288 82 291 294 295 301 303 307 308 312 313 314 318 319 321 327 330 331 333 335 337 339 342 345 348 349 350 353 354 355 357 362 366 370 372 375 376 378 382 383 384 385 386 387 394 395 397 398 402 405 406 408 409 411 416 419 420 421 423 424 425 428 430 435 436 437 439 440 442 444 445 448 451 452 453 459 461 463 464 466 467 470 471 475 476 477 479 480 482 483 485 486 490 491 494 495 498 499
289 59
290 31
291 96 294 295 301 307 308 312 314 318 330 333 337 339 345 348 349 354 355 357 362 366 370 372 376 378 382 385 386 387 394 395 397 398 405 406 408 409 411 416 421 423 428 430 435 436 437 439 444 445 451 452 453 459 461 464 466 467 470 471 475 477 479 480 482 483 485 486 490 491 494 495 498
292 44
293 61
294 78 295 299 301 302 303 304 307 308 312 313 314 318 319 320 321 327 329 330 331 333 335 336 337 339 342 345 348 349 350 353 354 355 356 357 359 362 363 366 368 370 371 372 375 376 378 382 383 384 385 386 387 390 394 395 397 398 402 405 406 408 409 411 416 419 420 421 423 424 425 428 430 435 436 437 439 440 441 442 443 444 445 448 450 451 452 453 458 459 461 463 464 465 466 467 470 471 475 476 477 479 480 482 483 485 486 489 490 491 494 495 498 499
295 72 299 301 302 303 304 307 308 309 312 313 314 317 318 319 320 321 327 328 329 330 331 333 335 336 337 338 339 342 345 348 349 350 353 354 355 356 357 359 362 363 366 368 370 371 372 375 376 378 380 382 383 384 385 386 387 390 394 395 397 398 401 402 405 406 408 409 411 412 416 419 420 421 423 424 425 428 430 435 436 437 439 440 441 442 443 444 445 446 448 450 451 452 453 458 459 461 463 464 465 466 467 470 471 475 476 477 479 480 482 483 485 486 487 489 490 491 492 494 495 498 499
296 62
297 76
298 65
299 22 314 330 339 345 349 354 355 357 376 408 411 436 439 444 453 466 470 477 479 480 490
300 41
301 27 307 308 312 314 318 327 330 333 337 339 345 348 349 354 355 357 362 366 370 372 375 376 378 382 383 384 385 386 387 394 395 397 398 402 405 406 408 409 411 416 421 423 424 428 430 435 436 437 439 440 444 445 451 452 453 459 461 464 466 467 470 471 475 476 477 479 480 482 483 485 486 490 491 494 495 498 499
302 85 308 314 330 339 345 349 354 355 357 372 376 378 382 397 408 411 436 437 439 444 453 466 467 470 477 479 480 486 490 491
303 80 307 308 314 330 333 339 345 348 349 354 355 357 372 376 378 382 387 397 408 409 411 436 437 439 444 451 452 453 466 467 470 477 479 480 483 486 490 491
304 72 314 330 339 345 349 354 355 357 376 408 411 436 439 444 453 466 470 477 479 480 490
305 100
306 29
307 27 308 312 313 314 318 319 321 327 330 331 333 335 337 339 342 345 348 349 350 353 354 355 357 362 366 370 372 375 376 378 382 383 384 385 386 387 394 395 397 398 402 405 406 408 409 411 416 419 420 421 423 424 425 428 430 435 436 437 439 440 442 444 445 448 451 452 453 459 461 463 464 466 467 470 471 475 476 477 479 480 482 483 485 486 490 491 494 495 498 499
308 43 312 313 314 318 319 321 327 330 331 333 335 337 339 342 345 348 349 350 353 354 355 357 362 366 370 372 375 376 378 382 383 384 385 386 387 394 395 397 398 402 405 406 408 409 411 416 419 420 421 423 424 425 428 430 435 436 437 439 440 442 444 445 448 451 452 453 459 461 463 464 466 467 470 471 475 476 477 479 480 482 483 485 486 490 491 494 495 498 499
309 83 349 354 355 357 411 439 466 470 480 490
310 32
311 33
312 53 314 318 330 333 337 339 345 348 349 354 355 357 362 366 370 372 376 378 382 383 384 385 386 387 394 395 397 398 402 405 406 408 409 411 416 421 423 428 430 435 436 437 439 440 444 445 451 452 453 459 461 464 466 467 470 471 475 477 479 480 482 483 485 486 490 491 494 495 498
313 95 314 318 330 333 339 345 348 349 354 355 357 366 370 372 376 378 382 386 387 395 397 398 406 408 409 411 423 428 430 435 436 437 439 444 445 451 452 453 461 466 467 470 477 479 480 482 483 486 490 491 494 495 498
314 99 318 319 320 321 327 329 330 331 333 335 337 339 342 345 348 349 350 353 354 355 356 357 359 362 363 366 368 370 371 372 375 376 378 382 383 384 385 386 387 390 394 395 397 398 402 405 406 408 409 411 416 419 420 421 423 424 425 428 430 435 436 437 439 440 441 442 443 444 445 448 450 451 452 453 459 461 463 464 465 466 467 470 471 475 476 477 479 480 482 483 485 486 489 490 491 494 495 498 499
315 20
316 23
317 72 349 411 480
318 50 319 327 330 331 333 335 337 339 342 345 348 349 350 354 355 357 362 366 370 372 375 376 378 382 383 384 385 386 387 394 395 397 398 402 405 406 408 409 411 416 420 421 423 424 428 430 435 436 437 439 440 444 445 451 452 453 459 461 463 464 466 467 470 471 475 476 477 479 480 482 483 485 486 490 491 494 495 498 499
319 50 330 333 339 345 348 349 354 355 357 366 370 372 376 378 382 386 387 395 397 398 406 408 409 411 423 428 430 435 436 437 439 444 445 451 452 453 461 466 467 470 477 479 480 482 483 486 490 491 494 495 498
320 27 330 339 345 349 354 355 357 376 408 411 436 439 444 453 466 470 477 479 480 490
321 89 330 333 339 345 348 349 354 355 357 372 376 378 382 387 397 408 409 411 423 436 437 439 444 451 452 453 466 467 470 477 479 480 483 486 490 491 494
322 53
323 75
324 81
325 34
326 27
327 69 330 333 339 345 348 349 354 355 357 362 366 370 372 376 378 382 386 387 395 397 398 406 408 409 411 423 428 430 435 436 437 439 444 445 451 452 453 461 466 467 470 475 477 479 480 482 483 486 490 491 494 495 498
328 48 349 354 411 480
329 84 330 349 354 355 357 376 408 411 436 439 444 466 470 477 479 480 490
330 37 331 333 335 336 337 339 342 345 348 349 350 353 354 355 356 357 359 362 363 366 368 370 371 372 375 376 378 382 383 384 385 386 387 390 394 395 397 398 402 405 406 408 409 411 416 419 420 421 423 424 425 428 430 435 436 437 439 440 441 442 443 444 445 448 450 451 452 453 459 461 463 464 465 466 467 470 471 475 476 477 479 480 482 483 485 486 489 490 491 494 495 498 499
331 69 333 339 345 348 349 354 355 357 366 370 372 376 378 382 386 387 395 397 398 406 408 409 411 423 428 430 435 436 437 439 444 445 451 452 453 461 466 467 470 477 479 480 482 483 486 490 491 494 495 498
332 54
333 51 335 337 339 342 345 348 349 350 353 354 355 357 362 366 370 372 375 376 378 382 383 384 385 386 387 394 395 397 398 402 405 406 408 409 411 416 419 420 421 423 424 425 428 430 435 436 437 439 440 442 444 445 448 451 452 453 459 461 463 464 466 467 470 471 475 476 477 479 480 482 483 485 486 490 491 494 495 498 499
334 49
335 49 339 345 348 349 354 355 357 366 370 372 376 378 382 386 387 395 397 408 409 411 423 428 430 435 436 437 439 444 445 451 452 453 461 466 467 470 477 479 480 482 483 486 490 491 494 495 498
336 54 349 354 355 357 411 436 439 444 466 470 479 480 490
337 100 339 345 348 349 354 355 357 362 366 370 372 376 378 382 385 386 387 394 395 397 398 405 406 408 409 411 416 421 423 428 430 435 436 437 439 444 445 451 452 453 459 461 464 466 467 470 475 477 479 480 482 483 485 486 490 491 494 495 498
338 55 349 354 411 480
339 45 342 345 348 349 350 353 354 355 357 359 362 363 366 368 370 371 372 375 376 378 382 383 384 385 386 387 390 394 395 397 398 402 405 406 408 409 411 416 419 420 421 423 424 425 428 430 435 436 437 439 440 442 443 444 445 448 450 451 452 453 459 461 463 464 465 466 467 470 471 475 476 477 479 480 482 483 485 486 489 490 491 494 495 498 499
340 83
341 61
342 96 345 348 349 354 355 357 366 370 372 376 378 382 386 387 395 397 398 406 408 409 411 423 428 430 435 436 437 439 444 445 451 452 453 461 466 467 470 477 479 480 482 483 486 490 491 494 495 498
343 91
344 37
345 53 348 349 350 353 354 355 357 359 362 363 366 368 370 371 372 375 376 378 382 383 384 385 386 387 390 394 395 397 398 402 405 406 408 409 411 416 419 420 421 423 424 425 428 430 435 436 437 439 440 442 443 444 445 448 450 451 452 453 459 461 463 464 465 466 467 470 471 475 476 477 479 480 482 483 485 486 489 490 491 494 495 498 499
346 76
347 50
348 66 349 350 353 354 355 357 362 366 370 372 375 376 378 382 383 384 385 386 387 394 395 397 398 402 405 406 408 409 411 416 420 421 423 424 425 428 430 435 436 437 439 440 444 445 448 451 452 453 459 461 463 464 466 467 470 471 475 476 477 479 480 482 483 485 486 490 491 494 495 498 499
349 70 350 353 354 355 356 357 359 362 363 366 368 370 371 372 375 376 378 380 382 383 384 385 386 387 390 394 395 397 398 401 402 405 406 408 409 411 412 416 419 420 421 423 424 425 428 430 435 436 437 439 440 441 442 443 444 445 446 448 450 451 452 453 458 459 461 463 464 465 466 467 470 471 475 476 477 479 480 482 483 485 486 487 489 490 491 492 494 495 498 499
350 87 354 355 357 370 372 376 378 382 386 387 397 408 409 411 423 428 430 435 436 437 439 444 445 451 452 453 461 466 467 470 477 479 480 482 483 486 490 491 494 498
351 92
352 35
353 53 354 355 357 370 372 376 378 382 387 397 408 409 411 423 436 437 439 444 451 452 453 461 466 467 470 477 479 480 483 486 490 491 494 498
354 95 355 356 357 359 362 363 366 368 370 371 372 375 376 378 380 382 383 384 385 386 387 390 394 395 397 398 402 405 406 408 409 411 412 416 419 420 421 423 424 425 428 430 435 436 437 439 440 441 442 443 444 445 446 448 450 451 452 453 458 459 461 463 464 465 466 467 470 471 475 476 477 479 480 482 483 485 486 487 489 490 491 492 494 495 498 499
355 47 356 357 359 362 363 366 368 370 371 372 375 376 378 380 382 383 384 385 386 387 390 394 395 397 398 402 405 406 408 409 411 412 416 419 420 421 423 424 425 428 430 435 436 437 439 440 441 442 443 444 445 446 448 450 451 452 453 458 459 461 463 464 465 466 467 470 471 475 476 477 479 480 482 483 485 486 487 489 490 491 492 494 495 498 499
356 56 357 376 408 411 436 439 444 466 470 479 480 490
357 55 359 362 363 366 368 370 371 372 375 376 378 380 382 383 384 385 386 387 390 394 395 397 398 402 405 406 408 409 411 416 419 420 421 423 424 425 428 430 435 436 437 439 440 441 442 443 444 445 448 450 451 452 453 458 459 461 463 464 465 466 467 470 471 475 476 477 479 480 482 483 485 486 487 489 490 491 492 494 495 498 499
358 86
359 32 376 408 411 436 439 444 453 466 470 477 479 480 490
360 99
361 83
362 88 366 370 372 376 378 382 383 384 385 386 387 394 395 397 398 402 405 406 408 409 411 416 421 423 428 430 435 436 437 439 440 444 445 451 452 453 459 461 464 466 467 470 471 475 476 477 479 480 482 483 485 486 490 491 494 495 498
363 41 376 408 411 436 439 444 453 466 470 477 479 480 490
364 63
365 77
366 60 370 372 375 376 378 382 383 384 385 386 387 394 395 397 398 402 405 406 408 409 411 416 420 421 423 424 428 430 435 436 437 439 440 444 445 451 452 453 459 461 463 464 466 467 470 471 475 476 477 479 480 482 483 485 486 490 491 494 495 498 499
367 66
368 53 376 408 411 436 439 444 453 466 470 477 479 480 490
369 79
370 81 372 375 376 378 382 383 384 385 386 387 394 395 397 398 402 405 406 408 409 411 416 420 421 423 424 425 428 430 435 436 437 439 440 444 445 451 452 453 459 461 463 464 466 467 470 471 475 476 477 479 480 482 483 485 486 490 491 494 495 498 499
371 96 376 408 411 436 439 444 453 466 470 477 479 480 490
372 34 375 376 378 382 383 384 385 386 387 394 395 397 398 402 405 406 408 409 411 416 419 420 421 423 424 425 428 430 435 436 437 439 440 442 443 444 445 448 450 451 452 453 459 461 463 464 466 467 470 471 475 476 477 479 480 482 483 485 486 489 490 491 494 495 498 499
373 99
374 47
375 74 376 378 382 386 387 395 397 398 406 408 409 411 423 428 430 435 436 437 439 444 445 451 452 453 461 466 467 470 477 479 480 482 483 486 490 491 494 495 498
376 87 378 382 383 384 385 386 387 390 394 395 397 398 402 405 406 408 409 411 416 419 420 421 423 424 425 428 430 435 436 437 439 440 441 442 443 444 445 448 450 451 452 453 459 461 463 464 465 466 467 470 471 475 476 477 479 480 482 483 485 486 489 490 491 494 495 498 499
377 44
378 77 382 383 384 385 386 387 394 395 397 398 402 405 406 408 409 411 416 419 420 421 423 424 425 428 430 435 436 437 439 440 442 444 445 448 451 452 453 459 461 463 464 466 467 470 471 475 476 477 479 480 482 483 485 486 490 491 494 495 498 499
379 52
380 99 411 439 470 480 490
381 69
382 64 383 384 385 386 387 394 395 397 398 402 405 406 408 409 411 416 419 420 421 423 424 425 428 430 435 436 437 439 440 442 443 444 445 448 451 452 453 459 461 463 464 466 467 470 471 475 476 477 479 480 482 483 485 486 489 490 491 494 495 498 499
383 94 385 386 387 394 395 397 398 406 408 409 411 421 423 428 430 435 436 437 439 444 445 451 452 453 461 464 466 467 470 475 477 479 480 482 483 485 486 490 491 494 495 498
384 38 386 387 394 395 397 398 406 408 409 411 421 423 428 430 435 436 437 439 444 445 451 452 453 461 464 466 467 470 475 477 479 480 482 483 485 486 490 491 494 495 498
385 69 386 387 394 395 397 398 405 406 408 409 411 416 421 423 428 430 435 436 437 439 444 445 451 452 453 459 461 464 466 467 470 471 475 477 479 480 482 483 485 486 490 491 494 495 498
386 61 387 394 395 397 398 402 405 406 408 409 411 416 420 421 423 424 428 430 435 436 437 439 440 444 445 451 452 453 459 461 463 464 466 467 470 471 475 476 477 479 480 482 483 485 486 490 491 494 495 498 499
387 98 394 395 397 398 402 405 406 408 409 411 416 420 421 423 424 425 428 430 435 436 437 439 440 444 445 448 451 452 453 459 461 463 464 466 467 470 471 475 476 477 479 480 482 483 485 486 490 491 494 495 498 499
388 40
389 84
390 89 408 411 436 439 444 453 466 470 477 479 480 490
391 49
392 64
393 53
394 41 395 397 398 402 405 406 408 409 411 416 421 423 428 430 435 436 437 439 440 444 445 451 452 453 459 461 464 466 467 470 471 475 477 479 480 482 483 485 486 490 491 494 495 498
395 34 397 398 402 405 406 408 409 411 416 420 421 423 424 428 430 435 436 437 439 440 444 445 451 452 453 459 461 463 464 466 467 470 471 475 476 477 479 480 482 483 485 486 490 491 494 495 498 499
396 85
397 35 398 402 405 406 408 409 411 416 419 420 421 423 424 425 428 430 435 436 437 439 440 442 444 445 448 451 452 453 459 461 463 464 466 467 470 471 475 476 477 479 480 482 483 485 486 490 491 494 495 498 499
398 55 402 405 406 408 409 411 416 421 423 424 428 430 435 436 437 439 440 444 445 451 452 453 459 461 463 464 466 467 470 471 475 476 477 479 480 482 483 485 486 490 491 494 495 498 499
399 61
400 68
401 100 411 480
402 75 406 408 409 411 421 423 428 430 435 436 437 439 444 445 451 452 453 461 464 466 467 470 475 477 479 480 482 483 485 486 490 491 494 495 498
403 98
404 36
405 44 406 408 409 411 421 423 428 430 435 436 437 439 444 445 451 452 453 459 461 464 466 467 470 475 477 479 480 482 483 485 486 490 491 494 495 498
406 57 408 409 411 416 421 423 424 428 430 435 436 437 439 440 444 445 451 452 453 459 461 463 464 466 467 470 471 475 476 477 479 480 482 483 485 486 490 491 494 495 498 499
407 24
408 60 409 411 416 419 420 421 423 424 425 428 430 435 436 437 439 440 441 442 443 444 445 448 450 451 452 453 459 461 463 464 465 466 467 470 471 475 476 477 479 480 482 483 485 486 489 490 491 494 495 498 499
409 45 411 416 419 420 421 423 424 425 428 430 435 436 437 439 440 442 444 445 448 451 452 453 459 461 463 464 466 467 470 471 475 476 477 479 480 482 483 485 486 490 491 494 495 498 499
410 48
411 60 412 416 419 420 421 423 424 425 428 430 435 436 437 439 440 441 442 443 444 445 446 448 450 451 452 453 458 459 461 463 464 465 466 467 470 471 475 476 477 479 480 482 483 485 486 487 489 490 491 492 494 495 498 499
412 94 439 480 490
413 71
414 70
415 64
416 62 421 423 428 430 435 436 437 439 444 445 451 452 453 459 461 464 466 467 470 475 477 479 480 482 483 485 486 490 491 494 495 498
417 93
418 20
419 69 436 437 439 444 451 452 453 466 467 470 477 479 480 483 486 490 491
420 37 423 428 430 435 436 437 439 444 445 451 452 453 461 466 467 470 477 479 480 482 483 486 490 491 494 495 498
421 63 423 428 430 435 436 437 439 440 444 445 451 452 453 459 461 464 466 467 470 471 475 477 479 480 482 483 485 486 490 491 494 495 498
422 61
423 26 424 425 428 430 435 436 437 439 440 444 445 448 451 452 453 459 461 463 464 466 467 470 471 475 476 477 479 480 482 483 485 486 490 491 494 495 498 499
424 54 428 430 435 436 437 439 444 445 451 452 453 461 466 467 470 477 479 480 482 483 486 490 491 494 495 498
425 89 428 436 437 439 444 445 451 452 453 461 466 467 470 477 479 480 482 483 486 490 491 494 498
426 46
427 54
428 50 430 435 436 437 439 440 444 445 451 452 453 459 461 463 464 466 467 470 471 475 476 477 479 480 482 483 485 486 490 491 494 495 498 499
429 32
430 71 435 436 437 439 440 444 445 451 452 453 459 461 463 464 466 467 470 471 475 476 477 479 480 482 483 485 486 490 491 494 495 498 499
431 62
432 40
433 26
434 59
435 62 436 437 439 440 444 445 451 452 453 459 461 463 464 466 467 470 471 475 476 477 479 480 482 483 485 486 490 491 494 495 498 499
436 27 437 439 440 441 442 443 444 445 448 450 451 452 453 458 459 461 463 464 465 466 467 470 471 475 476 477 479 480 482 483 485 486 489 490 491 494 495 498 499
437 60 439 440 442 444 445 448 451 452 453 459 461 463 464 466 467 470 471 475 476 477 479 480 482 483 485 486 490 491 494 495 498 499
438 50
439 74 440 441 442 443 444 445 446 448 450 451 452 453 458 459 461 463 464 465 466 467 470 471 475 476 477 479 480 482 483 485 486 487 489 490 491 492 494 495 498 499
440 34 444 445 451 452 453 461 464 466 467 470 475 477 479 480 482 483 485 486 490 491 494 495 498
441 40 444 466 470 477 479 480 490
442 70 444 453 466 467 470 477 479 480 483 486 490 491
443 56 444 453 466 470 477 479 480 490 491
444 23 445 448 450 451 452 453 458 459 461 463 464 465 466 467 470 471 475 476 477 479 480 482 483 485 486 489 490 491 494 495 498 499
445 66 451 452 453 459 461 463 464 466 467 470 471 475 476 477 479 480 482 483 485 486 490 491 494 495 498 499
446 57 480 490
447 43
448 45 451 452 453 466 467 470 477 479 480 483 486 490 491 494
449 65
450 25 453 466 470 477 479 480 490 491
451 82 452 453 459 461 463 464 466 467 470 471 475 476 477 479 480 482 483 485 486 490 491 494 495 498 499
452 82 453 459 461 463 464 466 467 470 471 475 476 477 479 480 482 483 485 486 490 491 494 495 498 499
453 37 459 461 463 464 465 466 467 470 471 475 476 477 479 480 482 483 485 486 489 490 491 494 495 498 499
454 66
455 47
456 44
457 94
458 23 466 470 479 480 490
459 24 461 464 466 467 470 471 475 477 479 480 482 483 485 486 490 491 494 495 498
460 51
461 100 463 464 466 467 470 471 475 476 477 479 480 482 483 485 486 490 491 494 495 498 499
462 22
463 25 466 467 470 477 479 480 482 483 486 490 491 494 495 498
464 51 466 467 470 471 475 477 479 480 482 483 485 486 490 491 494 495 498
465 95 466 470 477 479 480 490
466 58 467 470 471 475 476 477 479 480 482 483 485 486 487 489 490 491 494 495 498 499
467 97 470 471 475 476 477 479 480 482 483 485 486 490 491 494 495 498 499
468 30
469 79
470 23 471 475 476 477 479 480 482 483 485 486 487 489 490 491 492 494 495 498 499
471 53 475 477 479 480 482 483 485 486 490 491 494 495 498
472 80
473 20
474 65
475 64 476 477 479 480 482 483 485 486 490 491 494 495 498
476 21 477 479 480 482 483 486 490 491 494 495 498
477 26 479 480 482 483 485 486 489 490 491 494 495 498 499
478 100
479 81 480 482 483 485 486 489 490 491 494 495 498 499
480 98 482 483 485 486 487 489 490 491 492 494 495 498 499
481 70
482 85 483 485 486 490 491 494 495 498 499
483 92 485 486 490 491 494 495 498 499
484 97
485 86 486 490 491 494 495 498
486 71 490 491 494 495 498 499
487 91 490
488 29
489 63 490 491
490 34 491 492 494 495 498 499
491 67 494 495 498 499
492 23
493 33
494 89 495 498 499
495 94 498 499
496 47
497 100
498 37 499
499 40
500 58
