250 150
1 42
2 69
3 67 10 16 23 40 49 57 67 138 150
4 57
5 93 10 16 23 33 40 49 54 57 67 108 116 128 138 143 150 197 206 216 222 225 240
6 90
7 38
8 36 10 16 23 25 33 36 40 47 49 51 54 57 60 67 70 89 100 108 116 121 128 138 143 149 150 152 165 166 180 181 193 195 197 206 209 216 222 225 237 240 241 242 243
9 45
10 42 15 16 21 23 25 26 33 36 40 47 49 51 52 53 54 55 57 60 66 67 70 79 85 86 89 90 94 100 101 108 109 114 115 116 120 121 125 128 138 143 149 150 152 154 165 166 170 180 181 183 185 190 191 193 195 197 199 204 206 209 211 214 216 217 222 223 225 228 236 237 240 241 242 243 248 249 250
11 33
12 79
13 27
14 57
15 44 16 23 33 40 49 54 57 67 128 138 143 150 197 216 225
16 84 21 23 25 26 33 36 40 47 49 51 52 53 54 55 57 60 66 67 70 79 86 89 90 94 100 101 108 109 114 115 116 120 121 125 128 138 143 149 150 152 154 165 166 170 180 181 183 185 190 191 193 195 197 199 204 206 209 211 214 216 217 222 223 225 228 236 237 240 241 242 243 248 250
17 86
18 92
19 46
20 38
21 85 23 25 33 36 40 47 49 54 57 67 108 116 128 138 143 150 152 193 197 206 209 216 222 225 240 241 242
22 33
23 82 25 26 33 36 40 47 49 51 52 53 54 55 57 60 66 67 70 86 89 90 94 100 101 108 109 114 115 116 120 121 125 128 138 143 149 150 152 154 165 166 170 180 181 183 185 190 191 193 195 197 199 204 206 209 211 214 216 217 222 223 225 228 236 237 240 241 242 243 248 250
24 73
25 49 26 33 36 40 47 49 51 52 54 57 60 67 70 86 89 94 100 101 108 109 116 120 121 125 128 138 143 149 150 152 154 165 166 180 181 183 190 193 195 197 206 209 216 222 225 237 240 241 242 243
26 70 33 36 40 47 49 51 54 57 60 67 89 100 108 116 128 138 143 150 152 165 193 197 206 209 216 222 225 240 241 242
27 59
28 23
29 57
30 72
31 74
32 69
33 33 36 40 47 49 51 52 53 54 55 57 60 67 70 86 89 90 94 100 101 108 109 114 115 116 120 121 125 128 138 143 149 150 152 154 165 166 170 180 181 183 185 190 191 193 195 197 199 204 206 209 211 216 217 222 223 225 236 237 240 241 242 243 248 250
34 42
35 28
36 46 40 47 49 51 52 54 57 60 67 70 86 89 90 94 100 101 108 109 116 120 121 125 128 138 143 149 150 152 154 165 166 180 181 183 185 190 191 193 195 197 206 209 211 216 222 225 237 240 241 242 243
37 30
38 64
39 29
40 74 47 49 51 52 53 54 55 57 60 66 67 70 79 86 89 90 94 100 101 108 109 114 115 116 120 121 125 128 138 143 149 150 152 154 165 166 170 180 181 183 185 190 191 193 195 197 199 204 206 209 211 214 216 217 222 223 225 228 236 237 240 241 242 243 248 250
41 41
42 49
43 55
44 98
45 80
46 32
47 25 49 51 54 57 60 67 70 86 89 94 100 108 109 116 120 121 128 138 143 149 150 152 154 165 166 180 181 183 190 193 195 197 206 209 216 222 225 237 240 241 242 243
48 38
49 82 51 52 53 54 55 57 60 66 67 70 86 89 90 94 100 101 108 109 114 115 116 120 121 125 128 138 143 149 150 152 154 165 166 170 180 181 183 185 190 191 193 195 197 199 204 206 209 211 216 217 222 223 225 228 236 237 240 241 242 243 248 250
50 30
51 35 54 57 60 67 70 86 89 100 108 109 116 120 121 128 138 143 149 150 152 154 165 166 180 181 183 193 195 197 206 209 216 222 225 237 240 241 242 243
52 39 54 57 67 108 116 128 138 143 150 197 206 209 216 222 225 240
53 57 54 57 67 108 116 128 138 143 150 197 206 216 222 225 240
54 84 55 57 60 67 70 86 89 90 94 100 101 108 109 114 115 116 120 121 125 128 138 143 149 150 152 154 165 166 170 180 181 183 185 190 191 193 195 197 199 204 206 209 211 216 217 222 225 236 237 240 241 242 243 248 250
55 62 57 67 128 138 143 150 216 225
56 50
57 55 60 66 67 70 79 86 89 90 94 100 101 108 109 114 115 116 120 121 125 128 138 143 149 150 152 154 165 166 170 180 181 183 185 190 191 193 195 197 199 204 206 209 211 214 216 217 222 223 225 228 236 237 240 241 242 243 248 250
58 27
59 30
60 36 67 70 86 89 100 108 109 116 120 121 128 138 143 149 150 152 154 165 166 180 181 183 193 195 197 206 209 216 222 225 237 240 241 242 243
61 20
62 78
63 47
64 26
65 45
66 41 67 138 150
67 58 70 79 86 89 90 94 100 101 108 109 114 115 116 120 121 125 128 138 143 149 150 152 154 165 166 170 180 181 183 185 190 191 193 195 197 199 204 206 209 211 214 216 217 222 223 225 228 236 237 240 241 242 243 248 250
68 98
69 91
70 96 89 100 108 116 121 128 138 143 149 150 152 165 166 180 181 193 195 197 206 209 216 222 225 237 240 241 242 243
71 73
72 84
73 37
74 93
75 91
76 43
77 73
78 85
79 81 138
80 79
81 71
82 80
83 76
84 83
85 41
86 78 89 100 108 116 128 138 143 150 152 165 193 195 197 206 209 216 222 225 240 241 242
87 70
88 23
89 42 100 108 109 116 121 128 138 143 149 150 152 154 165 166 180 181 183 193 195 197 206 209 216 222 225 237 240 241 242 243
90 87 108 116 128 138 143 150 197 206 209 216 222 225 240
91 43
92 84
93 60
94 55 108 116 128 138 143 150 193 197 206 209 216 222 225 240
95 49
96 78
97 73
98 62
99 36
100 44 108 109 116 120 121 128 138 143 149 150 152 154 165 166 180 181 183 193 195 197 206 209 216 222 225 237 240 241 242 243
101 94 108 116 128 138 143 150 197 206 209 216 222 225 240
102 69
103 32
104 96
105 70
106 84
107 58
108 78 109 116 120 121 125 128 138 143 149 150 152 154 165 166 180 181 183 185 190 191 193 195 197 206 209 211 216 222 225 237 240 241 242 243
109 25 116 128 138 143 150 152 165 193 195 197 206 209 216 222 225 240 241 242
110 80
111 58
112 66
113 83
114 24 116 128 138 143 150 197 216 225 240
115 98 116 128 138 143 150 197 206 216 222 225 240
116 60 120 121 125 128 138 143 149 150 152 154 165 166 170 180 181 183 185 190 191 193 195 197 199 206 209 211 216 222 225 237 240 241 242 243 248 250
117 42
118 43
119 43
120 39 128 138 143 150 152 165 193 197 206 209 216 222 225 240 241 242
121 97 128 138 143 150 152 165 193 195 197 206 209 216 222 225 240 241 242
122 57
123 81
124 62
125 75 128 138 143 150 197 206 209 216 222 225 240
126 81
127 23
128 43 138 143 149 150 152 154 165 166 170 180 181 183 185 190 191 193 195 197 199 206 209 211 216 222 225 236 237 240 241 242 243 248 250
129 50
130 38
131 60
132 58
133 70
134 88
135 36
136 90
137 37
138 45 143 149 150 152 154 165 166 170 180 181 183 185 190 191 193 195 197 199 204 206 209 211 214 216 217 222 223 225 228 236 237 240 241 242 243 248 250
139 45
140 39
141 44
142 53
143 70 149 150 152 154 165 166 170 180 181 183 185 190 191 193 195 197 199 206 209 211 216 217 222 225 236 237 240 241 242 243 248 250
144 24
145 82
146 81
147 47
148 97
149 35 150 152 165 181 193 195 197 206 209 216 222 225 237 240 241 242
150 65 152 154 165 166 170 180 181 183 185 190 191 193 195 197 199 204 206 209 211 216 217 222 223 225 228 236 237 240 241 242 243 248 250
151 74
152 68 154 165 166 180 181 183 190 193 195 197 206 209 216 222 225 237 240 241 242 243
153 49
154 55 165 193 195 197 206 209 216 222 225 240 241 242
155 52
156 94
157 95
158 29
159 99
160 20
161 22
162 25
163 49
164 46
165 98 166 180 181 183 193 195 197 206 209 216 222 225 237 240 241 242 243
166 59 181 193 195 197 206 209 216 222 225 240 241 242
167 98
168 60
169 23
170 72 197 216 225 240
171 33
172 98
173 80
174 95
175 78
176 57
177 67
178 53
179 47
180 53 181 193 195 197 206 209 216 222 225 240 241 242
181 36 193 195 197 206 209 216 222 225 237 240 241 242
182 38
183 92 193 195 197 206 209 216 222 225 240 241 242
184 30
185 80 197 206 209 216 222 225 240
186 32
187 97
188 39
189 80
190 72 193 197 206 209 216 222 225 240 241 242
191 55 197 206 209 216 222 225 240
192 41
193 60 195 197 206 209 216 222 225 237 240 241 242 243
194 67
195 53 197 206 209 216 222 225 237 240 241 242 243
196 65
197 95 199 206 209 211 216 222 225 236 237 240 241 242 243 248 250
198 20
199 66 216 222 225 240
200 78
201 98
202 47
203 100
204 85
205 53
206 53 209 211 216 222 225 237 240 241 242 243
207 67
208 27
209 22 211 216 222 225 237 240 241 242 243
210 61
211 43 216 222 225 240
212 52
213 76
214 64
215 61
216 29 222 225 236 237 240 241 242 243 248 250
217 30
218 46
219 79
220 66
221 27
222 79 225 237 240 241 242 243
223 98
224 90
225 22 236 237 240 241 242 243 248 250
226 75
227 57
228 67
229 36
230 70
231 99
232 48
233 43
234 45
235 71
236 100 240
237 88 240 241 242
238 48
239 27
240 39 241 242 243 248 250
241 38 242 243
242 100 243
243 60
244 42
245 20
246 69
247 24
248 23
249 92
250 32
