250 150
1 68
2 90 3 4 5 6 7 8 9 10 11 12 13 14 16 19 20 21 22 23 24 26 28 29 31 32 35 36 37 38 40 41 42 43 44 45 46 51 53 55 56 57 58 59 60 63 64 66 67 68 69 70 71 73 74 75 76 77 78 79 80 81 82 84 85 86 87 88 90 91 94 96 98 99 100 102 103 106 107 109 117 118 119 120 122 123 124 125 128 131 132 133 135 139 140 141 142 143 144 146 149 150 152 153 154 156 159 162 168 170 171 172 173 176 180 181 182 183 184 190 191 194 196 197 199 202 203 204 208 211 212 213 215 221 223 224 226 227 228 229 231 232 234 235 236 237 238 239 240 242 243 245 246 248
3 38 4 5 11 12 14 16 19 26 28 29 32 37 43 44 45 46 53 66 67 68 73 74 80 82 85 87 90 91 98 102 106 107 109 120 122 124 125 132 140 141 150 152 154 168 171 172 176 183 184 196 202 211 212 223 227 229 234 235 239 248
4 98 5 6 7 8 9 10 11 12 13 14 16 19 20 21 22 23 24 26 28 29 31 32 35 36 37 38 40 41 43 44 45 46 51 53 55 56 57 58 59 60 63 64 66 67 68 69 71 73 74 75 76 77 78 79 80 82 84 85 86 87 88 90 91 94 96 98 100 102 103 106 107 109 117 118 119 120 122 123 124 125 128 132 133 135 139 140 141 142 143 146 149 150 152 153 154 159 162 168 170 171 172 173 176 180 181 182 183 184 190 191 194 196 197 199 202 203 204 208 211 212 213 215 221 223 224 226 227 228 229 231 234 235 236 237 239 240 242 243 245 246 248
5 44 6 7 8 9 10 11 12 13 14 16 19 20 21 22 23 24 26 28 29 31 32 35 36 37 38 40 41 42 43 44 45 46 51 53 55 56 57 58 59 60 63 64 66 67 68 69 71 73 74 75 76 77 78 79 80 81 82 84 85 86 87 88 90 91 94 96 98 99 100 102 103 106 107 109 117 118 119 120 122 123 124 125 128 132 133 135 139 140 141 142 143 146 149 150 152 153 154 156 159 162 168 170 171 172 173 176 180 181 182 183 184 190 191 194 196 197 199 202 203 204 208 211 212 213 215 221 223 224 226 227 228 229 231 234 235 236 237 238 239 240 242 243 245 246 248
6 66 11 12 14 16 19 26 28 29 32 37 43 44 45 46 53 66 67 68 73 74 80 82 85 87 90 91 98 102 106 107 109 120 122 124 125 132 140 141 150 152 154 168 171 172 176 183 184 196 202 211 212 223 227 229 234 235 239 248
7 76 9 10 11 12 14 16 19 22 26 28 29 32 35 36 37 38 40 43 44 45 46 53 55 56 57 59 63 64 66 67 68 69 73 74 76 77 79 80 82 84 85 87 90 91 94 96 98 100 102 103 106 107 109 117 118 120 122 123 124 125 132 135 140 141 143 150 152 153 154 168 170 171 172 173 176 180 181 183 184 190 194 196 199 202 203 204 211 212 215 223 224 226 227 229 234 235 236 237 239 240 242 243 245 246 248
8 67 14 16 19 26 28 29 32 37 43 44 45 53 67 68 74 80 82 85 87 90 98 102 109 120 122 125 132 140 141 150 152 154 168 171 172 176 184 196 202 212 223 227 229 234 235 239 248
9 65 10 11 12 14 16 19 22 26 28 29 32 36 37 38 40 43 44 45 46 53 55 56 57 59 63 64 66 67 68 73 74 76 77 79 80 82 84 85 87 90 91 94 96 98 100 102 103 106 107 109 117 118 120 122 123 124 125 132 140 141 143 150 152 153 154 168 170 171 172 173 176 181 183 184 190 194 196 199 202 203 204 211 212 215 223 224 226 227 229 234 235 236 237 239 240 242 243 245 248
10 81 11 12 14 16 19 22 26 28 29 32 36 37 38 40 43 44 45 46 53 55 56 57 59 63 66 67 68 73 74 76 77 80 82 85 87 90 91 94 96 98 100 102 103 106 107 109 117 120 122 124 125 132 140 141 150 152 153 154 168 170 171 172 173 176 181 183 184 190 194 196 199 202 203 211 212 223 224 226 227 229 234 235 236 237 239 240 242 245 248
11 95 12 14 16 19 22 23 24 26 28 29 32 35 36 37 38 40 43 44 45 46 53 55 56 57 59 63 64 66 67 68 69 73 74 76 77 79 80 82 84 85 87 90 91 94 96 98 100 102 103 106 107 109 117 118 119 120 122 123 124 125 132 135 140 141 142 143 149 150 152 153 154 159 168 170 171 172 173 176 180 181 182 183 184 190 191 194 196 199 202 203 204 211 212 215 223 224 226 227 229 234 235 236 237 239 240 242 243 245 246 248
12 62 14 16 19 20 22 23 24 26 28 29 32 35 36 37 38 40 43 44 45 46 53 55 56 57 58 59 60 63 64 66 67 68 69 71 73 74 75 76 77 78 79 80 82 84 85 87 90 91 94 96 98 100 102 103 106 107 109 117 118 119 120 122 123 124 125 132 135 140 141 142 143 149 150 152 153 154 159 168 170 171 172 173 176 180 181 182 183 184 190 191 194 196 199 202 203 204 211 212 215 223 224 226 227 229 234 235 236 237 239 240 242 243 245 246 248
13 34 14 16 19 26 28 29 32 37 43 44 45 46 53 66 67 68 73 74 80 82 85 87 90 98 102 106 107 109 120 122 125 132 140 141 150 152 154 168 171 172 176 184 196 202 212 223 227 229 234 235 239 248
14 33 16 18 19 20 21 22 23 24 26 28 29 31 32 35 36 37 38 40 41 42 43 44 45 46 50 51 53 55 56 57 58 59 60 63 64 66 67 68 69 70 71 73 74 75 76 77 78 79 80 81 82 84 85 86 87 88 90 91 94 96 98 99 100 102 103 106 107 109 117 118 119 120 122 123 124 125 127 128 131 132 133 134 135 139 140 141 142 143 144 146 149 150 152 153 154 156 159 162 165 168 170 171 172 173 176 180 181 182 183 184 190 191 194 196 197 199 202 203 204 206 208 211 212 213 215 221 223 224 226 227 228 229 231 232 234 235 236 237 238 239 240 242 243 244 245 246 248
15 56
16 75 19 20 21 22 23 24 26 28 29 31 32 35 36 37 38 40 41 43 44 45 46 51 53 55 56 57 58 59 60 63 64 66 67 68 69 71 73 74 75 76 77 78 79 80 82 84 85 86 87 88 90 91 94 96 98 100 102 103 106 107 109 117 118 119 120 122 123 124 125 128 132 133 135 139 140 141 142 143 146 149 150 152 153 154 159 168 170 171 172 173 176 180 181 182 183 184 190 191 194 196 197 199 202 203 204 208 211 212 213 215 221 223 224 226 227 228 229 231 234 235 236 237 239 240 242 243 245 246 248
17 40
18 72 29 43 45 74 85 109 132 141 171 172 212 229 235 248
19 49 20 21 22 23 24 26 28 29 31 32 35 36 37 38 40 41 43 44 45 46 51 53 55 56 57 58 59 60 63 64 66 67 68 69 71 73 74 75 76 77 78 79 80 82 84 85 86 87 88 90 91 94 96 98 100 102 103 106 107 109 117 118 119 120 122 123 124 125 128 132 133 135 139 140 141 142 143 146 149 150 152 153 154 159 168 170 171 172 173 176 180 181 182 183 184 190 191 194 196 197 199 202 203 204 208 211 212 213 215 221 223 224 226 227 228 229 231 234 235 236 237 239 240 242 243 245 246 248
20 95 26 28 29 32 37 43 44 45 46 53 66 67 68 73 74 80 82 85 87 90 91 98 102 106 107 109 120 122 124 125 132 140 141 150 152 154 168 171 172 176 183 184 196 202 211 212 223 227 229 234 235 239 248
21 59 26 29 32 37 43 45 67 68 74 80 82 85 87 90 102 109 120 122 125 132 140 141 150 154 168 171 172 196 202 212 227 229 235 239 248
22 40 26 28 29 32 36 37 38 40 43 44 45 46 53 55 56 57 59 63 64 66 67 68 73 74 76 77 80 82 84 85 87 90 91 94 96 98 100 102 103 106 107 109 117 120 122 123 124 125 132 140 141 143 150 152 153 154 168 170 171 172 173 176 181 183 184 190 194 196 199 202 203 204 211 212 223 224 226 227 229 234 235 236 237 239 240 242 245 248
23 53 26 28 29 32 37 43 44 45 46 53 55 56 66 67 68 73 74 80 82 85 87 90 91 98 102 106 107 109 120 122 124 125 132 140 141 150 152 154 168 171 172 176 183 184 196 202 211 212 223 227 229 234 235 239 240 248
24 27 26 28 29 32 37 43 44 45 46 53 55 56 66 67 68 73 74 80 82 85 87 90 91 98 102 106 107 109 120 122 124 125 132 140 141 150 152 153 154 168 171 172 176 183 184 196 202 211 212 223 227 229 234 235 239 240 248
25 70
26 27 28 29 31 32 35 36 37 38 40 41 43 44 45 46 51 53 55 56 57 58 59 60 63 64 66 67 68 69 71 73 74 75 76 77 78 79 80 82 84 85 86 87 88 90 91 94 96 98 100 102 103 106 107 109 117 118 119 120 122 123 124 125 128 132 133 135 139 140 141 142 143 146 149 150 152 153 154 159 168 170 171 172 173 176 180 181 182 183 184 190 191 194 196 197 199 202 203 204 208 211 212 213 215 221 223 224 226 227 228 229 231 234 235 236 237 239 240 242 243 245 246 248
27 72
28 92 29 32 35 36 37 38 40 41 43 44 45 46 51 53 55 56 57 58 59 60 63 64 66 67 68 69 71 73 74 75 76 77 78 79 80 82 84 85 86 87 88 90 91 94 96 98 100 102 103 106 107 109 117 118 119 120 122 123 124 125 128 132 133 135 140 141 142 143 149 150 152 153 154 159 168 170 171 172 173 176 180 181 182 183 184 190 191 194 196 197 199 202 203 204 208 211 212 213 215 223 224 226 227 228 229 234 235 236 237 239 240 242 243 245 246 248
29 79 31 32 35 36 37 38 40 41 42 43 44 45 46 50 51 53 55 56 57 58 59 60 63 64 66 67 68 69 70 71 73 74 75 76 77 78 79 80 81 82 84 85 86 87 88 90 91 94 96 98 99 100 102 103 106 107 109 113 117 118 119 120 122 123 124 125 127 128 131 132 133 134 135 139 140 141 142 143 144 146 149 150 152 153 154 156 159 162 165 166 168 170 171 172 173 176 180 181 182 183 184 190 191 194 196 197 199 202 203 204 206 208 211 212 213 215 221 223 224 226 227 228 229 231 232 234 235 236 237 238 239 240 242 243 244 245 246 248
30 66
31 92 32 37 43 45 67 68 74 80 82 85 87 90 102 109 120 122 125 132 140 141 150 154 168 171 172 196 202 212 227 229 235 239 248
32 47 35 36 37 38 40 41 43 44 45 46 51 53 55 56 57 58 59 60 63 64 66 67 68 69 71 73 74 75 76 77 78 79 80 81 82 84 85 86 87 88 90 91 94 96 98 100 102 103 106 107 109 117 118 119 120 122 123 124 125 128 132 133 135 139 140 141 142 143 146 149 150 152 153 154 159 162 168 170 171 172 173 176 180 181 182 183 184 190 191 194 196 197 199 202 203 204 208 211 212 213 215 221 223 224 226 227 228 229 231 234 235 236 237 238 239 240 242 243 245 246 248
33 87
34 32
35 51 37 40 43 44 45 46 53 55 56 66 67 68 73 74 76 80 82 85 87 90 91 94 96 98 102 106 107 109 120 122 124 125 132 140 141 150 152 153 154 168 171 172 176 183 184 190 196 202 211 212 223 224 227 229 234 235 239 240 248
36 94 37 38 40 43 44 45 46 53 55 56 57 59 63 66 67 68 73 74 76 77 80 82 85 87 90 91 94 96 98 100 102 103 106 107 109 117 120 122 124 125 132 140 141 150 152 153 154 168 170 171 172 173 176 181 183 184 190 194 196 199 202 203 211 212 223 224 226 227 229 234 235 236 237 239 240 242 245 248
37 22 38 40 41 42 43 44 45 46 51 53 55 56 57 58 59 60 63 64 66 67 68 69 71 73 74 75 76 77 78 79 80 81 82 84 85 86 87 88 90 91 94 96 98 99 100 102 103 106 107 109 117 118 119 120 122 123 124 125 128 132 133 135 139 140 141 142 143 146 149 150 152 153 154 156 159 162 168 170 171 172 173 176 180 181 182 183 184 190 191 194 196 197 199 202 203 204 208 211 212 213 215 221 223 224 226 227 228 229 231 234 235 236 237 238 239 240 242 243 245 246 248
38 79 40 43 44 45 46 53 55 56 57 59 63 66 67 68 73 74 76 77 80 82 85 87 90 91 94 96 98 100 102 103 106 107 109 117 120 122 124 125 132 140 141 150 152 153 154 168 170 171 172 173 176 183 184 190 196 199 202 203 211 212 223 224 226 227 229 234 235 236 237 239 240 242 245 248
39 75
40 70 43 44 45 46 53 55 56 57 59 63 64 66 67 68 69 73 74 76 77 79 80 82 84 85 87 90 91 94 96 98 100 102 103 106 107 109 117 118 120 122 123 124 125 132 135 140 141 142 143 150 152 153 154 168 170 171 172 173 176 180 181 183 184 190 194 196 199 202 203 204 211 212 215 223 224 226 227 229 234 235 236 237 239 240 242 243 245 246 248
41 58 43 44 45 46 53 66 67 68 73 74 80 82 85 87 90 98 102 106 109 120 122 125 132 140 141 150 152 154 168 171 172 176 184 196 202 212 223 227 229 234 235 239 248
42 85 43 45 67 68 74 85 102 109 125 132 140 141 154 171 172 196 212 227 229 235 248
43 37 44 45 46 51 53 55 56 57 58 59 60 63 64 66 67 68 69 70 71 73 74 75 76 77 78 79 80 81 82 84 85 86 87 88 90 91 94 96 98 99 100 102 103 106 107 109 117 118 119 120 122 123 124 125 128 131 132 133 135 139 140 141 142 143 144 146 149 150 152 153 154 156 159 162 165 168 170 171 172 173 176 180 181 182 183 184 190 191 194 196 197 199 202 203 204 208 211 212 213 215 221 223 224 226 227 228 229 231 232 234 235 236 237 238 239 240 242 243 245 246 248
44 68 45 46 51 53 55 56 57 58 59 60 63 64 66 67 68 69 71 73 74 75 76 77 78 79 80 82 84 85 86 87 88 90 91 94 96 98 100 102 103 106 107 109 117 118 119 120 122 123 124 125 128 132 133 135 140 141 142 143 146 149 150 152 153 154 159 168 170 171 172 173 176 180 181 182 183 184 190 191 194 196 197 199 202 203 204 208 211 212 213 215 221 223 224 226 227 228 229 231 234 235 236 237 239 240 242 243 245 246 248
45 69 46 50 51 53 55 56 57 58 59 60 63 64 66 67 68 69 70 71 73 74 75 76 77 78 79 80 81 82 84 85 86 87 88 90 91 94 96 98 99 100 102 103 106 107 109 113 117 118 119 120 122 123 124 125 127 128 131 132 133 134 135 139 140 141 142 143 144 146 149 150 152 153 154 156 159 162 165 168 170 171 172 173 176 180 181 182 183 184 190 191 194 196 197 199 202 203 204 206 208 211 212 213 215 221 223 224 226 227 228 229 231 232 234 235 236 237 238 239 240 242 243 244 245 246 248
46 47 51 53 55 56 57 58 59 60 63 64 66 67 68 69 71 73 74 75 76 77 78 79 80 82 84 85 87 90 91 94 96 98 100 102 103 106 107 109 117 118 119 120 122 123 124 125 132 135 140 141 142 143 149 150 152 153 154 159 168 170 171 172 173 176 180 181 182 183 184 190 191 194 196 197 199 202 203 204 208 211 212 213 215 223 224 226 227 229 234 235 236 237 239 240 242 243 245 246 248
47 63
48 37
49 53
50 90 85 109 141 171 235
51 85 53 66 67 68 73 74 80 82 85 87 90 98 102 106 109 120 122 125 132 140 141 150 152 154 168 171 172 176 184 196 202 212 223 227 229 234 235 239 248
52 88
53 68 55 56 57 58 59 60 63 64 66 67 68 69 71 73 74 75 76 77 78 79 80 82 84 85 86 87 88 90 91 94 96 98 100 102 103 106 107 109 117 118 119 120 122 123 124 125 132 135 140 141 142 143 149 150 152 153 154 159 168 170 171 172 173 176 180 181 182 183 184 190 191 194 196 197 199 202 203 204 208 211 212 213 215 223 224 226 227 229 234 235 236 237 239 240 242 243 245 246 248
54 100
55 86 56 57 59 63 64 66 67 68 69 73 74 76 77 79 80 82 84 85 87 90 91 94 96 98 100 102 103 106 107 109 117 118 119 120 122 123 124 125 132 135 140 141 142 143 149 150 152 153 154 159 168 170 171 172 173 176 180 181 183 184 190 191 194 196 199 202 203 204 211 212 215 223 224 226 227 229 234 235 236 237 239 240 242 243 245 246 248
56 93 57 59 63 64 66 67 68 69 73 74 76 77 79 80 82 84 85 87 90 91 94 96 98 100 102 103 106 107 109 117 118 119 120 122 123 124 125 132 135 140 141 142 143 149 150 152 153 154 159 168 170 171 172 173 176 180 181 183 184 190 191 194 196 199 202 203 204 211 212 215 223 224 226 227 229 234 235 236 237 239 240 242 243 245 246 248
57 26 59 63 64 66 67 68 73 74 76 77 79 80 82 84 85 87 90 91 94 96 98 100 102 103 106 107 109 117 120 122 123 124 125 132 140 141 143 150 152 153 154 168 170 171 172 173 176 181 183 184 190 194 196 199 202 203 204 211 212 215 223 224 226 227 229 234 235 236 237 239 240 242 245 248
58 44 66 67 68 73 74 80 82 85 87 90 91 98 102 106 107 109 120 122 125 132 140 141 150 152 154 168 171 172 176 184 196 202 212 223 227 229 234 235 239 248
59 77 63 66 67 68 73 74 76 77 80 82 85 87 90 91 94 96 98 100 102 103 106 107 109 117 120 122 124 125 132 140 141 150 152 153 154 168 170 171 172 173 176 181 183 184 190 194 196 199 202 203 211 212 223 224 226 227 229 234 235 236 237 239 240 242 245 248
60 72 66 67 68 73 74 80 82 85 87 90 91 98 102 106 107 109 120 122 125 132 140 141 150 152 154 168 171 172 176 184 196 202 212 223 227 229 234 235 239 248
61 46
62 58
63 44 66 67 68 73 74 76 77 80 82 85 87 90 91 94 96 98 100 102 103 106 107 109 117 120 122 124 125 132 140 141 150 152 153 154 168 170 171 172 173 176 183 184 190 196 199 202 203 211 212 223 224 226 227 229 234 235 236 237 239 240 242 245 248
64 49 66 67 68 73 74 76 77 80 82 85 87 90 91 94 96 98 100 102 106 107 109 117 120 122 124 125 132 140 141 150 152 153 154 168 170 171 172 176 183 184 190 196 202 203 211 212 223 224 227 229 234 235 237 239 240 242 245 248
65 100
66 72 67 68 69 71 73 74 75 76 77 78 79 80 82 84 85 87 90 91 94 96 98 100 102 103 106 107 109 117 118 119 120 122 123 124 125 132 135 140 141 142 143 149 150 152 153 154 159 168 170 171 172 173 176 180 181 182 183 184 190 191 194 196 199 202 203 204 208 211 212 213 215 223 224 226 227 229 234 235 236 237 239 240 242 243 245 246 248
67 76 68 69 71 73 74 75 76 77 78 79 80 81 82 84 85 86 87 88 90 91 94 96 98 99 100 102 103 106 107 109 117 118 119 120 122 123 124 125 128 132 133 135 139 140 141 142 143 146 149 150 152 153 154 156 159 162 168 170 171 172 173 176 180 181 182 183 184 190 191 194 196 197 199 202 203 204 208 211 212 213 215 221 223 224 226 227 228 229 231 234 235 236 237 238 239 240 242 243 245 246 248
68 74 69 71 73 74 75 76 77 78 79 80 81 82 84 85 86 87 88 90 91 94 96 98 99 100 102 103 106 107 109 117 118 119 120 122 123 124 125 128 131 132 133 135 139 140 141 142 143 146 149 150 152 153 154 156 159 162 168 170 171 172 173 176 180 181 182 183 184 190 191 194 196 197 199 202 203 204 208 211 212 213 215 221 223 224 226 227 228 229 231 232 234 235 236 237 238 239 240 242 243 245 246 248
69 78 73 74 76 80 82 85 87 90 91 94 96 98 102 106 107 109 120 122 124 125 132 140 141 150 152 153 154 168 171 172 176 183 184 190 196 202 211 212 223 224 227 229 234 235 239 240 248
70 30 74 85 109 132 141 171 172 212 229 235 248
71 79 73 74 80 82 85 87 90 91 98 102 106 107 109 120 122 124 125 132 140 141 150 152 154 168 171 172 176 183 184 196 202 211 212 223 227 229 234 235 239 248
72 30
73 88 74 75 76 77 78 79 80 82 84 85 87 90 91 94 96 98 100 102 103 106 107 109 117 118 119 120 122 123 124 125 132 135 140 141 142 143 149 150 152 153 154 159 168 170 171 172 173 176 180 181 182 183 184 190 191 194 196 197 199 202 203 204 208 211 212 213 215 223 224 226 227 229 234 235 236 237 239 240 242 243 245 246 248
74 29 75 76 77 78 79 80 81 82 84 85 86 87 88 90 91 94 96 98 99 100 102 103 106 107 109 117 118 119 120 122 123 124 125 128 131 132 133 135 139 140 141 142 143 144 146 149 150 152 153 154 156 159 162 165 168 170 171 172 173 176 180 181 182 183 184 190 191 194 196 197 199 202 203 204 208 211 212 213 215 221 223 224 226 227 228 229 231 232 234 235 236 237 238 239 240 242 243 245 246 248
75 70 80 82 85 87 90 91 98 102 106 107 109 120 122 125 132 140 141 150 152 154 168 171 172 176 184 196 202 212 223 227 229 234 235 239 248
76 69 77 79 80 82 84 85 87 90 91 94 96 98 100 102 103 106 107 109 117 118 120 122 123 124 125 132 135 140 141 142 143 150 152 153 154 168 170 171 172 173 176 180 181 183 184 190 194 196 199 202 203 204 211 212 215 223 224 226 227 229 234 235 236 237 239 240 242 243 245 246 248
77 26 79 80 82 84 85 87 90 91 94 96 98 100 102 103 106 107 109 117 120 122 123 124 125 132 140 141 143 150 152 153 154 168 170 171 172 173 176 181 183 184 190 194 196 199 202 203 204 211 212 215 223 224 226 227 229 234 235 236 237 239 240 242 245 248
78 53 80 82 85 87 90 91 98 102 106 107 109 120 122 124 125 132 140 141 150 152 154 168 171 172 176 183 184 196 202 211 212 223 227 229 234 235 239 248
79 86 80 82 85 87 90 91 94 96 98 102 106 107 109 117 120 122 124 125 132 140 141 150 152 153 154 168 170 171 172 176 183 184 190 196 202 203 211 212 223 224 227 229 234 235 237 239 240 248
80 48 82 84 85 86 87 88 90 91 94 96 98 100 102 103 106 107 109 117 118 119 120 122 123 124 125 128 132 133 135 139 140 141 142 143 146 149 150 152 153 154 159 162 168 170 171 172 173 176 180 181 182 183 184 190 191 194 196 197 199 202 203 204 208 211 212 213 215 221 223 224 226 227 228 229 231 234 235 236 237 239 240 242 243 245 246 248
81 55 85 102 109 125 132 140 141 154 171 172 196 212 227 229 235 248
82 30 84 85 86 87 88 90 91 94 96 98 100 102 103 106 107 109 117 118 119 120 122 123 124 125 128 132 133 135 139 140 141 142 143 146 149 150 152 153 154 159 162 168 170 171 172 173 176 180 181 182 183 184 190 191 194 196 197 199 202 203 204 208 211 212 213 215 221 223 224 226 227 228 229 231 234 235 236 237 238 239 240 242 243 245 246 248
83 95
84 22 85 87 90 91 94 96 98 100 102 106 107 109 117 120 122 124 125 132 140 141 150 152 153 154 168 170 171 172 176 183 184 190 196 202 203 211 212 223 224 227 229 234 235 237 239 240 248
85 79 86 87 88 90 91 94 96 98 99 100 102 103 106 107 109 113 117 118 119 120 122 123 124 125 127 128 131 132 133 134 135 139 140 141 142 143 144 146 149 150 152 153 154 156 159 162 165 168 170 171 172 173 176 180 181 182 183 184 190 191 194 196 197 199 202 203 204 206 208 211 212 213 215 221 223 224 226 227 228 229 231 232 234 235 236 237 238 239 240 242 243 244 245 246 248
86 94 87 90 98 102 109 120 122 125 132 140 141 150 152 154 168 171 172 176 184 196 202 212 223 227 229 234 235 239 248
87 54 88 90 91 94 96 98 100 102 103 106 107 109 117 118 119 120 122 123 124 125 128 132 133 135 139 140 141 142 143 146 149 150 152 153 154 159 168 170 171 172 173 176 180 181 182 183 184 190 191 194 196 197 199 202 203 204 208 211 212 213 215 221 223 224 226 227 228 229 231 234 235 236 237 239 240 242 243 245 246 248
88 43 90 98 102 109 120 122 125 132 140 141 150 152 154 168 171 172 176 184 196 202 212 223 227 229 234 235 239 248
89 84
90 51 91 94 96 98 100 102 103 106 107 109 117 118 119 120 122 123 124 125 128 132 133 135 140 141 142 143 146 149 150 152 153 154 159 168 170 171 172 173 176 180 181 182 183 184 190 191 194 196 197 199 202 203 204 208 211 212 213 215 221 223 224 226 227 228 229 231 234 235 236 237 239 240 242 243 245 246 248
91 80 94 96 98 100 102 103 106 107 109 117 118 119 120 122 123 124 125 132 135 140 141 142 143 149 150 152 153 154 159 168 170 171 172 173 176 180 181 182 183 184 190 191 194 196 199 202 203 204 211 212 215 223 224 226 227 229 234 235 236 237 239 240 242 243 245 246 248
92 90
93 61
94 43 96 98 100 102 103 106 107 109 117 118 120 122 123 124 125 132 135 140 141 142 143 150 152 153 154 168 170 171 172 173 176 180 181 183 184 190 194 196 199 202 203 204 211 212 215 223 224 226 227 229 234 235 236 237 239 240 242 243 245 246 248
95 71
96 72 98 100 102 103 106 107 109 117 118 120 122 123 124 125 132 135 140 141 142 143 150 152 153 154 168 170 171 172 173 176 180 181 183 184 190 194 196 199 202 203 204 211 212 215 223 224 226 227 229 234 235 236 237 239 240 242 243 245 246 248
97 82
98 83 100 102 103 106 107 109 117 118 119 120 122 123 124 125 128 132 133 135 140 141 142 143 149 150 152 153 154 159 168 170 171 172 173 176 180 181 182 183 184 190 191 194 196 197 199 202 203 204 208 211 212 213 215 223 224 226 227 228 229 231 234 235 236 237 239 240 242 243 245 246 248
99 91 102 109 125 132 140 141 154 171 172 196 212 227 229 235 248
100 56 102 103 106 107 109 117 120 122 123 124 125 132 140 141 143 150 152 153 154 168 170 171 172 173 176 181 183 184 190 194 196 199 202 203 204 211 212 223 224 226 227 229 234 235 236 237 239 240 242 245 248
101 42
102 45 103 106 107 109 117 118 119 120 122 123 124 125 128 131 132 133 135 139 140 141 142 143 144 146 149 150 152 153 154 156 159 162 168 170 171 172 173 176 180 181 182 183 184 190 191 194 196 197 199 202 203 204 208 211 212 213 215 221 223 224 226 227 228 229 231 232 234 235 236 237 238 239 240 242 243 245 246 248
103 80 106 107 109 117 120 122 124 125 132 140 141 150 152 153 154 168 170 171 172 173 176 181 183 184 190 194 196 199 202 203 211 212 223 224 226 227 229 234 235 236 237 239 240 242 245 248
104 73
105 62
106 95 107 109 117 118 119 120 122 123 124 125 132 135 140 141 142 143 149 150 152 153 154 159 168 170 171 172 173 176 180 181 182 183 184 190 191 194 196 197 199 202 203 204 208 211 212 213 215 223 224 226 227 229 234 235 236 237 239 240 242 243 245 246 248
107 53 109 117 118 119 120 122 123 124 125 132 135 140 141 142 143 149 150 152 153 154 159 168 170 171 172 173 176 180 181 182 183 184 190 191 194 196 199 202 203 204 208 211 212 213 215 223 224 226 227 229 234 235 236 237 239 240 242 243 245 246 248
108 40
109 42 113 117 118 119 120 122 123 124 125 127 128 131 132 133 134 135 139 140 141 142 143 144 146 149 150 152 153 154 156 159 162 165 166 168 170 171 172 173 176 180 181 182 183 184 190 191 194 196 197 199 202 203 204 206 208 211 212 213 215 221 223 224 226 227 228 229 231 232 234 235 236 237 238 239 240 242 243 244 245 246 248
110 63
111 80
112 79
113 86 141 171 235
114 59
115 22
116 62
117 72 120 122 123 124 125 132 140 141 143 150 152 153 154 168 170 171 172 173 176 181 183 184 190 194 196 199 202 203 204 211 212 215 223 224 226 227 229 234 235 236 237 239 240 242 245 248
118 51 120 122 124 125 132 140 141 150 152 153 154 168 171 172 176 183 184 190 196 202 211 212 223 224 227 229 234 235 237 239 240 248
119 60 120 122 124 125 132 140 141 150 152 154 168 171 172 176 183 184 196 202 211 212 223 227 229 234 235 239 240 248
120 55 122 123 124 125 128 132 133 135 139 140 141 142 143 146 149 150 152 153 154 159 168 170 171 172 173 176 180 181 182 183 184 190 191 194 196 197 199 202 203 204 208 211 212 213 215 221 223 224 226 227 228 229 231 234 235 236 237 239 240 242 243 245 246 248
121 56
122 92 123 124 125 128 132 133 135 139 140 141 142 143 146 149 150 152 153 154 159 162 168 170 171 172 173 176 180 181 182 183 184 190 191 194 196 197 199 202 203 204 208 211 212 213 215 221 223 224 226 227 228 229 231 234 235 236 237 239 240 242 243 245 246 248
123 56 124 125 132 140 141 150 152 153 154 168 170 171 172 176 183 184 190 196 199 202 203 211 212 223 224 227 229 234 235 237 239 240 242 245 248
124 55 125 132 135 140 141 142 143 149 150 152 153 154 159 168 170 171 172 173 176 180 181 182 183 184 190 191 194 196 199 202 203 204 211 212 215 223 224 226 227 229 234 235 236 237 239 240 242 243 245 246 248
125 51 128 131 132 133 135 139 140 141 142 143 144 146 149 150 152 153 154 156 159 162 168 170 171 172 173 176 180 181 182 183 184 190 191 194 196 197 199 202 203 204 208 211 212 213 215 221 223 224 226 227 228 229 231 232 234 235 236 237 238 239 240 242 243 245 246 248
126 34
127 100 132 141 171 235
128 89 132 140 141 150 154 168 171 172 184 196 202 212 223 227 229 234 235 239 248
129 64
130 99
131 87 132 140 141 154 171 172 196 212 227 229 235 248
132 74 133 134 135 139 140 141 142 143 144 146 149 150 152 153 154 156 159 162 165 168 170 171 172 173 176 180 181 182 183 184 190 191 194 196 197 199 202 203 204 206 208 211 212 213 215 221 223 224 226 227 228 229 231 232 234 235 236 237 238 239 240 242 243 245 246 248
133 38 140 141 150 154 168 171 172 184 196 202 212 223 227 229 234 235 239 248
134 28 141 171 172 229 235
135 50 140 141 150 152 153 154 168 171 172 176 183 184 190 196 202 211 212 223 224 227 229 234 235 239 240 248
136 86
137 92
138 98
139 30 140 141 150 154 168 171 172 196 202 212 227 229 235 239 248
140 30 141 142 143 146 149 150 152 153 154 156 159 162 168 170 171 172 173 176 180 181 182 183 184 190 191 194 196 197 199 202 203 204 208 211 212 213 215 221 223 224 226 227 228 229 231 232 234 235 236 237 238 239 240 242 243 245 246 248
141 89 142 143 144 146 149 150 152 153 154 156 159 162 165 166 168 170 171 172 173 176 180 181 182 183 184 190 191 194 196 197 199 202 203 204 206 208 211 212 213 215 221 223 224 226 227 228 229 231 232 234 235 236 237 238 239 240 242 243 244 245 246 248
142 51 150 152 153 154 168 171 172 176 183 184 190 196 202 211 212 223 227 229 234 235 239 240 248
143 65 150 152 153 154 168 170 171 172 176 183 184 190 196 202 203 211 212 223 224 227 229 234 235 237 239 240 245 248
144 31 171 172 212 229 235 248
145 60
146 85 150 154 168 171 172 196 202 212 227 229 235 239 248
147 79
148 39
149 27 150 152 153 154 168 171 172 176 183 184 196 202 211 212 223 227 229 234 235 239 240 248
150 61 152 153 154 159 168 170 171 172 173 176 180 181 182 183 184 190 191 194 196 197 199 202 203 204 208 211 212 213 215 221 223 224 226 227 228 229 231 234 235 236 237 239 240 242 243 245 246 248
151 84
152 41 153 154 159 168 170 171 172 173 176 180 181 182 183 184 190 191 194 196 197 199 202 203 204 208 211 212 213 215 223 224 226 227 229 234 235 236 237 239 240 242 243 245 246 248
153 53 154 159 168 170 171 172 173 176 180 181 183 184 190 194 196 199 202 203 204 211 212 215 223 224 226 227 229 234 235 236 237 239 240 242 243 245 246 248
154 77 156 159 162 168 170 171 172 173 176 180 181 182 183 184 190 191 194 196 197 199 202 203 204 208 211 212 213 215 221 223 224 226 227 228 229 231 232 234 235 236 237 238 239 240 242 243 245 246 248
155 77
156 94 171 172 196 212 227 229 235 248
157 86
158 91
159 49 168 171 172 176 183 184 196 202 211 212 223 227 229 234 235 239 240 248
160 47
161 35
162 28 171 172 196 212 227 229 235 248
163 82
164 73
165 34 171 172 212 229 235 248
166 92 171 235
167 51
168 35 170 171 172 173 176 180 181 182 183 184 190 191 194 196 197 199 202 203 204 208 211 212 213 215 221 223 224 226 227 228 229 231 234 235 236 237 239 240 242 243 245 246 248
169 51
170 47 171 172 173 176 181 183 184 190 194 196 199 202 203 204 211 212 215 223 224 226 227 229 234 235 236 237 239 240 242 245 248
171 64 172 173 176 180 181 182 183 184 190 191 194 196 197 199 202 203 204 206 208 211 212 213 215 221 223 224 226 227 228 229 231 232 234 235 236 237 238 239 240 242 243 244 245 246 248
172 89 173 176 180 181 182 183 184 190 191 194 196 197 199 202 203 204 206 208 211 212 213 215 221 223 224 226 227 228 229 231 232 234 235 236 237 238 239 240 242 243 245 246 248
173 72 176 181 183 184 190 194 196 199 202 203 211 212 223 224 226 227 229 234 235 236 237 239 240 242 245 248
174 89
175 22
176 52 180 181 182 183 184 190 191 194 196 197 199 202 203 204 208 211 212 213 215 223 224 226 227 229 234 235 236 237 239 240 242 243 245 246 248
177 75
178 85
179 73
180 83 183 184 190 196 202 211 212 223 224 227 229 234 235 239 240 248
181 56 183 184 190 196 199 202 203 211 212 223 224 226 227 229 234 235 236 237 239 240 242 245 248
182 58 183 184 196 202 211 212 223 227 229 234 235 239 240 248
183 57 184 190 191 194 196 199 202 203 204 211 212 215 223 224 226 227 229 234 235 236 237 239 240 242 243 245 246 248
184 64 190 191 194 196 197 199 202 203 204 208 211 212 213 215 223 224 226 227 228 229 234 235 236 237 239 240 242 243 245 246 248
185 50
186 66
187 26
188 80
189 61
190 54 194 196 199 202 203 204 211 212 215 223 224 226 227 229 234 235 236 237 239 240 242 243 245 246 248
191 40 196 202 211 212 223 227 229 234 235 239 240 248
192 89
193 46
194 45 196 199 202 203 211 212 223 224 226 227 229 234 235 236 237 239 240 242 245 248
195 59
196 51 197 199 202 203 204 208 211 212 213 215 221 223 224 226 227 228 229 231 232 234 235 236 237 238 239 240 242 243 245 246 248
197 79 202 212 223 227 229 234 235 239 248
198 73
199 95 202 203 204 211 212 223 224 226 227 229 234 235 236 237 239 240 242 245 248
200 42
201 21
202 64 203 204 208 211 212 213 215 221 223 224 226 227 228 229 231 234 235 236 237 239 240 242 243 245 246 248
203 73 204 211 212 215 223 224 226 227 229 234 235 236 237 239 240 242 245 248
204 68 211 212 223 224 227 229 234 235 237 239 240 242 245 248
205 65
206 100 212 229 235
207 50
208 81 212 223 227 229 234 235 239 248
209 55
210 71
211 44 212 215 223 224 226 227 229 234 235 236 237 239 240 242 243 245 246 248
212 63 213 215 221 223 224 226 227 228 229 231 232 234 235 236 237 238 239 240 242 243 245 246 248
213 76 223 227 229 234 235 239 248
214 36
215 73 223 224 227 229 234 235 237 239 240 248
216 74
217 98
218 36
219 97
220 23
221 58 227 229 235 239 248
222 50
223 70 224 226 227 228 229 234 235 236 237 239 240 242 243 245 246 248
224 75 226 227 229 234 235 236 237 239 240 242 243 245 246 248
225 97
226 76 227 229 234 235 236 237 239 240 242 245 248
227 24 228 229 231 232 234 235 236 237 238 239 240 242 243 245 246 248
228 72 229 234 235 239 248
229 34 231 232 234 235 236 237 238 239 240 242 243 245 246 248
230 36
231 67 235 239 248
232 45 235 248
233 55
234 94 235 236 237 239 240 242 243 245 246 248
235 63 236 237 238 239 240 242 243 244 245 246 248
236 100 237 239 240 242 245 248
237 95 239 240 242 243 245 248
238 54 248
239 40 240 242 243 245 246 248
240 62 242 243 245 246 248
241 68
242 87 245 248
243 48 248
244 37
245 85 248
246 73 248
247 62
248 22
249 23
250 33
