249 1000
1 451 2 3 6 9 14 15 16 19 20 24 29 30 35 36 39 41 42 44 47 51 52 53 54 55 56 58 62 63 64 66 67 69 71 72 73 74 76 77 78 84 85 89 90 91 92 95 96 102 104 105 106 107 108 110 111 114 116 117 121 122 123 129 130 131 133 135 138 145 146 150 151 153 157 158 160 162 165 166 176 177 178 180 181 183 185 186 187 196 197 199 201 203 205 208 209 211 212 215 216 217 218 219 222 225 226 232 233 234 237 239 240 242 245 247 249
2 267 3 6 8 9 12 14 15 16 17 19 20 24 28 29 30 33 35 36 39 41 42 44 46 47 51 52 53 54 55 56 58 62 63 64 66 67 69 71 72 73 74 75 76 77 78 84 85 89 90 91 92 93 95 96 102 103 104 105 106 107 108 110 111 114 116 117 119 120 121 122 123 129 130 131 133 135 136 138 141 144 145 146 148 150 151 152 153 155 157 158 160 162 165 166 167 173 175 176 177 178 180 181 183 185 186 187 189 191 195 196 197 199 200 201 203 205 208 209 211 212 213 214 215 216 217 218 219 220 222 225 226 227 229 232 233 234 237 238 239 240 241 242 245 247 248 249
3 282 6 8 9 12 14 15 16 17 18 19 20 22 24 26 28 29 30 33 35 36 39 41 42 44 45 46 47 51 52 53 54 55 56 58 59 62 63 64 66 67 69 71 72 73 74 75 76 77 78 79 80 84 85 86 89 90 91 92 93 95 96 102 103 104 105 106 107 108 109 110 111 112 114 116 117 119 120 121 122 123 124 129 130 131 132 133 135 136 137 138 139 141 144 145 146 148 150 151 152 153 154 155 157 158 160 162 165 166 167 170 173 174 175 176 177 178 179 180 181 183 185 186 187 189 191 192 195 196 197 199 200 201 202 203 205 208 209 211 212 213 214 215 216 217 218 219 220 222 225 226 227 229 232 233 234 237 238 239 240 241 242 244 245 247 248 249
4 438 6 16 24 29 35 39 41 51 54 55 58 62 63 64 66 67 69 72 76 77 84 85 89 90 92 96 105 106 108 110 111 116 117 121 122 129 130 133 145 150 151 157 160 165 178 180 183 186 187 196 197 199 201 205 208 209 212 216 218 219 225 226 232 234 237 239 240 245 247
5 275 76 90 121 201 219
6 287 7 8 9 12 13 14 15 16 17 18 19 20 21 22 23 24 25 26 27 28 29 30 31 32 33 34 35 36 37 38 39 40 41 42 43 44 45 46 47 48 50 51 52 53 54 55 56 57 58 59 60 61 62 63 64 66 67 68 69 70 71 72 73 74 75 76 77 78 79 80 81 82 83 84 85 86 87 88 89 90 91 92 93 94 95 96 97 98 99 100 101 102 103 104 105 106 107 108 109 110 111 112 113 114 115 116 117 119 120 121 122 123 124 125 126 127 128 129 130 131 132 133 134 135 136 137 138 139 140 141 143 144 145 146 147 148 149 150 151 152 153 154 155 156 157 158 159 160 161 162 163 164 165 166 167 168 169 170 171 172 173 174 175 176 177 178 179 180 181 182 183 184 185 186 187 188 189 191 192 193 194 195 196 197 198 199 200 201 202 203 204 205 206 207 208 209 210 211 212 213 214 215 216 217 218 219 220 221 222 223 224 225 226 227 228 229 230 232 233 234 235 236 237 238 239 240 241 242 244 245 246 247 248 249
7 397 14 16 24 29 30 35 36 39 41 51 53 54 55 58 62 63 64 66 67 69 72 76 77 78 84 85 89 90 92 96 104 105 106 108 110 111 116 117 121 122 129 130 133 138 145 150 151 157 160 165 176 178 180 183 186 187 196 197 199 201 203 205 208 209 211 212 216 218 219 225 226 232 233 234 237 239 240 242 245 247 249
8 274 9 14 15 16 19 20 24 29 30 35 36 39 41 42 44 46 47 51 52 53 54 55 56 58 62 63 64 66 67 69 71 72 73 74 76 77 78 84 85 89 90 91 92 93 95 96 102 103 104 105 106 107 108 110 111 114 116 117 121 122 123 129 130 131 133 135 136 138 141 144 145 146 148 150 151 152 153 157 158 160 162 165 166 176 177 178 180 181 183 185 186 187 191 196 197 199 201 203 205 208 209 211 212 213 214 215 216 217 218 219 222 225 226 227 232 233 234 237 238 239 240 242 245 247 249
9 329 12 14 15 16 17 19 20 24 28 29 30 33 35 36 39 41 42 44 46 47 51 52 53 54 55 56 58 62 63 64 66 67 69 71 72 73 74 75 76 77 78 84 85 89 90 91 92 93 95 96 102 103 104 105 106 107 108 110 111 114 116 117 119 120 121 122 123 129 130 131 133 135 136 138 141 144 145 146 148 150 151 152 153 155 157 158 160 162 165 166 167 173 175 176 177 178 180 181 183 185 186 187 189 191 195 196 197 199 200 201 203 205 208 209 211 212 213 214 215 216 217 218 219 220 222 225 226 227 229 232 233 234 237 238 239 240 241 242 245 247 248 249
10 362 63 72 76 77 90 121 129 160 201 219 232
11 303 63 72 76 90 121 201 219
12 335 14 15 16 19 20 24 29 30 35 36 39 41 42 44 46 47 51 52 53 54 55 56 58 62 63 64 66 67 69 71 72 73 74 76 77 78 84 85 89 90 91 92 93 95 96 102 103 104 105 106 107 108 110 111 114 116 117 120 121 122 123 129 130 131 133 135 136 138 141 144 145 146 148 150 151 152 153 157 158 160 162 165 166 167 176 177 178 180 181 183 185 186 187 191 196 197 199 200 201 203 205 208 209 211 212 213 214 215 216 217 218 219 222 225 226 227 232 233 234 237 238 239 240 242 245 247 249
13 491 16 24 29 30 35 36 39 41 51 54 55 58 62 63 64 66 67 69 72 76 77 78 84 85 89 90 92 96 105 106 108 110 111 116 117 121 122 129 130 133 145 150 151 157 160 165 178 180 183 186 187 196 197 199 201 203 205 208 209 212 216 218 219 225 226 232 234 237 239 240 242 245 247
14 251 15 16 17 18 19 20 22 24 25 26 27 28 29 30 31 33 35 36 37 39 40 41 42 44 45 46 47 51 52 53 54 55 56 58 59 62 63 64 66 67 69 71 72 73 74 75 76 77 78 79 80 81 84 85 86 88 89 90 91 92 93 95 96 98 102 103 104 105 106 107 108 109 110 111 112 114 115 116 117 119 120 121 122 123 124 126 127 129 130 131 132 133 135 136 137 138 139 141 143 144 145 146 148 150 151 152 153 154 155 156 157 158 160 162 165 166 167 170 171 172 173 174 175 176 177 178 179 180 181 183 185 186 187 188 189 191 192 195 196 197 198 199 200 201 202 203 205 208 209 211 212 213 214 215 216 217 218 219 220 221 222 225 226 227 229 232 233 234 237 238 239 240 241 242 244 245 246 247 248 249
15 258 16 17 19 20 24 28 29 30 33 35 36 39 41 42 44 46 47 51 52 53 54 55 56 58 62 63 64 66 67 69 71 72 73 74 75 76 77 78 84 85 89 90 91 92 93 95 96 102 103 104 105 106 107 108 110 111 114 116 117 119 120 121 122 123 129 130 131 133 135 136 138 141 144 145 146 148 150 151 152 153 155 157 158 160 162 165 166 167 173 175 176 177 178 180 181 183 185 186 187 189 191 195 196 197 199 200 201 203 205 208 209 211 212 213 214 215 216 217 218 219 220 222 225 226 227 229 232 233 234 237 238 239 240 241 242 245 247 248 249
16 379 17 18 19 20 22 24 25 26 27 28 29 30 31 33 34 35 36 37 39 40 41 42 43 44 45 46 47 50 51 52 53 54 55 56 58 59 60 61 62 63 64 66 67 69 71 72 73 74 75 76 77 78 79 80 81 84 85 86 88 89 90 91 92 93 95 96 98 99 102 103 104 105 106 107 108 109 110 111 112 114 115 116 117 119 120 121 122 123 124 125 126 127 129 130 131 132 133 134 135 136 137 138 139 140 141 143 144 145 146 148 149 150 151 152 153 154 155 156 157 158 159 160 162 163 164 165 166 167 168 170 171 172 173 174 175 176 177 178 179 180 181 183 185 186 187 188 189 191 192 194 195 196 197 198 199 200 201 202 203 204 205 206 207 208 209 211 212 213 214 215 216 217 218 219 220 221 222 224 225 226 227 228 229 232 233 234 235 236 237 238 239 240 241 242 244 245 246 247 248 249
17 256 19 20 24 29 30 35 36 39 41 42 44 47 51 52 53 54 55 56 58 62 63 64 66 67 69 71 72 73 74 76 77 78 84 85 89 90 91 92 93 95 96 102 104 105 106 107 108 110 111 114 116 117 121 122 123 129 130 131 133 135 138 145 146 150 151 153 157 158 160 162 165 166 176 177 178 180 181 183 185 186 187 196 197 199 201 203 205 208 209 211 212 214 215 216 217 218 219 222 225 226 227 232 233 234 237 239 240 242 245 247 249
18 365 19 20 24 29 30 35 36 39 41 42 44 47 51 52 53 54 55 58 62 63 64 66 67 69 71 72 74 76 77 78 84 85 89 90 91 92 95 96 102 104 105 106 107 108 110 111 114 116 117 121 122 123 129 130 131 133 135 138 145 146 150 151 153 157 160 165 176 178 180 181 183 185 186 187 196 197 199 201 203 205 208 209 211 212 215 216 217 218 219 225 226 232 233 234 237 239 240 242 245 247 249
19 394 20 24 28 29 30 33 35 36 39 41 42 44 45 46 47 51 52 53 54 55 56 58 59 62 63 64 66 67 69 71 72 73 74 75 76 77 78 79 80 84 85 89 90 91 92 93 95 96 102 103 104 105 106 107 108 109 110 111 112 114 116 117 119 120 121 122 123 129 130 131 132 133 135 136 137 138 141 144 145 146 148 150 151 152 153 154 155 157 158 160 162 165 166 167 173 174 175 176 177 178 180 181 183 185 186 187 189 191 195 196 197 199 200 201 202 203 205 208 209 211 212 213 214 215 216 217 218 219 220 222 225 226 227 229 232 233 234 237 238 239 240 241 242 245 247 248 249
20 294 22 24 26 28 29 30 33 35 36 39 41 42 44 45 46 47 51 52 53 54 55 56 58 59 62 63 64 66 67 69 71 72 73 74 75 76 77 78 79 80 84 85 89 90 91 92 93 95 96 102 103 104 105 106 107 108 109 110 111 112 114 116 117 119 120 121 122 123 129 130 131 132 133 135 136 137 138 141 144 145 146 148 150 151 152 153 154 155 157 158 160 162 165 166 167 173 174 175 176 177 178 180 181 183 185 186 187 189 191 195 196 197 199 200 201 202 203 205 208 209 211 212 213 214 215 216 217 218 219 220 222 225 226 227 229 232 233 234 237 238 239 240 241 242 244 245 247 248 249
21 312 24 35 39 41 51 54 58 62 63 66 69 72 76 77 89 90 105 108 111 121 122 129 150 160 178 183 186 187 196 201 205 212 219 225 226 232 237
22 437 24 29 30 35 36 39 41 51 52 53 54 55 58 62 63 64 66 67 69 72 74 76 77 78 84 85 89 90 92 96 104 105 106 107 108 110 111 114 116 117 121 122 129 130 133 138 145 150 151 153 157 160 165 176 178 180 183 186 187 196 197 199 201 203 205 208 209 211 212 216 218 219 225 226 232 233 234 237 239 240 242 245 247 249
23 274 51 62 63 66 69 72 76 77 90 105 111 121 122 129 160 183 186 201 219 232
24 289 25 26 27 28 29 30 31 33 34 35 36 37 39 40 41 42 43 44 45 46 47 48 50 51 52 53 54 55 56 58 59 60 61 62 63 64 66 67 69 71 72 73 74 75 76 77 78 79 80 81 82 84 85 86 88 89 90 91 92 93 95 96 97 98 99 102 103 104 105 106 107 108 109 110 111 112 114 115 116 117 119 120 121 122 123 124 125 126 127 129 130 131 132 133 134 135 136 137 138 139 140 141 143 144 145 146 148 149 150 151 152 153 154 155 156 157 158 159 160 161 162 163 164 165 166 167 168 169 170 171 172 173 174 175 176 177 178 179 180 181 183 185 186 187 188 189 191 192 194 195 196 197 198 199 200 201 202 203 204 205 206 207 208 209 211 212 213 214 215 216 217 218 219 220 221 222 224 225 226 227 228 229 230 232 233 234 235 236 237 238 239 240 241 242 244 245 246 247 248 249
25 438 29 30 35 36 39 41 51 54 55 58 62 63 64 66 67 69 72 76 77 78 84 85 89 90 92 96 105 106 108 110 111 116 117 121 122 129 130 133 145 150 151 157 160 165 178 180 183 186 187 196 197 199 201 203 205 208 209 212 216 218 219 225 226 232 233 234 237 239 240 242 245 247
26 271 29 30 35 36 39 41 51 52 53 54 55 58 62 63 64 66 67 69 72 74 76 77 78 84 85 89 90 92 96 104 105 106 107 108 110 111 114 116 117 121 122 129 130 133 135 138 145 146 150 151 153 157 160 165 176 178 180 183 186 187 196 197 199 201 203 205 208 209 211 212 216 218 219 225 226 232 233 234 237 239 240 242 245 247 249
27 291 29 30 35 36 39 41 51 54 55 58 62 63 64 66 67 69 72 76 77 78 84 85 89 90 92 96 105 106 108 110 111 116 117 121 122 129 130 133 145 150 151 157 160 165 178 180 183 186 187 196 197 199 201 203 205 208 209 212 216 218 219 225 226 232 233 234 237 239 240 242 245 247
28 398 29 30 35 36 39 41 42 44 47 51 52 53 54 55 56 58 62 63 64 66 67 69 71 72 73 74 76 77 78 84 85 89 90 91 92 93 95 96 102 104 105 106 107 108 110 111 114 116 117 121 122 123 129 130 131 133 135 138 145 146 150 151 153 157 158 160 162 165 166 176 177 178 180 181 183 185 186 187 196 197 199 201 203 205 208 209 211 212 214 215 216 217 218 219 222 225 226 232 233 234 237 239 240 242 245 247 249
29 290 30 31 33 35 36 37 39 40 41 42 44 45 46 47 50 51 52 53 54 55 56 58 59 62 63 64 66 67 69 71 72 73 74 75 76 77 78 79 80 81 84 85 86 88 89 90 91 92 93 95 96 98 102 103 104 105 106 107 108 109 110 111 112 114 115 116 117 119 120 121 122 123 124 126 127 129 130 131 132 133 135 136 137 138 139 140 141 143 144 145 146 148 149 150 151 152 153 154 155 156 157 158 159 160 162 163 164 165 166 167 170 171 172 173 174 175 176 177 178 179 180 181 183 185 186 187 188 189 191 192 195 196 197 198 199 200 201 202 203 204 205 206 208 209 211 212 213 214 215 216 217 218 219 220 221 222 224 225 226 227 229 232 233 234 237 238 239 240 241 242 244 245 246 247 248 249
30 312 31 33 35 36 37 39 40 41 42 44 45 46 47 51 52 53 54 55 56 58 59 62 63 64 66 67 69 71 72 73 74 75 76 77 78 79 80 81 84 85 86 88 89 90 91 92 93 95 96 98 102 103 104 105 106 107 108 109 110 111 112 114 115 116 117 119 120 121 122 123 124 126 127 129 130 131 132 133 135 136 137 138 139 141 143 144 145 146 148 150 151 152 153 154 155 156 157 158 160 162 165 166 167 170 171 172 173 174 175 176 177 178 179 180 181 183 185 186 187 188 189 191 192 195 196 197 198 199 200 201 202 203 205 208 209 211 212 213 214 215 216 217 218 219 220 221 222 225 226 227 229 232 233 234 237 238 239 240 241 242 244 245 246 247 248 249
31 396 35 36 39 41 51 54 55 58 62 63 64 66 67 69 72 76 77 78 84 85 89 90 92 96 105 106 108 110 111 116 117 121 122 129 130 133 145 150 151 157 160 165 178 180 183 186 187 196 197 199 201 203 205 208 209 212 216 218 219 225 226 232 233 234 237 239 240 242 245 247
32 261 51 62 63 66 69 72 76 77 90 105 111 121 122 129 160 183 186 201 219 232
33 343 35 36 39 41 42 44 46 47 51 52 53 54 55 56 58 62 63 64 66 67 69 71 72 73 74 76 77 78 84 85 89 90 91 92 93 95 96 102 104 105 106 107 108 110 111 114 116 117 121 122 123 129 130 131 133 135 136 138 145 146 150 151 153 157 158 160 162 165 166 176 177 178 180 181 183 185 186 187 196 197 199 201 203 205 208 209 211 212 213 214 215 216 217 218 219 222 225 226 227 232 233 234 237 239 240 242 245 247 249
34 482 35 39 41 51 54 55 58 62 63 64 66 69 72 76 77 84 89 90 105 106 108 111 121 122 129 130 133 150 157 160 178 180 183 186 187 196 201 205 208 212 216 218 219 225 226 232 234 237 239 240 247
35 252 36 37 39 40 41 42 43 44 45 46 47 48 50 51 52 53 54 55 56 57 58 59 60 61 62 63 64 66 67 69 70 71 72 73 74 75 76 77 78 79 80 81 82 83 84 85 86 88 89 90 91 92 93 95 96 97 98 99 102 103 104 105 106 107 108 109 110 111 112 113 114 115 116 117 119 120 121 122 123 124 125 126 127 128 129 130 131 132 133 134 135 136 137 138 139 140 141 143 144 145 146 148 149 150 151 152 153 154 155 156 157 158 159 160 161 162 163 164 165 166 167 168 169 170 171 172 173 174 175 176 177 178 179 180 181 182 183 184 185 186 187 188 189 191 192 193 194 195 196 197 198 199 200 201 202 203 204 205 206 207 208 209 210 211 212 213 214 215 216 217 218 219 220 221 222 224 225 226 227 228 229 230 232 233 234 235 236 237 238 239 240 241 242 244 245 246 247 248 249
36 266 37 39 40 41 42 44 45 46 47 51 52 53 54 55 56 58 59 62 63 64 66 67 69 71 72 73 74 75 76 77 78 79 80 81 84 85 86 88 89 90 91 92 93 95 96 98 102 103 104 105 106 107 108 109 110 111 112 114 115 116 117 119 120 121 122 123 124 126 127 129 130 131 132 133 135 136 137 138 139 141 143 144 145 146 148 150 151 152 153 154 155 156 157 158 159 160 162 165 166 167 170 171 172 173 174 175 176 177 178 179 180 181 183 185 186 187 188 189 191 192 195 196 197 198 199 200 201 202 203 205 206 208 209 211 212 213 214 215 216 217 218 219 220 221 222 225 226 227 229 232 233 234 237 238 239 240 241 242 244 245 246 247 248 249
37 425 39 41 51 53 54 55 58 62 63 64 66 67 69 72 76 77 78 84 85 89 90 92 96 105 106 108 110 111 116 117 121 122 129 130 133 145 150 151 157 160 165 176 178 180 183 186 187 196 197 199 201 203 205 208 209 211 212 216 218 219 225 226 232 233 234 237 239 240 242 245 247
38 252 51 62 63 66 69 72 76 77 90 105 111 121 122 129 160 178 183 186 201 219 226 232
39 323 40 41 42 43 44 45 46 47 48 50 51 52 53 54 55 56 57 58 59 60 61 62 63 64 66 67 69 71 72 73 74 75 76 77 78 79 80 81 82 83 84 85 86 88 89 90 91 92 93 95 96 97 98 99 102 103 104 105 106 107 108 109 110 111 112 114 115 116 117 119 120 121 122 123 124 125 126 127 129 130 131 132 133 134 135 136 137 138 139 140 141 143 144 145 146 148 149 150 151 152 153 154 155 156 157 158 159 160 161 162 163 164 165 166 167 168 169 170 171 172 173 174 175 176 177 178 179 180 181 183 185 186 187 188 189 191 192 194 195 196 197 198 199 200 201 202 203 204 205 206 207 208 209 211 212 213 214 215 216 217 218 219 220 221 222 224 225 226 227 228 229 230 232 233 234 235 236 237 238 239 240 241 242 244 245 246 247 248 249
40 382 41 51 52 53 54 55 58 62 63 64 66 67 69 72 74 76 77 78 84 85 89 90 92 96 104 105 106 108 110 111 116 117 121 122 129 130 133 138 145 150 151 157 160 165 176 178 180 183 186 187 196 197 199 201 203 205 208 209 211 212 216 218 219 225 226 232 233 234 237 239 240 242 245 247 249
41 291 42 43 44 45 46 47 48 50 51 52 53 54 55 56 58 59 60 61 62 63 64 66 67 69 71 72 73 74 75 76 77 78 79 80 81 82 84 85 86 88 89 90 91 92 93 95 96 97 98 99 102 103 104 105 106 107 108 109 110 111 112 114 115 116 117 119 120 121 122 123 124 125 126 127 129 130 131 132 133 134 135 136 137 138 139 140 141 143 144 145 146 148 149 150 151 152 153 154 155 156 157 158 159 160 161 162 163 164 165 166 167 168 169 170 171 172 173 174 175 176 177 178 179 180 181 183 185 186 187 188 189 191 192 194 195 196 197 198 199 200 201 202 203 204 205 206 207 208 209 211 212 213 214 215 216 217 218 219 220 221 222 224 225 226 227 228 229 230 232 233 234 235 236 237 238 239 240 241 242 244 245 246 247 248 249
42 327 44 45 46 47 51 52 53 54 55 56 58 59 62 63 64 66 67 69 71 72 73 74 75 76 77 78 80 84 85 89 90 91 92 93 95 96 102 103 104 105 106 107 108 110 111 112 114 116 117 119 120 121 122 123 129 130 131 133 135 136 137 138 141 144 145 146 148 150 151 152 153 154 155 157 158 160 162 165 166 167 173 175 176 177 178 180 181 183 185 186 187 189 191 195 196 197 199 200 201 203 205 208 209 211 212 213 214 215 216 217 218 219 220 222 225 226 227 229 232 233 234 237 238 239 240 241 242 245 247 248 249
43 414 51 54 55 58 62 63 64 66 69 72 76 77 84 89 90 105 106 108 111 121 122 129 130 133 150 157 160 178 180 183 186 187 196 201 205 208 212 216 218 219 225 226 232 237 239 240 247
44 262 45 46 47 51 52 53 54 55 56 58 59 62 63 64 66 67 69 71 72 73 74 75 76 77 78 79 80 84 85 89 90 91 92 93 95 96 102 103 104 105 106 107 108 109 110 111 112 114 116 117 119 120 121 122 123 129 130 131 132 133 135 136 137 138 141 144 145 146 148 150 151 152 153 154 155 157 158 160 162 165 166 167 173 174 175 176 177 178 180 181 183 185 186 187 189 191 195 196 197 199 200 201 202 203 205 208 209 211 212 213 214 215 216 217 218 219 220 222 225 226 227 229 232 233 234 237 238 239 240 241 242 245 247 248 249
45 324 47 51 52 53 54 55 58 62 63 64 66 67 69 71 72 74 76 77 78 84 85 89 90 91 92 95 96 102 104 105 106 107 108 110 111 114 116 117 121 122 123 129 130 131 133 135 138 145 146 150 151 153 157 160 165 176 178 180 181 183 185 186 187 196 197 199 201 203 205 208 209 211 212 215 216 217 218 219 225 226 232 233 234 237 239 240 242 245 247 249
46 388 47 51 52 53 54 55 56 58 62 63 64 66 67 69 71 72 73 74 75 76 77 78 84 85 89 90 91 92 93 95 96 102 103 104 105 106 107 108 110 111 114 116 117 120 121 122 123 129 130 131 133 135 136 138 141 144 145 146 148 150 151 152 153 155 157 158 160 162 165 166 167 173 176 177 178 180 181 183 185 186 187 191 195 196 197 199 200 201 203 205 208 209 211 212 213 214 215 216 217 218 219 220 222 225 226 227 229 232 233 234 237 238 239 240 241 242 245 247 248 249
47 251 51 52 53 54 55 56 58 59 62 63 64 66 67 69 71 72 73 74 75 76 77 78 80 84 85 89 90 91 92 93 95 96 102 103 104 105 106 107 108 109 110 111 112 114 116 117 119 120 121 122 123 129 130 131 132 133 135 136 137 138 141 144 145 146 148 150 151 152 153 154 155 157 158 160 162 165 166 167 173 174 175 176 177 178 180 181 183 185 186 187 189 191 195 196 197 199 200 201 202 203 205 208 209 211 212 213 214 215 216 217 218 219 220 222 225 226 227 229 232 233 234 237 238 239 240 241 242 245 247 248 249
48 361 51 54 55 58 62 63 66 69 72 76 77 89 90 105 108 111 121 122 129 130 150 160 178 180 183 186 187 196 201 205 212 219 225 226 232 237
49 426 90 201 219
50 259 51 54 55 58 62 63 64 66 67 69 72 76 77 84 85 89 90 92 96 105 106 108 110 111 117 121 122 129 130 133 145 150 151 157 160 165 178 180 183 186 187 196 201 205 208 209 212 216 218 219 225 226 232 234 237 239 240 247
51 315 52 53 54 55 56 57 58 59 60 61 62 63 64 66 67 68 69 70 71 72 73 74 75 76 77 78 79 80 81 82 83 84 85 86 87 88 89 90 91 92 93 94 95 96 97 98 99 100 101 102 103 104 105 106 107 108 109 110 111 112 113 114 115 116 117 119 120 121 122 123 124 125 126 127 128 129 130 131 132 133 134 135 136 137 138 139 140 141 142 143 144 145 146 147 148 149 150 151 152 153 154 155 156 157 158 159 160 161 162 163 164 165 166 167 168 169 170 171 172 173 174 175 176 177 178 179 180 181 182 183 184 185 186 187 188 189 191 192 193 194 195 196 197 198 199 200 201 202 203 204 205 206 207 208 209 210 211 212 213 214 215 216 217 218 219 220 221 222 223 224 225 226 227 228 229 230 232 233 234 235 236 237 238 239 240 241 242 244 245 246 247 248 249
52 377 53 54 55 56 58 59 62 63 64 66 67 69 71 72 73 74 75 76 77 78 79 80 81 84 85 86 88 89 90 91 92 93 95 96 102 103 104 105 106 107 108 109 110 111 112 114 116 117 119 120 121 122 123 124 127 129 130 131 132 133 135 136 137 138 139 141 144 145 146 148 150 151 152 153 154 155 157 158 160 162 165 166 167 170 172 173 174 175 176 177 178 179 180 181 183 185 186 187 189 191 192 195 196 197 199 200 201 202 203 205 208 209 211 212 213 214 215 216 217 218 219 220 221 222 225 226 227 229 232 233 234 237 238 239 240 241 242 244 245 246 247 248 249
53 258 54 55 56 58 59 62 63 64 66 67 69 71 72 73 74 75 76 77 78 79 80 81 84 85 86 88 89 90 91 92 93 95 96 98 102 103 104 105 106 107 108 109 110 111 112 114 115 116 117 119 120 121 122 123 124 126 127 129 130 131 132 133 135 136 137 138 139 141 143 144 145 146 148 150 151 152 153 154 155 156 157 158 160 162 165 166 167 170 171 172 173 174 175 176 177 178 179 180 181 183 185 186 187 188 189 191 192 195 196 197 199 200 201 202 203 205 208 209 211 212 213 214 215 216 217 218 219 220 221 222 225 226 227 229 232 233 234 237 238 239 240 241 242 244 245 246 247 248 249
54 365 55 56 57 58 59 60 61 62 63 64 66 67 69 71 72 73 74 75 76 77 78 79 80 81 82 83 84 85 86 88 89 90 91 92 93 95 96 97 98 99 102 103 104 105 106 107 108 109 110 111 112 113 114 115 116 117 119 120 121 122 123 124 125 126 127 128 129 130 131 132 133 134 135 136 137 138 139 140 141 143 144 145 146 148 149 150 151 152 153 154 155 156 157 158 159 160 161 162 163 164 165 166 167 168 169 170 171 172 173 174 175 176 177 178 179 180 181 183 185 186 187 188 189 191 192 194 195 196 197 198 199 200 201 202 203 204 205 206 207 208 209 211 212 213 214 215 216 217 218 219 220 221 222 224 225 226 227 228 229 230 232 233 234 235 236 237 238 239 240 241 242 244 245 246 247 248 249
55 455 56 58 59 60 61 62 63 64 66 67 69 71 72 73 74 75 76 77 78 79 80 81 84 85 86 88 89 90 91 92 93 95 96 97 98 99 102 103 104 105 106 107 108 109 110 111 112 114 115 116 117 119 120 121 122 123 124 125 126 127 129 130 131 132 133 134 135 136 137 138 139 140 141 143 144 145 146 148 149 150 151 152 153 154 155 156 157 158 159 160 161 162 163 164 165 166 167 168 170 171 172 173 174 175 176 177 178 179 180 181 183 185 186 187 188 189 191 192 194 195 196 197 198 199 200 201 202 203 204 205 206 207 208 209 211 212 213 214 215 216 217 218 219 220 221 222 224 225 226 227 228 229 232 233 234 235 236 237 238 239 240 241 242 244 245 246 247 248 249
56 266 58 62 63 64 66 67 69 71 72 73 74 75 76 77 78 84 85 89 90 91 92 93 95 96 102 103 104 105 106 107 108 110 111 114 116 117 119 120 121 122 123 129 130 131 133 135 136 138 141 144 145 146 148 150 151 152 153 155 157 158 160 162 165 166 167 173 175 176 177 178 180 181 183 185 186 187 189 191 195 196 197 199 200 201 203 205 208 209 211 212 213 214 215 216 217 218 219 220 222 225 226 227 229 232 233 234 237 238 239 240 241 242 245 247 248 249
57 279 58 62 63 66 69 72 76 77 90 105 111 121 122 129 150 160 178 183 186 196 201 212 219 225 226 232 237
58 411 59 60 61 62 63 64 66 67 69 70 71 72 73 74 75 76 77 78 79 80 81 82 83 84 85 86 88 89 90 91 92 93 94 95 96 97 98 99 102 103 104 105 106 107 108 109 110 111 112 113 114 115 116 117 119 120 121 122 123 124 125 126 127 128 129 130 131 132 133 134 135 136 137 138 139 140 141 143 144 145 146 148 149 150 151 152 153 154 155 156 157 158 159 160 161 162 163 164 165 166 167 168 169 170 171 172 173 174 175 176 177 178 179 180 181 182 183 184 185 186 187 188 189 191 192 193 194 195 196 197 198 199 200 201 202 203 204 205 206 207 208 209 210 211 212 213 214 215 216 217 218 219 220 221 222 224 225 226 227 228 229 230 232 233 234 235 236 237 238 239 240 241 242 244 245 246 247 248 249
59 260 62 63 64 66 67 69 71 72 74 76 77 78 84 85 89 90 91 92 95 96 102 104 105 106 107 108 110 111 114 116 117 121 122 123 129 130 131 133 135 138 145 146 150 151 153 157 160 165 176 178 180 181 183 185 186 187 196 197 199 201 203 205 208 209 211 212 215 216 217 218 219 225 226 232 233 234 237 239 240 242 245 247 249
60 329 62 63 64 66 69 72 76 77 89 90 105 108 111 121 122 129 130 133 150 160 178 180 183 186 187 196 201 205 208 212 216 219 225 226 232 237 239 240 247
61 356 62 63 66 69 72 76 77 89 90 105 108 111 121 122 129 130 150 160 178 180 183 186 187 196 201 205 212 219 225 226 232 237 239 240
62 295 63 64 66 67 68 69 70 71 72 73 74 75 76 77 78 79 80 81 82 83 84 85 86 87 88 89 90 91 92 93 94 95 96 97 98 99 100 101 102 103 104 105 106 107 108 109 110 111 112 113 114 115 116 117 119 120 121 122 123 124 125 126 127 128 129 130 131 132 133 134 135 136 137 138 139 140 141 143 144 145 146 147 148 149 150 151 152 153 154 155 156 157 158 159 160 161 162 163 164 165 166 167 168 169 170 171 172 173 174 175 176 177 178 179 180 181 182 183 184 185 186 187 188 189 191 192 193 194 195 196 197 198 199 200 201 202 203 204 205 206 207 208 209 210 211 212 213 214 215 216 217 218 219 220 221 222 224 225 226 227 228 229 230 232 233 234 235 236 237 238 239 240 241 242 244 245 246 247 248 249
63 349 64 65 66 67 68 69 70 71 72 73 74 75 76 77 78 79 80 81 82 83 84 85 86 87 88 89 90 91 92 93 94 95 96 97 98 99 100 101 102 103 104 105 106 107 108 109 110 111 112 113 114 115 116 117 119 120 121 122 123 124 125 126 127 128 129 130 131 132 133 134 135 136 137 138 139 140 141 142 143 144 145 146 147 148 149 150 151 152 153 154 155 156 157 158 159 160 161 162 163 164 165 166 167 168 169 170 171 172 173 174 175 176 177 178 179 180 181 182 183 184 185 186 187 188 189 191 192 193 194 195 196 197 198 199 200 201 202 203 204 205 206 207 208 209 210 211 212 213 214 215 216 217 218 219 220 221 222 223 224 225 226 227 228 229 230 232 233 234 235 236 237 238 239 240 241 242 244 245 246 247 248 249
64 470 66 67 69 71 72 73 74 75 76 77 78 79 80 81 84 85 86 88 89 90 91 92 93 95 96 98 99 102 103 104 105 106 107 108 109 110 111 112 114 115 116 117 119 120 121 122 123 124 125 126 127 129 130 131 132 133 134 135 136 137 138 139 140 141 143 144 145 146 148 149 150 151 152 153 154 155 156 157 158 159 160 162 163 164 165 166 167 168 170 171 172 173 174 175 176 177 178 179 180 181 183 185 186 187 188 189 191 192 194 195 196 197 198 199 200 201 202 203 204 205 206 208 209 211 212 213 214 215 216 217 218 219 220 221 222 224 225 226 227 229 232 233 234 235 236 237 238 239 240 241 242 244 245 246 247 248 249
65 257 72 76 77 90 121 129 160 201 219 232
66 273 67 69 70 71 72 73 74 75 76 77 78 79 80 81 82 83 84 85 86 87 88 89 90 91 92 93 94 95 96 97 98 99 101 102 103 104 105 106 107 108 109 110 111 112 113 114 115 116 117 119 120 121 122 123 124 125 126 127 128 129 130 131 132 133 134 135 136 137 138 139 140 141 143 144 145 146 147 148 149 150 151 152 153 154 155 156 157 158 159 160 161 162 163 164 165 166 167 168 169 170 171 172 173 174 175 176 177 178 179 180 181 182 183 184 185 186 187 188 189 191 192 193 194 195 196 197 198 199 200 201 202 203 204 205 206 207 208 209 210 211 212 213 214 215 216 217 218 219 220 221 222 224 225 226 227 228 229 230 232 233 234 235 236 237 238 239 240 241 242 244 245 246 247 248 249
67 449 69 71 72 73 74 75 76 77 78 79 80 81 84 85 86 88 89 90 91 92 93 95 96 98 102 103 104 105 106 107 108 109 110 111 112 114 115 116 117 119 120 121 122 123 124 126 127 129 130 131 132 133 135 136 137 138 139 140 141 143 144 145 146 148 149 150 151 152 153 154 155 156 157 158 159 160 162 163 164 165 166 167 170 171 172 173 174 175 176 177 178 179 180 181 183 185 186 187 188 189 191 192 194 195 196 197 198 199 200 201 202 203 204 205 206 208 209 211 212 213 214 215 216 217 218 219 220 221 222 224 225 226 227 229 232 233 234 237 238 239 240 241 242 244 245 246 247 248 249
68 252 72 76 77 90 105 111 121 129 160 201 219 232
69 299 70 71 72 73 74 75 76 77 78 79 80 81 82 83 84 85 86 87 88 89 90 91 92 93 94 95 96 97 98 99 101 102 103 104 105 106 107 108 109 110 111 112 113 114 115 116 117 119 120 121 122 123 124 125 126 127 128 129 130 131 132 133 134 135 136 137 138 139 140 141 143 144 145 146 147 148 149 150 151 152 153 154 155 156 157 158 159 160 161 162 163 164 165 166 167 168 169 170 171 172 173 174 175 176 177 178 179 180 181 182 183 184 185 186 187 188 189 191 192 193 194 195 196 197 198 199 200 201 202 203 204 205 206 207 208 209 210 211 212 213 214 215 216 217 218 219 220 221 222 224 225 226 227 228 229 230 232 233 234 235 236 237 238 239 240 241 242 244 245 246 247 248 249
70 380 72 76 77 90 105 111 121 122 129 150 160 178 183 186 196 201 212 219 226 232
71 280 72 73 74 75 76 77 78 79 80 84 85 89 90 91 92 93 95 96 102 103 104 105 106 107 108 109 110 111 112 114 116 117 119 120 121 122 123 129 130 131 132 133 135 136 137 138 141 144 145 146 148 150 151 152 153 154 155 157 158 160 162 165 166 167 173 174 175 176 177 178 180 181 183 185 186 187 189 191 195 196 197 199 200 201 202 203 205 208 209 211 212 213 214 215 216 217 218 219 220 222 225 226 227 229 232 233 234 237 238 239 240 241 242 245 247 248 249
72 340 73 74 75 76 77 78 79 80 81 82 83 84 85 86 87 88 89 90 91 92 93 94 95 96 97 98 99 100 101 102 103 104 105 106 107 108 109 110 111 112 113 114 115 116 117 119 120 121 122 123 124 125 126 127 128 129 130 131 132 133 134 135 136 137 138 139 140 141 142 143 144 145 146 147 148 149 150 151 152 153 154 155 156 157 158 159 160 161 162 163 164 165 166 167 168 169 170 171 172 173 174 175 176 177 178 179 180 181 182 183 184 185 186 187 188 189 191 192 193 194 195 196 197 198 199 200 201 202 203 204 205 206 207 208 209 210 211 212 213 214 215 216 217 218 219 220 221 222 223 224 225 226 227 228 229 230 231 232 233 234 235 236 237 238 239 240 241 242 244 245 246 247 248 249
73 378 74 75 76 77 78 84 85 89 90 91 92 93 95 96 102 103 104 105 106 107 108 110 111 114 116 117 119 120 121 122 123 129 130 131 133 135 136 138 141 144 145 146 148 150 151 152 153 155 157 158 160 162 165 166 167 173 175 176 177 178 180 181 183 185 186 187 189 191 195 196 197 199 200 201 203 205 208 209 211 212 213 214 215 216 217 218 219 220 222 225 226 227 229 232 233 234 237 238 239 240 241 242 245 247 248 249
74 305 75 76 77 78 79 80 81 84 85 86 89 90 91 92 93 95 96 102 103 104 105 106 107 108 109 110 111 112 114 116 117 119 120 121 122 123 124 129 130 131 132 133 135 136 137 138 139 141 144 145 146 148 150 151 152 153 154 155 157 158 160 162 165 166 167 170 172 173 174 175 176 177 178 179 180 181 183 185 186 187 189 191 192 195 196 197 199 200 201 202 203 205 208 209 211 212 213 214 215 216 217 218 219 220 221 222 225 226 227 229 232 233 234 237 238 239 240 241 242 244 245 246 247 248 249
75 317 76 77 78 84 85 89 90 91 92 93 95 96 102 103 104 105 106 107 108 110 111 114 116 117 120 121 122 123 129 130 131 133 135 136 138 141 144 145 146 148 150 151 152 153 155 157 158 160 162 165 166 167 176 177 178 180 181 183 185 186 187 191 196 197 199 200 201 203 205 208 209 211 212 213 214 215 216 217 218 219 222 225 226 227 232 233 234 237 238 239 240 242 245 247 249
76 440 77 78 79 80 81 82 83 84 85 86 87 88 89 90 91 92 93 94 95 96 97 98 99 100 101 102 103 104 105 106 107 108 109 110 111 112 113 114 115 116 117 118 119 120 121 122 123 124 125 126 127 128 129 130 131 132 133 134 135 136 137 138 139 140 141 142 143 144 145 146 147 148 149 150 151 152 153 154 155 156 157 158 159 160 161 162 163 164 165 166 167 168 169 170 171 172 173 174 175 176 177 178 179 180 181 182 183 184 185 186 187 188 189 191 192 193 194 195 196 197 198 199 200 201 202 203 204 205 206 207 208 209 210 211 212 213 214 215 216 217 218 219 220 221 222 223 224 225 226 227 228 229 230 231 232 233 234 235 236 237 238 239 240 241 242 244 245 246 247 248 249
77 255 78 79 80 81 82 83 84 85 86 87 88 89 90 91 92 93 94 95 96 97 98 99 100 101 102 103 104 105 106 107 108 109 110 111 112 113 114 115 116 117 119 120 121 122 123 124 125 126 127 128 129 130 131 132 133 134 135 136 137 138 139 140 141 142 143 144 145 146 147 148 149 150 151 152 153 154 155 156 157 158 159 160 161 162 163 164 165 166 167 168 169 170 171 172 173 174 175 176 177 178 179 180 181 182 183 184 185 186 187 188 189 191 192 193 194 195 196 197 198 199 200 201 202 203 204 205 206 207 208 209 210 211 212 213 214 215 216 217 218 219 220 221 222 223 224 225 226 227 228 229 230 232 233 234 235 236 237 238 239 240 241 242 244 245 246 247 248 249
78 305 79 80 81 84 85 86 88 89 90 91 92 93 95 96 98 102 103 104 105 106 107 108 109 110 111 112 114 115 116 117 119 120 121 122 123 124 126 127 129 130 131 132 133 135 136 137 138 139 141 143 144 145 146 148 150 151 152 153 154 155 156 157 158 159 160 162 163 165 166 167 170 171 172 173 174 175 176 177 178 179 180 181 183 185 186 187 188 189 191 192 195 196 197 198 199 200 201 202 203 205 206 208 209 211 212 213 214 215 216 217 218 219 220 221 222 225 226 227 229 232 233 234 237 238 239 240 241 242 244 245 246 247 248 249
79 435 84 85 89 90 92 95 96 102 104 105 106 107 108 110 111 114 116 117 121 122 129 130 133 135 138 145 146 150 151 153 157 160 165 176 178 180 181 183 186 187 196 197 199 201 203 205 208 209 211 212 216 218 219 225 226 232 233 234 237 239 240 242 245 247 249
80 270 84 85 89 90 91 92 95 96 102 104 105 106 107 108 110 111 114 116 117 121 122 123 129 130 131 133 135 138 145 146 150 151 153 157 160 165 176 178 180 181 183 185 186 187 196 197 199 201 203 205 208 209 211 212 215 216 217 218 219 222 225 226 232 233 234 237 239 240 242 245 247 249
81 295 84 85 89 90 92 96 104 105 106 108 110 111 116 117 121 122 129 130 133 138 145 150 151 157 160 165 176 178 180 183 186 187 196 197 199 201 203 205 208 209 211 212 216 218 219 225 226 232 233 234 237 239 240 242 245 247 249
82 478 89 90 105 108 111 121 122 129 150 160 178 183 186 187 196 201 205 212 219 225 226 232 237
83 252 90 105 111 121 122 129 150 160 178 183 186 196 201 212 219 226 232 237
84 270 85 86 88 89 90 91 92 93 95 96 98 99 102 103 104 105 106 107 108 109 110 111 112 114 115 116 117 119 120 121 122 123 124 126 127 129 130 131 132 133 135 136 137 138 139 140 141 143 144 145 146 148 149 150 151 152 153 154 155 156 157 158 159 160 162 163 164 165 166 167 170 171 172 173 174 175 176 177 178 179 180 181 183 185 186 187 188 189 191 192 194 195 196 197 198 199 200 201 202 203 204 205 206 208 209 211 212 213 214 215 216 217 218 219 220 221 222 224 225 226 227 229 232 233 234 236 237 238 239 240 241 242 244 245 246 247 248 249
85 446 86 88 89 90 91 92 93 95 96 98 102 103 104 105 106 107 108 109 110 111 112 114 115 116 117 119 120 121 122 123 124 126 127 129 130 131 132 133 135 136 137 138 139 140 141 143 144 145 146 148 149 150 151 152 153 154 155 156 157 158 159 160 162 163 164 165 166 167 170 171 172 173 174 175 176 177 178 179 180 181 183 185 186 187 188 189 191 192 195 196 197 198 199 200 201 202 203 204 205 206 208 209 211 212 213 214 215 216 217 218 219 220 221 222 224 225 226 227 229 232 233 234 237 238 239 240 241 242 244 245 246 247 248 249
86 252 89 90 92 96 104 105 106 107 108 110 111 114 116 117 121 122 129 130 133 138 145 150 151 157 160 165 176 178 180 183 186 187 196 197 199 201 203 205 208 209 211 212 216 218 219 225 226 232 233 234 237 239 240 242 245 247 249
87 302 90 105 111 121 122 129 160 178 183 186 201 219 226 232
88 388 89 90 92 96 104 105 106 108 110 111 116 117 121 122 129 130 133 138 145 150 151 157 160 165 176 178 180 183 186 187 196 197 199 201 203 205 208 209 211 212 216 218 219 225 226 232 233 234 237 239 240 242 245 247 249
89 274 90 91 92 93 95 96 97 98 99 102 103 104 105 106 107 108 109 110 111 112 114 115 116 117 119 120 121 122 123 124 125 126 127 129 130 131 132 133 134 135 136 137 138 139 140 141 143 144 145 146 148 149 150 151 152 153 154 155 156 157 158 159 160 161 162 163 164 165 166 167 168 169 170 171 172 173 174 175 176 177 178 179 180 181 183 185 186 187 188 189 191 192 194 195 196 197 198 199 200 201 202 203 204 205 206 207 208 209 211 212 213 214 215 216 217 218 219 220 221 222 224 225 226 227 228 229 230 232 233 234 235 236 237 238 239 240 241 242 244 245 246 247 248 249
90 338 91 92 93 94 95 96 97 98 99 100 101 102 103 104 105 106 107 108 109 110 111 112 113 114 115 116 117 118 119 120 121 122 123 124 125 126 127 128 129 130 131 132 133 134 135 136 137 138 139 140 141 142 143 144 145 146 147 148 149 150 151 152 153 154 155 156 157 158 159 160 161 162 163 164 165 166 167 168 169 170 171 172 173 174 175 176 177 178 179 180 181 182 183 184 185 186 187 188 189 190 191 192 193 194 195 196 197 198 199 200 201 202 203 204 205 206 207 208 209 210 211 212 213 214 215 216 217 218 219 220 221 222 223 224 225 226 227 228 229 230 231 232 233 234 235 236 237 238 239 240 241 242 243 244 245 246 247 248 249
91 476 92 93 95 96 102 103 104 105 106 107 108 110 111 112 114 116 117 119 120 121 122 123 129 130 131 132 133 135 136 137 138 141 144 145 146 148 150 151 152 153 154 155 157 158 160 162 165 166 167 173 174 175 176 177 178 180 181 183 185 186 187 189 191 195 196 197 199 200 201 203 205 208 209 211 212 213 214 215 216 217 218 219 220 222 225 226 227 229 232 233 234 237 238 239 240 241 242 245 247 248 249
92 260 93 95 96 98 102 103 104 105 106 107 108 109 110 111 112 114 115 116 117 119 120 121 122 123 124 126 127 129 130 131 132 133 135 136 137 138 139 140 141 143 144 145 146 148 149 150 151 152 153 154 155 156 157 158 159 160 162 163 164 165 166 167 170 171 172 173 174 175 176 177 178 179 180 181 183 185 186 187 188 189 191 192 195 196 197 198 199 200 201 202 203 204 205 206 208 209 211 212 213 214 215 216 217 218 219 220 221 222 224 225 226 227 229 232 233 234 237 238 239 240 241 242 244 245 246 247 248 249
93 264 95 96 102 103 104 105 106 107 108 110 111 114 116 117 119 120 121 122 123 129 130 131 133 135 136 138 141 144 145 146 148 150 151 152 153 155 157 158 160 162 165 166 167 173 175 176 177 178 180 181 183 185 186 187 191 195 196 197 199 200 201 203 205 208 209 211 212 213 214 215 216 217 218 219 220 222 225 226 227 229 232 233 234 237 238 239 240 241 242 245 247 248 249
94 487 105 111 121 122 129 160 178 183 186 201 219 226 232
95 250 96 102 103 104 105 106 107 108 109 110 111 112 114 116 117 119 120 121 122 123 129 130 131 132 133 135 136 137 138 141 144 145 146 148 150 151 152 153 154 155 157 158 160 162 165 166 167 173 174 175 176 177 178 180 181 183 185 186 187 189 191 195 196 197 199 200 201 202 203 205 208 209 211 212 213 214 215 216 217 218 219 220 222 225 226 227 229 232 233 234 237 238 239 240 241 242 245 247 248 249
96 263 98 102 103 104 105 106 107 108 109 110 111 112 114 115 116 117 119 120 121 122 123 124 126 127 129 130 131 132 133 135 136 137 138 139 140 141 143 144 145 146 148 149 150 151 152 153 154 155 156 157 158 159 160 162 163 164 165 166 167 170 171 172 173 174 175 176 177 178 179 180 181 183 185 186 187 188 189 191 192 194 195 196 197 198 199 200 201 202 203 204 205 206 208 209 211 212 213 214 215 216 217 218 219 220 221 222 224 225 226 227 229 232 233 234 237 238 239 240 241 242 244 245 246 247 248 249
97 469 105 108 111 121 122 129 130 150 160 178 180 183 186 187 196 201 205 212 219 225 226 232 237 239 240
98 262 105 106 108 110 111 116 117 121 122 129 130 133 145 150 151 157 160 165 176 178 180 183 186 187 196 197 199 201 203 205 208 209 211 212 216 218 219 225 226 232 233 234 237 239 240 242 245 247
99 269 105 106 108 111 121 122 129 130 133 150 157 160 178 180 183 186 187 196 201 205 208 212 216 218 219 225 226 232 234 237 239 240 247
100 415 105 111 121 129 160 201 219 232
101 257 105 111 121 122 129 160 183 186 201 219 232
102 328 103 104 105 106 107 108 109 110 111 112 114 116 117 119 120 121 122 123 129 130 131 132 133 135 136 137 138 141 144 145 146 148 150 151 152 153 154 155 157 158 160 162 165 166 167 173 174 175 176 177 178 180 181 183 185 186 187 189 191 195 196 197 199 200 201 202 203 205 208 209 211 212 213 214 215 216 217 218 219 220 222 225 226 227 229 232 233 234 237 238 239 240 241 242 245 247 248 249
103 369 104 105 106 107 108 110 111 114 116 117 120 121 122 123 129 130 131 133 135 136 138 141 144 145 146 148 150 151 152 153 155 157 158 160 162 165 166 167 176 177 178 180 181 183 185 186 187 191 195 196 197 199 200 201 203 205 208 209 211 212 213 214 215 216 217 218 219 220 222 225 226 227 229 232 233 234 237 238 239 240 241 242 245 247 248 249
104 292 105 106 107 108 109 110 111 112 114 116 117 119 120 121 122 123 124 127 129 130 131 132 133 135 136 137 138 139 141 143 144 145 146 148 150 151 152 153 154 155 157 158 160 162 165 166 167 170 171 172 173 174 175 176 177 178 179 180 181 183 185 186 187 189 191 192 195 196 197 199 200 201 202 203 205 208 209 211 212 213 214 215 216 217 218 219 220 221 222 225 226 227 229 232 233 234 237 238 239 240 241 242 244 245 246 247 248 249
105 339 106 107 108 109 110 111 112 113 114 115 116 117 119 120 121 122 123 124 125 126 127 128 129 130 131 132 133 134 135 136 137 138 139 140 141 142 143 144 145 146 147 148 149 150 151 152 153 154 155 156 157 158 159 160 161 162 163 164 165 166 167 168 169 170 171 172 173 174 175 176 177 178 179 180 181 182 183 184 185 186 187 188 189 191 192 193 194 195 196 197 198 199 200 201 202 203 204 205 206 207 208 209 210 211 212 213 214 215 216 217 218 219 220 221 222 223 224 225 226 227 228 229 230 232 233 234 235 236 237 238 239 240 241 242 244 245 246 247 248 249
106 377 107 108 109 110 111 112 114 115 116 117 119 120 121 122 123 124 126 127 129 130 131 132 133 134 135 136 137 138 139 140 141 143 144 145 146 148 149 150 151 152 153 154 155 156 157 158 159 160 162 163 164 165 166 167 170 171 172 173 174 175 176 177 178 179 180 181 183 185 186 187 188 189 191 192 194 195 196 197 198 199 200 201 202 203 204 205 206 208 209 211 212 213 214 215 216 217 218 219 220 221 222 224 225 226 227 229 232 233 234 235 236 237 238 239 240 241 242 244 245 246 247 248 249
107 297 108 109 110 111 112 114 116 117 119 120 121 122 123 124 129 130 131 132 133 135 136 137 138 139 141 144 145 146 148 150 151 152 153 154 155 157 158 160 162 165 166 167 170 173 174 175 176 177 178 179 180 181 183 185 186 187 189 191 192 195 196 197 199 200 201 202 203 205 208 209 211 212 213 214 215 216 217 218 219 220 222 225 226 227 229 232 233 234 237 238 239 240 241 242 244 245 247 248 249
108 326 109 110 111 112 114 115 116 117 119 120 121 122 123 124 125 126 127 129 130 131 132 133 134 135 136 137 138 139 140 141 143 144 145 146 148 149 150 151 152 153 154 155 156 157 158 159 160 161 162 163 164 165 166 167 168 169 170 171 172 173 174 175 176 177 178 179 180 181 183 185 186 187 188 189 191 192 194 195 196 197 198 199 200 201 202 203 204 205 206 207 208 209 211 212 213 214 215 216 217 218 219 220 221 222 224 225 226 227 228 229 230 232 233 234 235 236 237 238 239 240 241 242 244 245 246 247 248 249
109 411 110 111 114 116 117 121 122 123 129 130 133 135 138 145 146 150 151 153 157 160 165 176 178 180 181 183 186 187 196 197 199 201 203 205 208 209 211 212 216 218 219 225 226 232 233 234 237 239 240 242 245 247 249
110 282 111 112 114 115 116 117 119 120 121 122 123 124 126 127 129 130 131 132 133 135 136 137 138 139 140 141 143 144 145 146 148 150 151 152 153 154 155 156 157 158 159 160 162 163 164 165 166 167 170 171 172 173 174 175 176 177 178 179 180 181 183 185 186 187 188 189 191 192 195 196 197 198 199 200 201 202 203 205 206 208 209 211 212 213 214 215 216 217 218 219 220 221 222 224 225 226 227 229 232 233 234 237 238 239 240 241 242 244 245 246 247 248 249
111 307 112 113 114 115 116 117 119 120 121 122 123 124 125 126 127 128 129 130 131 132 133 134 135 136 137 138 139 140 141 143 144 145 146 147 148 149 150 151 152 153 154 155 156 157 158 159 160 161 162 163 164 165 166 167 168 169 170 171 172 173 174 175 176 177 178 179 180 181 182 183 184 185 186 187 188 189 191 192 193 194 195 196 197 198 199 200 201 202 203 204 205 206 207 208 209 210 211 212 213 214 215 216 217 218 219 220 221 222 223 224 225 226 227 228 229 230 232 233 234 235 236 237 238 239 240 241 242 244 245 246 247 248 249
112 369 114 116 117 121 122 123 129 130 131 133 135 138 145 146 150 151 153 157 160 165 176 178 180 181 183 186 187 196 197 199 201 203 205 208 209 211 212 216 218 219 225 226 232 233 234 237 239 240 242 245 247 249
113 281 121 122 129 150 160 178 183 186 196 201 212 219 226 232 237
114 350 116 117 119 120 121 122 123 124 129 130 131 132 133 135 136 137 138 139 141 144 145 146 148 150 151 152 153 154 155 157 158 160 162 165 166 167 170 173 174 175 176 177 178 179 180 181 183 185 186 187 189 191 192 195 196 197 199 200 201 202 203 205 208 209 211 212 213 214 215 216 217 218 219 220 222 225 226 227 229 232 233 234 237 238 239 240 241 242 244 245 247 248 249
115 436 116 117 121 122 129 130 133 145 150 151 157 160 165 176 178 180 183 186 187 196 197 199 201 203 205 208 209 212 216 218 219 225 226 232 233 234 237 239 240 242 245 247
116 267 117 119 120 121 122 123 124 126 127 129 130 131 132 133 135 136 137 138 139 141 143 144 145 146 148 150 151 152 153 154 155 156 157 158 159 160 162 163 164 165 166 167 170 171 172 173 174 175 176 177 178 179 180 181 183 185 186 187 188 189 191 192 195 196 197 198 199 200 201 202 203 205 206 208 209 211 212 213 214 215 216 217 218 219 220 221 222 224 225 226 227 229 232 233 234 237 238 239 240 241 242 244 245 246 247 248 249
117 297 119 120 121 122 123 124 126 127 129 130 131 132 133 135 136 137 138 139 140 141 143 144 145 146 148 150 151 152 153 154 155 156 157 158 159 160 162 163 164 165 166 167 170 171 172 173 174 175 176 177 178 179 180 181 183 185 186 187 188 189 191 192 195 196 197 198 199 200 201 202 203 205 206 208 209 211 212 213 214 215 216 217 218 219 220 221 222 224 225 226 227 229 232 233 234 237 238 239 240 241 242 244 245 246 247 248 249
118 459 121 201 219
119 258 121 122 123 129 130 131 133 135 138 145 146 150 151 153 157 158 160 162 165 166 176 177 178 180 181 183 185 186 187 196 197 199 201 203 205 208 209 211 212 214 215 216 217 218 219 222 225 226 232 233 234 237 239 240 242 245 247 249
120 283 121 122 123 129 130 131 133 135 136 138 141 144 145 146 148 150 151 152 153 155 157 158 160 162 165 166 167 176 177 178 180 181 183 185 186 187 191 195 196 197 199 200 201 203 205 208 209 211 212 213 214 215 216 217 218 219 220 222 225 226 227 232 233 234 237 238 239 240 241 242 245 247 249
121 458 122 123 124 125 126 127 128 129 130 131 132 133 134 135 136 137 138 139 140 141 142 143 144 145 146 147 148 149 150 151 152 153 154 155 156 157 158 159 160 161 162 163 164 165 166 167 168 169 170 171 172 173 174 175 176 177 178 179 180 181 182 183 184 185 186 187 188 189 191 192 193 194 195 196 197 198 199 200 201 202 203 204 205 206 207 208 209 210 211 212 213 214 215 216 217 218 219 220 221 222 223 224 225 226 227 228 229 230 231 232 233 234 235 236 237 238 239 240 241 242 244 245 246 247 248 249
122 268 123 124 125 126 127 128 129 130 131 132 133 134 135 136 137 138 139 140 141 143 144 145 146 147 148 149 150 151 152 153 154 155 156 157 158 159 160 161 162 163 164 165 166 167 168 169 170 171 172 173 174 175 176 177 178 179 180 181 182 183 184 185 186 187 188 189 191 192 193 194 195 196 197 198 199 200 201 202 203 204 205 206 207 208 209 210 211 212 213 214 215 216 217 218 219 220 221 222 224 225 226 227 228 229 230 232 233 234 235 236 237 238 239 240 241 242 244 245 246 247 248 249
123 274 129 130 131 132 133 135 136 137 138 141 144 145 146 148 150 151 152 153 154 155 157 158 160 162 165 166 167 173 174 175 176 177 178 180 181 183 185 186 187 189 191 195 196 197 199 200 201 202 203 205 208 209 211 212 213 214 215 216 217 218 219 220 222 225 226 227 229 232 233 234 237 238 239 240 241 242 245 247 248 249
124 460 129 130 133 138 145 150 151 157 160 165 176 178 180 183 186 187 196 197 199 201 203 205 208 209 211 212 216 218 219 225 226 232 233 234 237 239 240 242 245 247 249
125 251 129 130 150 160 178 180 183 186 187 196 201 205 208 212 216 219 225 226 232 237 239 240
126 289 129 130 133 138 145 150 151 157 160 165 176 178 180 183 186 187 196 197 199 201 203 205 208 209 211 212 216 218 219 225 226 232 233 234 237 239 240 242 245 247
127 488 129 130 133 138 145 150 151 157 160 165 176 178 180 183 186 187 196 197 199 201 203 205 208 209 211 212 216 218 219 225 226 232 233 234 237 239 240 242 245 247 249
128 250 129 150 160 178 183 186 196 201 212 219 226 232 237
129 262 130 131 132 133 134 135 136 137 138 139 140 141 142 143 144 145 146 147 148 149 150 151 152 153 154 155 156 157 158 159 160 161 162 163 164 165 166 167 168 169 170 171 172 173 174 175 176 177 178 179 180 181 182 183 184 185 186 187 188 189 191 192 193 194 195 196 197 198 199 200 201 202 203 204 205 206 207 208 209 210 211 212 213 214 215 216 217 218 219 220 221 222 223 224 225 226 227 228 229 230 232 233 234 235 236 237 238 239 240 241 242 244 245 246 247 248 249
130 436 131 132 133 134 135 136 137 138 139 140 141 143 144 145 146 148 149 150 151 152 153 154 155 156 157 158 159 160 161 162 163 164 165 166 167 168 170 171 172 173 174 175 176 177 178 179 180 181 183 185 186 187 188 189 191 192 194 195 196 197 198 199 200 201 202 203 204 205 206 207 208 209 211 212 213 214 215 216 217 218 219 220 221 222 224 225 226 227 228 229 232 233 234 235 236 237 238 239 240 241 242 244 245 246 247 248 249
131 263 132 133 135 136 137 138 141 144 145 146 148 150 151 152 153 154 155 157 158 160 162 165 166 167 173 174 175 176 177 178 180 181 183 185 186 187 189 191 195 196 197 199 200 201 203 205 208 209 211 212 213 214 215 216 217 218 219 220 222 225 226 227 229 232 233 234 237 238 239 240 241 242 245 247 248 249
132 301 133 135 138 145 146 150 151 153 157 160 165 176 178 180 181 183 186 187 196 197 199 201 203 205 208 209 211 212 216 218 219 225 226 232 233 234 237 239 240 242 245 247 249
133 427 134 135 136 137 138 139 140 141 143 144 145 146 148 149 150 151 152 153 154 155 156 157 158 159 160 162 163 164 165 166 167 168 170 171 172 173 174 175 176 177 178 179 180 181 183 185 186 187 188 189 191 192 194 195 196 197 198 199 200 201 202 203 204 205 206 208 209 211 212 213 214 215 216 217 218 219 220 221 222 224 225 226 227 229 232 233 234 235 236 237 238 239 240 241 242 244 245 246 247 248 249
134 275 150 157 160 178 180 183 186 187 196 201 205 208 212 216 219 225 226 232 237 239 240 247
135 298 136 137 138 141 144 145 146 148 150 151 152 153 154 155 157 158 160 162 165 166 167 173 174 175 176 177 178 180 181 183 185 186 187 189 191 195 196 197 199 200 201 202 203 205 208 209 211 212 213 214 215 216 217 218 219 220 222 225 226 227 229 232 233 234 237 238 239 240 241 242 244 245 247 248 249
136 438 138 141 144 145 146 148 150 151 152 153 155 157 158 160 162 165 166 167 173 175 176 177 178 180 181 183 185 186 187 191 195 196 197 199 200 201 203 205 208 209 211 212 213 214 215 216 217 218 219 220 222 225 226 227 229 232 233 234 237 238 239 240 241 242 245 247 248 249
137 273 138 145 146 150 151 153 157 160 165 176 178 180 181 183 185 186 187 196 197 199 201 203 205 208 209 211 212 215 216 217 218 219 225 226 232 233 234 237 239 240 242 245 247 249
138 289 139 141 143 144 145 146 148 150 151 152 153 154 155 157 158 160 162 165 166 167 170 171 172 173 174 175 176 177 178 179 180 181 183 185 186 187 188 189 191 192 195 196 197 199 200 201 202 203 205 208 209 211 212 213 214 215 216 217 218 219 220 221 222 225 226 227 229 232 233 234 237 238 239 240 241 242 244 245 246 247 248 249
139 460 145 150 151 157 160 165 176 178 180 183 186 187 196 197 199 201 203 205 208 209 211 212 216 218 219 225 226 232 233 234 237 239 240 242 245 247 249
140 269 145 150 151 157 160 165 178 180 183 186 187 196 199 201 205 208 209 212 216 218 219 225 226 232 234 237 239 240 247
141 271 144 145 146 148 150 151 152 153 155 157 158 160 162 165 166 167 176 177 178 180 181 183 185 186 187 191 195 196 197 199 200 201 203 205 208 209 211 212 213 214 215 216 217 218 219 220 222 225 226 227 232 233 234 237 238 239 240 241 242 245 247 249
142 444 160 201 219 232
143 261 145 150 151 157 160 165 176 178 180 183 186 187 196 197 199 201 203 205 208 209 211 212 216 218 219 225 226 232 233 234 237 239 240 242 245 247 249
144 295 145 146 148 150 151 152 153 155 157 158 160 162 165 166 167 173 176 177 178 180 181 183 185 186 187 191 195 196 197 199 200 201 203 205 208 209 211 212 213 214 215 216 217 218 219 220 222 225 226 227 229 232 233 234 237 238 239 240 241 242 245 247 248 249
145 477 146 148 150 151 152 153 154 155 156 157 158 159 160 162 163 164 165 166 167 170 171 172 173 174 175 176 177 178 179 180 181 183 185 186 187 188 189 191 192 195 196 197 198 199 200 201 202 203 205 206 208 209 211 212 213 214 215 216 217 218 219 220 221 222 224 225 226 227 229 232 233 234 237 238 239 240 241 242 244 245 246 247 248 249
146 255 148 150 151 152 153 154 155 157 158 160 162 165 166 167 173 174 175 176 177 178 180 181 183 185 186 187 189 191 195 196 197 199 200 201 202 203 205 208 209 211 212 213 214 215 216 217 218 219 220 222 225 226 227 229 232 233 234 237 238 239 240 241 242 244 245 247 248 249
147 268 160 183 186 201 219 232
148 457 150 151 152 153 155 157 158 160 162 165 166 167 176 177 178 180 181 183 185 186 187 191 195 196 197 199 200 201 203 205 208 209 211 212 213 214 215 216 217 218 219 220 222 225 226 227 232 233 234 237 238 239 240 241 242 245 247 249
149 256 150 157 160 165 178 180 183 186 187 196 201 205 208 209 212 216 218 219 225 226 232 234 237 239 240 247
150 287 151 152 153 154 155 156 157 158 159 160 161 162 163 164 165 166 167 168 169 170 171 172 173 174 175 176 177 178 179 180 181 182 183 184 185 186 187 188 189 191 192 193 194 195 196 197 198 199 200 201 202 203 204 205 206 207 208 209 210 211 212 213 214 215 216 217 218 219 220 221 222 224 225 226 227 228 229 230 232 233 234 235 236 237 238 239 240 241 242 244 245 246 247 248 249
151 419 152 153 154 155 156 157 158 159 160 162 163 164 165 166 167 170 171 172 173 174 175 176 177 178 179 180 181 183 185 186 187 188 189 191 192 195 196 197 198 199 200 201 202 203 205 206 208 209 211 212 213 214 215 216 217 218 219 220 221 222 224 225 226 227 229 232 233 234 237 238 239 240 241 242 244 245 246 247 248 249
152 279 153 155 157 158 160 162 165 166 167 173 176 177 178 180 181 183 185 186 187 191 195 196 197 199 200 201 203 205 208 209 211 212 213 214 215 216 217 218 219 220 222 225 226 227 229 232 233 234 237 238 239 240 241 242 245 247 248 249
153 302 154 155 157 158 160 162 165 166 167 173 174 175 176 177 178 180 181 183 185 186 187 189 191 192 195 196 197 199 200 201 202 203 205 208 209 211 212 213 214 215 216 217 218 219 220 222 225 226 227 229 232 233 234 237 238 239 240 241 242 244 245 247 248 249
154 417 157 160 165 176 178 180 181 183 186 187 196 197 199 201 203 205 208 209 211 212 216 218 219 225 226 232 233 234 237 239 240 242 245 247 249
155 264 157 158 160 162 165 166 167 176 177 178 180 181 183 185 186 187 191 196 197 199 200 201 203 205 208 209 211 212 213 214 215 216 217 218 219 220 222 225 226 227 232 233 234 237 238 239 240 241 242 245 247 249
156 319 157 160 165 176 178 180 183 186 187 196 197 199 201 203 205 208 209 211 212 216 218 219 225 226 232 233 234 237 239 240 242 245 247
157 417 158 159 160 162 163 164 165 166 167 170 171 172 173 174 175 176 177 178 179 180 181 183 185 186 187 188 189 191 192 194 195 196 197 198 199 200 201 202 203 204 205 206 208 209 211 212 213 214 215 216 217 218 219 220 221 222 224 225 226 227 229 232 233 234 235 236 237 238 239 240 241 242 244 245 246 247 248 249
158 271 160 162 165 166 167 173 175 176 177 178 180 181 183 185 186 187 189 191 195 196 197 199 200 201 203 205 208 209 211 212 213 214 215 216 217 218 219 220 222 225 226 227 229 232 233 234 237 238 239 240 241 242 245 247 248 249
159 312 160 165 178 180 183 186 187 196 197 199 201 203 205 208 209 212 216 218 219 225 226 232 234 237 239 240 245 247
160 474 161 162 163 164 165 166 167 168 169 170 171 172 173 174 175 176 177 178 179 180 181 182 183 184 185 186 187 188 189 191 192 193 194 195 196 197 198 199 200 201 202 203 204 205 206 207 208 209 210 211 212 213 214 215 216 217 218 219 220 221 222 223 224 225 226 227 228 229 230 232 233 234 235 236 237 238 239 240 241 242 244 245 246 247 248 249
161 253 178 180 183 186 187 196 201 205 212 219 225 226 232 237 239 240
162 273 165 166 167 173 175 176 177 178 180 181 183 185 186 187 189 191 195 196 197 199 200 201 203 205 208 209 211 212 213 214 215 216 217 218 219 220 222 225 226 227 229 232 233 234 237 238 239 240 241 242 245 247 248 249
163 375 165 178 180 183 186 187 196 197 199 201 205 208 209 212 216 218 219 225 226 232 234 237 239 240 245 247
164 288 165 178 180 183 186 187 196 197 199 201 205 208 209 212 216 218 219 225 226 232 234 237 239 240 245 247
165 337 166 167 170 171 172 173 174 175 176 177 178 179 180 181 183 185 186 187 188 189 191 192 195 196 197 198 199 200 201 202 203 204 205 206 208 209 211 212 213 214 215 216 217 218 219 220 221 222 224 225 226 227 229 232 233 234 237 238 239 240 241 242 244 245 246 247 248 249
166 458 167 173 175 176 177 178 180 181 183 185 186 187 189 191 195 196 197 199 200 201 203 205 208 209 211 212 213 214 215 216 217 218 219 220 222 225 226 227 229 232 233 234 237 238 239 240 241 242 245 247 248 249
167 269 176 177 178 180 181 183 185 186 187 191 195 196 197 199 200 201 203 205 208 209 211 212 213 214 215 216 217 218 219 220 222 225 226 227 232 233 234 237 238 239 240 241 242 245 247 249
168 273 178 180 183 186 187 196 201 205 208 212 216 219 225 226 232 237 239 240
169 364 178 183 186 187 196 201 205 212 219 225 226 232 237
170 303 176 178 180 183 186 187 196 197 199 201 203 205 208 209 211 212 216 218 219 225 226 232 233 234 237 239 240 242 245 247 249
171 333 176 178 180 183 186 187 196 197 199 201 203 205 208 209 211 212 216 218 219 225 226 232 233 234 237 239 240 242 245 247 249
172 381 176 178 180 183 186 187 196 197 199 201 203 205 208 209 211 212 216 218 219 225 226 232 233 234 237 239 240 242 245 247 249
173 262 176 177 178 180 181 183 185 186 187 196 197 199 201 203 205 208 209 211 212 213 214 215 216 217 218 219 222 225 226 227 232 233 234 237 238 239 240 242 245 247 249
174 357 176 178 180 181 183 186 187 196 197 199 201 203 205 208 209 211 212 216 218 219 225 226 232 233 234 237 239 240 242 245 247 249
175 353 176 177 178 180 181 183 185 186 187 196 197 199 201 203 205 208 209 211 212 214 215 216 217 218 219 222 225 226 227 232 233 234 237 239 240 242 245 247 249
176 307 177 178 179 180 181 183 185 186 187 188 189 191 192 195 196 197 199 200 201 202 203 205 208 209 211 212 213 214 215 216 217 218 219 220 221 222 225 226 227 229 232 233 234 237 238 239 240 241 242 244 245 246 247 248 249
177 340 178 180 181 183 185 186 187 189 191 195 196 197 199 200 201 203 205 208 209 211 212 213 214 215 216 217 218 219 220 222 225 226 227 229 232 233 234 237 238 239 240 241 242 245 247 248 249
178 470 179 180 181 182 183 184 185 186 187 188 189 191 192 193 194 195 196 197 198 199 200 201 202 203 204 205 206 207 208 209 210 211 212 213 214 215 216 217 218 219 220 221 222 224 225 226 227 228 229 230 232 233 234 235 236 237 238 239 240 241 242 244 245 246 247 248 249
179 260 180 183 186 187 196 197 199 201 203 205 208 209 211 212 216 218 219 225 226 232 233 234 237 239 240 242 245 247 249
180 270 181 183 185 186 187 188 189 191 192 194 195 196 197 198 199 200 201 202 203 204 205 206 207 208 209 211 212 213 214 215 216 217 218 219 220 221 222 224 225 226 227 228 229 232 233 234 235 236 237 238 239 240 241 242 244 245 246 247 248 249
181 366 183 185 186 187 189 191 195 196 197 199 200 201 202 203 205 208 209 211 212 213 214 215 216 217 218 219 220 222 225 226 227 229 232 233 234 237 238 239 240 241 242 245 247 248 249
182 289 183 186 196 201 212 219 226 232
183 345 184 185 186 187 188 189 191 192 193 194 195 196 197 198 199 200 201 202 203 204 205 206 207 208 209 210 211 212 213 214 215 216 217 218 219 220 221 222 224 225 226 227 228 229 230 232 233 234 235 236 237 238 239 240 241 242 244 245 246 247 248 249
184 384 186 201 219 226 232
185 264 186 187 189 191 195 196 197 199 200 201 203 205 208 209 211 212 213 214 215 216 217 218 219 220 222 225 226 227 229 232 233 234 237 238 239 240 241 242 245 247 248 249
186 352 187 188 189 191 192 193 194 195 196 197 198 199 200 201 202 203 204 205 206 207 208 209 210 211 212 213 214 215 216 217 218 219 220 221 222 224 225 226 227 228 229 230 232 233 234 235 236 237 238 239 240 241 242 244 245 246 247 248 249
187 369 188 189 191 192 194 195 196 197 198 199 200 201 202 203 204 205 206 207 208 209 211 212 213 214 215 216 217 218 219 220 221 222 224 225 226 227 228 229 230 232 233 234 235 236 237 238 239 240 241 242 244 245 246 247 248 249
188 259 196 197 199 201 203 205 208 209 211 212 216 218 219 225 226 232 233 234 237 239 240 242 245 247
189 372 196 197 199 201 203 205 208 209 211 212 214 215 216 217 218 219 222 225 226 232 233 234 237 239 240 242 245 247 249
190 470
191 255 195 196 197 199 200 201 203 205 208 209 211 212 213 214 215 216 217 218 219 220 222 225 226 227 229 232 233 234 237 238 239 240 241 242 245 247 248 249
192 275 196 197 199 201 203 205 208 209 211 212 216 218 219 225 226 232 233 234 237 239 240 242 245 247 249
193 471 196 201 212 219 226 232
194 255 196 201 205 208 209 212 216 218 219 225 226 232 234 237 239 240 247
195 274 196 197 199 200 201 203 205 208 209 211 212 213 214 215 216 217 218 219 222 225 226 227 232 233 234 237 238 239 240 242 245 247 249
196 424 197 198 199 200 201 202 203 204 205 206 207 208 209 210 211 212 213 214 215 216 217 218 219 220 221 222 224 225 226 227 228 229 230 232 233 234 235 236 237 238 239 240 241 242 244 245 246 247 248 249
197 280 198 199 200 201 202 203 205 206 208 209 211 212 213 214 215 216 217 218 219 220 221 222 224 225 226 227 229 232 233 234 237 238 239 240 241 242 244 245 246 247 248 249
198 296 199 201 203 205 208 209 212 216 218 219 225 226 232 233 234 237 239 240 242 245 247
199 440 200 201 202 203 205 206 208 209 211 212 213 214 215 216 217 218 219 220 221 222 224 225 226 227 229 232 233 234 237 238 239 240 241 242 244 245 246 247 248 249
200 269 201 203 205 208 209 211 212 213 214 215 216 217 218 219 220 222 225 226 227 232 233 234 237 238 239 240 241 242 245 247 249
201 291 202 203 204 205 206 207 208 209 210 211 212 213 214 215 216 217 218 219 220 221 222 223 224 225 226 227 228 229 230 231 232 233 234 235 236 237 238 239 240 241 242 243 244 245 246 247 248 249
202 386 203 205 208 209 211 212 216 218 219 225 226 232 233 234 237 239 240 242 245 247 249
203 250 205 206 208 209 211 212 213 214 215 216 217 218 219 220 221 222 225 226 227 229 232 233 234 237 238 239 240 241 242 244 245 246 247 248 249
204 364 205 208 209 212 216 218 219 225 226 232 234 237 239 240 247
205 460 206 207 208 209 211 212 213 214 215 216 217 218 219 220 221 222 224 225 226 227 228 229 230 232 233 234 235 236 237 238 239 240 241 242 244 245 246 247 248 249
206 255 208 209 212 216 218 219 225 226 232 234 237 239 240 245 247
207 285 208 212 216 219 225 226 232 237 239 240
208 376 209 211 212 213 214 215 216 217 218 219 220 221 222 224 225 226 227 229 232 233 234 235 236 237 238 239 240 241 242 244 245 246 247 248 249
209 292 211 212 213 214 215 216 217 218 219 220 221 222 224 225 226 227 229 232 233 234 237 238 239 240 241 242 244 245 246 247 248 249
210 332 212 219 226 232
211 356 212 213 214 215 216 217 218 219 220 221 222 225 226 227 229 232 233 234 237 238 239 240 241 242 244 245 246 247 248 249
212 303 213 214 215 216 217 218 219 220 221 222 224 225 226 227 228 229 230 232 233 234 235 236 237 238 239 240 241 242 244 245 246 247 248 249
213 341 214 215 216 217 218 219 220 222 225 226 227 229 232 233 234 237 238 239 240 241 242 245 247 248 249
214 480 215 216 217 218 219 220 222 225 226 227 229 232 233 234 237 238 239 240 241 242 245 247 248 249
215 257 216 217 218 219 220 222 225 226 227 229 232 233 234 237 238 239 240 241 242 245 247 248 249
216 263 217 218 219 220 221 222 224 225 226 227 229 232 233 234 235 236 237 238 239 240 241 242 244 245 246 247 248 249
217 424 218 219 220 222 225 226 227 229 232 233 234 237 238 239 240 241 242 245 247 248 249
218 268 219 220 221 222 224 225 226 227 229 232 233 234 236 237 238 239 240 241 242 244 245 246 247 248 249
219 308 220 221 222 223 224 225 226 227 228 229 230 231 232 233 234 235 236 237 238 239 240 241 242 243 244 245 246 247 248 249
220 370 222 225 226 227 232 233 234 237 238 239 240 242 245 247 249
221 275 225 226 232 233 234 237 239 240 242 245 247 249
222 355 225 226 227 229 232 233 234 237 238 239 240 241 242 245 247 248 249
223 494 232
224 250 225 226 232 234 237 239 240 245 247
225 256 226 227 228 229 230 232 233 234 235 236 237 238 239 240 241 242 244 245 246 247 248 249
226 434 227 228 229 230 232 233 234 235 236 237 238 239 240 241 242 244 245 246 247 248 249
227 264 229 232 233 234 237 238 239 240 241 242 245 247 248 249
228 302 232 237 239 240
229 463 232 233 234 237 238 239 240 242 245 247 249
230 267 232 237
231 270
232 411 233 234 235 236 237 238 239 240 241 242 244 245 246 247 248 249
233 280 234 237 238 239 240 241 242 244 245 246 247 248 249
234 309 236 237 238 239 240 241 242 244 245 246 247 248 249
235 427 237 239 240 247
236 255 237 239 240 247
237 318 238 239 240 241 242 244 245 246 247 248 249
238 466 239 240 241 242 245 247 248 249
239 259 240 241 242 244 245 246 247 248 249
240 275 241 242 244 245 246 247 248 249
241 491 242 245 247 249
242 252 244 245 246 247 248 249
243 257
244 400 245 247 249
245 286 246 247 248 249
246 314 247 249
247 446 248 249
248 260 249
249 294
