249 1000
1 444 5 8 11 12 14 17 19 22 23 27 30 32 33 34 37 39 42 43 45 47 48 51 52 54 58 61 64 66 70 73 74 76 79 83 88 92 97 98 104 105 106 111 113 117 118 120 123 124 131 133 134 135 136 141 144 146 150 151 153 154 160 161 162 163 164 165 169 172 174 175 176 177 180 182 183 191 192 195 196 201 203 204 207 211 213 217 219 221 224 226 227 228 234 238 240 241 243
2 264 5 8 11 12 17 19 22 27 30 32 33 37 39 42 43 45 47 48 51 58 61 64 66 70 73 74 76 79 83 88 92 97 104 106 111 113 118 123 131 133 134 135 144 146 150 151 153 154 160 162 163 165 169 172 175 180 182 183 191 195 196 201 203 204 207 211 213 217 221 226 227 228 234 238 241
3 292 12 27 39 43 47 58 61 79 83 88 92 113 134 135 160 183 191 207 227 228
4 397 5 8 11 12 17 19 22 23 27 30 32 33 37 39 42 43 45 47 48 51 54 58 61 64 66 70 73 74 76 79 83 88 92 97 104 106 111 113 117 118 123 131 133 134 135 141 144 146 150 151 153 154 160 161 162 163 165 169 172 175 180 182 183 191 195 196 201 203 204 207 211 213 217 219 221 224 226 227 228 234 238 240 241
5 294 8 9 10 11 12 14 16 17 19 20 22 23 26 27 28 29 30 32 33 34 36 37 39 41 42 43 44 45 46 47 48 51 52 54 57 58 59 61 62 64 66 70 73 74 75 76 77 79 81 82 83 84 86 87 88 89 90 92 93 96 97 98 99 101 104 105 106 108 109 111 113 115 117 118 120 122 123 124 129 130 131 132 133 134 135 136 139 140 141 142 143 144 146 147 149 150 151 153 154 159 160 161 162 163 164 165 167 168 169 170 171 172 174 175 176 177 180 182 183 188 189 191 192 195 196 198 201 202 203 204 207 211 213 214 217 219 220 221 222 224 226 227 228 231 234 238 239 240 241 243 245 246 249
6 309 27 39 43 47 58 61 79 83 88 92 113 135 160 183 191 207 227 228
7 363
8 303 9 10 11 12 14 16 17 19 22 23 26 27 28 29 30 32 33 34 36 37 39 41 42 43 44 45 46 47 48 51 52 54 57 58 61 62 64 66 70 73 74 75 76 77 79 81 82 83 84 86 87 88 89 90 92 93 97 98 99 104 105 106 108 109 111 113 117 118 120 123 124 129 130 131 132 133 134 135 136 139 140 141 143 144 146 147 149 150 151 153 154 160 161 162 163 164 165 169 171 172 174 175 176 177 180 182 183 188 189 191 192 195 196 201 202 203 204 207 211 213 217 219 220 221 222 224 226 227 228 231 234 238 239 240 241 243 246 249
9 334 11 12 19 22 27 30 37 39 42 43 47 48 58 61 66 70 73 74 76 79 83 88 92 97 104 106 111 113 118 123 131 134 135 144 146 150 151 153 160 163 165 169 172 175 180 182 183 191 195 196 201 203 207 211 217 221 226 227 228 234 238 241
10 414 11 12 14 17 19 22 23 27 30 32 33 34 37 39 42 43 45 47 48 51 52 54 58 61 64 66 70 73 74 76 79 83 88 92 97 104 105 106 111 113 117 118 120 123 124 131 133 134 135 136 141 144 146 150 151 153 154 160 161 162 163 164 165 169 172 174 175 177 180 182 183 191 195 196 201 203 204 207 211 213 217 219 221 224 226 227 228 234 238 240 241 243
11 278 12 14 15 16 17 19 20 21 22 23 26 27 28 29 30 32 33 34 36 37 39 41 42 43 44 45 46 47 48 51 52 54 57 58 59 61 62 64 66 70 73 74 75 76 77 79 81 82 83 84 86 87 88 89 90 91 92 93 96 97 98 99 101 104 105 106 108 109 111 113 115 117 118 120 122 123 124 127 129 130 131 132 133 134 135 136 139 140 141 142 143 144 146 147 149 150 151 153 154 159 160 161 162 163 164 165 167 168 169 170 171 172 174 175 176 177 179 180 182 183 184 188 189 190 191 192 195 196 198 201 202 203 204 207 208 211 213 214 217 219 220 221 222 224 226 227 228 231 234 238 239 240 241 242 243 245 246 249
12 308 14 15 16 17 19 20 21 22 23 24 26 27 28 29 30 32 33 34 36 37 39 40 41 42 43 44 45 46 47 48 49 51 52 54 57 58 59 61 62 64 66 70 73 74 75 76 77 79 81 82 83 84 86 87 88 89 90 91 92 93 96 97 98 99 100 101 104 105 106 108 109 111 113 115 117 118 120 122 123 124 127 129 130 131 132 133 134 135 136 139 140 141 142 143 144 146 147 149 150 151 153 154 159 160 161 162 163 164 165 167 168 169 170 171 172 174 175 176 177 179 180 181 182 183 184 186 188 189 190 191 192 195 196 197 198 201 202 203 204 207 208 211 213 214 217 219 220 221 222 224 226 227 228 231 234 238 239 240 241 242 243 245 246 249
13 387
14 289 17 19 22 23 26 27 30 32 33 34 37 39 41 42 43 44 45 46 47 48 51 52 54 57 58 61 64 66 70 73 74 75 76 77 79 83 86 87 88 89 90 92 97 98 104 105 106 111 113 117 118 120 123 124 129 131 133 134 135 136 141 143 144 146 150 151 153 154 160 161 162 163 164 165 169 171 172 174 175 176 177 180 182 183 189 191 192 195 196 201 203 204 207 211 213 217 219 221 222 224 226 227 228 234 238 240 241 243 249
15 324 22 27 30 37 39 42 43 47 48 58 61 66 70 79 83 88 92 113 123 131 134 135 150 151 153 160 169 180 183 191 207 227 228 234 238 241
16 454 19 22 27 30 32 33 37 39 42 43 45 47 48 51 58 61 64 66 70 73 74 76 79 83 88 92 97 104 106 111 113 118 123 131 133 134 135 144 146 150 151 153 154 160 162 163 165 169 172 175 180 182 183 191 195 196 201 203 207 211 213 217 221 226 227 228 234 238 241
17 270 19 22 23 26 27 28 30 32 33 34 37 39 41 42 43 44 45 46 47 48 51 52 54 57 58 61 64 66 70 73 74 75 76 77 79 83 86 87 88 89 90 92 97 98 104 105 106 108 111 113 117 118 120 123 124 129 131 133 134 135 136 141 143 144 146 147 150 151 153 154 160 161 162 163 164 165 169 171 172 174 175 176 177 180 182 183 189 191 192 195 196 201 202 203 204 207 211 213 217 219 221 222 224 226 227 228 234 238 239 240 241 243 249
18 276
19 491 20 22 23 26 27 28 29 30 32 33 34 36 37 39 41 42 43 44 45 46 47 48 51 52 54 57 58 59 61 62 64 66 70 73 74 75 76 77 79 81 82 83 84 86 87 88 89 90 92 93 96 97 98 99 101 104 105 106 108 109 111 113 117 118 120 122 123 124 129 130 131 132 133 134 135 136 139 140 141 142 143 144 146 147 149 150 151 153 154 159 160 161 162 163 164 165 168 169 170 171 172 174 175 176 177 180 182 183 188 189 191 192 195 196 198 201 202 203 204 207 211 213 217 219 220 221 222 224 226 227 228 231 234 238 239 240 241 243 245 246 249
20 253 22 27 30 37 39 42 43 47 48 58 61 66 70 79 83 88 92 97 104 113 123 131 134 135 150 151 153 160 169 172 175 180 182 183 191 195 196 201 207 217 221 227 228 234 238 241
21 256 22 27 30 37 39 42 43 47 48 58 61 66 70 79 83 88 92 113 123 131 134 135 150 151 160 169 180 183 191 207 227 228 234 238 241
22 420 23 26 27 28 29 30 32 33 34 36 37 39 40 41 42 43 44 45 46 47 48 49 51 52 54 57 58 59 61 62 64 66 70 73 74 75 76 77 79 81 82 83 84 86 87 88 89 90 91 92 93 96 97 98 99 101 104 105 106 108 109 111 113 115 117 118 120 122 123 124 127 129 130 131 132 133 134 135 136 139 140 141 142 143 144 146 147 149 150 151 153 154 159 160 161 162 163 164 165 167 168 169 170 171 172 174 175 176 177 179 180 181 182 183 184 186 188 189 190 191 192 195 196 197 198 201 202 203 204 207 208 211 213 214 217 219 220 221 222 224 226 227 228 231 234 238 239 240 241 242 243 245 246 249
23 276 26 27 30 32 33 34 37 39 41 42 43 44 45 46 47 48 51 52 54 57 58 61 64 66 70 73 74 75 76 77 79 83 86 87 88 89 90 92 97 98 104 105 106 108 111 113 117 118 120 123 124 129 131 133 134 135 136 141 143 144 146 147 150 151 153 154 160 161 162 163 164 165 169 171 172 174 175 176 177 180 182 183 189 191 192 195 196 201 202 203 204 207 211 213 217 219 221 222 224 226 227 228 234 238 240 241 243 249
24 304 27 39 43 47 58 61 79 83 88 92 113 134 135 160 183 191 207 227 228
25 495
26 251 27 30 32 33 34 37 39 42 43 45 47 48 51 52 54 58 61 64 66 70 73 74 76 79 83 88 92 97 104 105 106 111 113 117 118 120 123 124 131 133 134 135 136 141 144 146 150 151 153 154 160 161 162 163 164 165 169 172 174 175 177 180 182 183 191 195 196 201 203 204 207 211 213 217 219 221 224 226 227 228 234 238 240 241 243
27 254 28 29 30 32 33 34 36 37 39 40 41 42 43 44 45 46 47 48 49 51 52 54 57 58 59 61 62 63 64 65 66 69 70 71 73 74 75 76 77 79 80 81 82 83 84 86 87 88 89 90 91 92 93 94 96 97 98 99 100 101 102 104 105 106 108 109 110 111 113 115 117 118 120 122 123 124 127 128 129 130 131 132 133 134 135 136 139 140 141 142 143 144 146 147 149 150 151 152 153 154 158 159 160 161 162 163 164 165 167 168 169 170 171 172 174 175 176 177 179 180 181 182 183 184 186 188 189 190 191 192 195 196 197 198 201 202 203 204 205 207 208 209 211 213 214 216 217 219 220 221 222 224 226 227 228 231 232 234 238 239 240 241 242 243 244 245 246 247 249
28 442 30 32 33 37 39 42 43 45 47 48 51 54 58 61 64 66 70 73 74 76 79 83 88 92 97 104 106 111 113 118 123 131 133 134 135 141 144 146 150 151 153 154 160 161 162 163 165 169 172 175 180 182 183 191 195 196 201 203 204 207 211 213 217 221 226 227 228 234 238 240 241
29 276 30 37 39 42 43 45 47 48 51 58 61 64 66 70 73 74 76 79 83 88 92 97 104 106 111 113 118 123 131 133 134 135 144 146 150 151 153 154 160 163 165 169 172 175 180 182 183 191 195 196 201 203 207 211 217 221 226 227 228 234 238 241
30 282 32 33 34 36 37 39 41 42 43 44 45 46 47 48 51 52 54 57 58 59 61 62 64 66 70 73 74 75 76 77 79 81 82 83 84 86 87 88 89 90 91 92 93 96 97 98 99 101 104 105 106 108 109 111 113 115 117 118 120 122 123 124 127 129 130 131 132 133 134 135 136 139 140 141 142 143 144 146 147 149 150 151 153 154 159 160 161 162 163 164 165 167 168 169 170 171 172 174 175 176 177 179 180 182 183 184 188 189 190 191 192 195 196 198 201 202 203 204 207 208 211 213 214 217 219 220 221 222 224 226 227 228 231 234 238 239 240 241 242 243 245 246 249
31 374
32 260 33 34 37 39 41 42 43 44 45 46 47 48 51 52 54 57 58 61 62 64 66 70 73 74 75 76 77 79 81 82 83 86 87 88 89 90 92 93 97 98 104 105 106 108 109 111 113 117 118 120 123 124 129 131 133 134 135 136 141 143 144 146 147 150 151 153 154 160 161 162 163 164 165 169 171 172 174 175 176 177 180 182 183 189 191 192 195 196 201 202 203 204 207 211 213 217 219 221 222 224 226 227 228 231 234 238 239 240 241 243 249
33 366 34 37 39 41 42 43 44 45 46 47 48 51 52 54 57 58 61 62 64 66 70 73 74 75 76 77 79 81 82 83 86 87 88 89 90 92 93 97 98 104 105 106 108 109 111 113 117 118 120 123 124 129 131 133 134 135 136 141 143 144 146 147 150 151 153 154 160 161 162 163 164 165 169 171 172 174 175 176 177 180 182 183 189 191 192 195 196 201 202 203 204 207 211 213 217 219 221 222 224 226 227 228 231 234 238 239 240 241 243 249
34 489 37 39 41 42 43 44 45 46 47 48 51 52 54 57 58 61 64 66 70 73 74 76 77 79 83 87 88 92 97 98 104 105 106 111 113 117 118 120 123 124 131 133 134 135 136 141 144 146 150 151 153 154 160 161 162 163 164 165 169 172 174 175 176 177 180 182 183 189 191 192 195 196 201 203 204 207 211 213 217 219 221 224 226 227 228 234 238 240 241 243
35 250
36 261 37 39 42 43 45 47 48 51 58 61 64 66 70 73 74 76 79 83 88 92 97 104 106 111 113 118 123 131 133 134 135 144 146 150 151 153 154 160 163 165 169 172 175 180 182 183 191 195 196 201 203 207 211 217 221 226 227 228 234 238 241
37 494 39 40 41 42 43 44 45 46 47 48 49 51 52 54 57 58 59 61 62 64 66 70 73 74 75 76 77 79 81 82 83 84 86 87 88 89 90 91 92 93 96 97 98 99 101 104 105 106 108 109 111 113 115 117 118 120 122 123 124 127 129 130 131 132 133 134 135 136 139 140 141 142 143 144 146 147 149 150 151 153 154 159 160 161 162 163 164 165 167 168 169 170 171 172 174 175 176 177 179 180 181 182 183 184 186 188 189 190 191 192 195 196 197 198 201 202 203 204 207 208 211 213 214 217 219 220 221 222 224 226 227 228 231 234 238 239 240 241 242 243 245 246 249
38 251
39 255 40 41 42 43 44 45 46 47 48 49 51 52 54 57 58 59 61 62 63 64 65 66 70 73 74 75 76 77 79 81 82 83 84 86 87 88 89 90 91 92 93 94 96 97 98 99 100 101 104 105 106 108 109 110 111 113 115 117 118 120 122 123 124 127 129 130 131 132 133 134 135 136 139 140 141 142 143 144 146 147 149 150 151 152 153 154 158 159 160 161 162 163 164 165 167 168 169 170 171 172 174 175 176 177 179 180 181 182 183 184 186 188 189 190 191 192 195 196 197 198 201 202 203 204 207 208 211 213 214 217 219 220 221 222 224 226 227 228 231 234 238 239 240 241 242 243 245 246 249
40 484 42 43 47 58 61 79 83 88 92 113 131 134 135 160 183 191 207 227 228
41 251 42 43 45 47 48 51 52 54 58 61 64 66 70 73 74 76 79 83 88 92 97 104 105 106 111 113 117 118 120 123 124 131 133 134 135 136 141 144 146 150 151 153 154 160 161 162 163 164 165 169 172 174 175 177 180 182 183 191 195 196 201 203 204 207 211 213 217 219 221 224 226 227 228 234 238 240 241 243
42 265 43 44 45 46 47 48 51 52 54 57 58 59 61 62 64 66 70 73 74 75 76 77 79 81 82 83 84 86 87 88 89 90 91 92 93 96 97 98 99 101 104 105 106 108 109 111 113 115 117 118 120 122 123 124 127 129 130 131 132 133 134 135 136 139 140 141 142 143 144 146 147 149 150 151 153 154 159 160 161 162 163 164 165 167 168 169 170 171 172 174 175 176 177 179 180 182 183 184 186 188 189 190 191 192 195 196 197 198 201 202 203 204 207 208 211 213 214 217 219 220 221 222 224 226 227 228 231 234 238 239 240 241 242 243 245 246 249
43 466 44 45 46 47 48 49 51 52 54 57 58 59 61 62 63 64 65 66 69 70 71 73 74 75 76 77 79 81 82 83 84 86 87 88 89 90 91 92 93 94 96 97 98 99 100 101 102 104 105 106 108 109 110 111 113 115 117 118 120 122 123 124 127 128 129 130 131 132 133 134 135 136 139 140 141 142 143 144 146 147 149 150 151 152 153 154 158 159 160 161 162 163 164 165 167 168 169 170 171 172 174 175 176 177 179 180 181 182 183 184 186 188 189 190 191 192 195 196 197 198 201 202 203 204 205 207 208 209 211 213 214 216 217 219 220 221 222 224 226 227 228 231 234 238 239 240 241 242 243 245 246 247 249
44 251 45 47 48 51 52 54 58 61 64 66 70 73 74 76 79 83 88 92 97 104 105 106 111 113 117 118 120 123 124 131 133 134 135 136 141 144 146 150 151 153 154 160 161 162 163 165 169 172 174 175 177 180 182 183 191 195 196 201 203 204 207 211 213 217 219 221 224 226 227 228 234 238 240 241 243
45 283 46 47 48 51 52 54 57 58 61 62 64 66 70 73 74 75 76 77 79 81 82 83 86 87 88 89 90 92 93 97 98 104 105 106 108 109 111 113 117 118 120 123 124 129 131 132 133 134 135 136 139 141 143 144 146 147 150 151 153 154 160 161 162 163 164 165 169 171 172 174 175 176 177 180 182 183 189 191 192 195 196 201 202 203 204 207 211 213 217 219 221 222 224 226 227 228 231 234 238 239 240 241 243 249
46 499 47 48 51 52 54 58 61 64 66 70 73 74 76 79 83 88 92 97 104 105 106 111 113 117 118 120 123 124 131 133 134 135 136 141 144 146 150 151 153 154 160 161 162 163 165 169 172 174 175 177 180 182 183 191 195 196 201 203 204 207 211 213 217 219 221 224 226 227 228 234 238 240 241 243
47 250 48 49 51 52 54 57 58 59 61 62 63 64 65 66 69 70 71 73 74 75 76 77 79 81 82 83 84 86 87 88 89 90 91 92 93 94 96 97 98 99 100 101 102 104 105 106 108 109 110 111 113 115 117 118 120 122 123 124 127 128 129 130 131 132 133 134 135 136 139 140 141 142 143 144 146 147 149 150 151 152 153 154 158 159 160 161 162 163 164 165 167 168 169 170 171 172 174 175 176 177 179 180 181 182 183 184 186 188 189 190 191 192 195 196 197 198 201 202 203 204 205 207 208 209 211 213 214 216 217 219 220 221 222 224 226 227 228 231 234 238 239 240 241 242 243 245 246 247 249
48 251 51 52 54 57 58 59 61 62 64 66 70 73 74 75 76 77 79 81 82 83 84 86 87 88 89 90 91 92 93 96 97 98 99 101 104 105 106 108 109 111 113 115 117 118 120 122 123 124 127 129 130 131 132 133 134 135 136 139 140 141 142 143 144 146 147 149 150 151 153 154 159 160 161 162 163 164 165 167 168 169 170 171 172 174 175 176 177 179 180 182 183 184 188 189 190 191 192 195 196 198 201 202 203 204 207 208 211 213 214 217 219 220 221 222 224 226 227 228 231 234 238 239 240 241 242 243 245 246 249
49 418 58 61 79 83 88 92 113 131 134 135 160 183 191 207 227 228
50 270
51 312 52 54 57 58 61 62 64 66 70 73 74 75 76 77 79 81 82 83 86 87 88 89 90 92 93 97 98 104 105 106 108 109 111 113 117 118 120 123 124 129 131 132 133 134 135 136 139 141 143 144 146 147 150 151 153 154 160 161 162 163 164 165 169 171 172 174 175 176 177 180 182 183 189 191 192 195 196 201 202 203 204 207 211 213 217 219 221 222 224 226 227 228 231 234 238 239 240 241 243 246 249
52 419 54 57 58 61 64 66 70 73 74 75 76 77 79 83 86 87 88 89 90 92 97 98 104 105 106 111 113 117 118 120 123 124 129 131 133 134 135 136 141 143 144 146 150 151 153 154 160 161 162 163 164 165 169 171 172 174 175 176 177 180 182 183 189 191 192 195 196 201 203 204 207 211 213 217 219 221 222 224 226 227 228 234 238 240 241 243 249
53 270
54 311 57 58 61 64 66 70 73 74 75 76 77 79 83 86 87 88 89 90 92 97 98 104 105 106 108 111 113 117 118 120 123 124 129 131 133 134 135 136 141 143 144 146 147 150 151 153 154 160 161 162 163 164 165 169 171 172 174 175 176 177 180 182 183 189 191 192 195 196 201 202 203 204 207 211 213 217 219 221 222 224 226 227 228 234 238 239 240 241 243 249
55 380
56 281
57 339 58 61 64 66 70 73 74 76 79 83 88 92 97 104 105 106 111 113 117 118 120 123 124 131 133 134 135 136 141 144 146 150 151 153 154 160 161 162 163 164 165 169 172 174 175 177 180 182 183 191 195 196 201 203 204 207 211 213 217 219 221 224 226 227 228 234 238 240 241 243
58 482 59 61 62 63 64 65 66 69 70 71 73 74 75 76 77 79 80 81 82 83 84 86 87 88 89 90 91 92 93 94 96 97 98 99 100 101 102 104 105 106 108 109 110 111 113 115 117 118 120 122 123 124 127 128 129 130 131 132 133 134 135 136 139 140 141 142 143 144 146 147 149 150 151 152 153 154 158 159 160 161 162 163 164 165 167 168 169 170 171 172 174 175 176 177 179 180 181 182 183 184 186 188 189 190 191 192 195 196 197 198 201 202 203 204 205 207 208 209 211 213 214 216 217 219 220 221 222 224 226 227 228 231 232 234 238 239 240 241 242 243 244 245 246 247 249
59 251 61 66 70 74 79 83 88 92 97 104 106 113 123 131 134 135 150 151 153 160 163 165 169 172 175 180 182 183 191 195 196 201 207 217 221 227 228 234 238 241
60 267
61 489 62 63 64 65 66 70 73 74 75 76 77 79 81 82 83 84 86 87 88 89 90 91 92 93 94 96 97 98 99 100 101 104 105 106 108 109 110 111 113 115 117 118 120 122 123 124 127 129 130 131 132 133 134 135 136 139 140 141 142 143 144 146 147 149 150 151 152 153 154 158 159 160 161 162 163 164 165 167 168 169 170 171 172 174 175 176 177 179 180 181 182 183 184 186 188 189 190 191 192 195 196 197 198 201 202 203 204 207 208 211 213 214 217 219 220 221 222 224 226 227 228 231 234 238 239 240 241 242 243 245 246 249
62 251 64 66 70 73 74 76 79 83 88 92 97 104 106 111 113 118 123 131 133 134 135 144 146 150 151 153 154 160 162 163 165 169 172 175 180 182 183 191 195 196 201 203 207 211 213 217 221 226 227 228 234 238 241
63 260 79 83 88 92 113 135 160 183 191 207 227 228
64 407 66 70 73 74 75 76 77 79 81 82 83 86 87 88 89 90 92 93 97 98 104 105 106 108 109 111 113 117 118 120 123 124 129 131 132 133 134 135 136 139 141 143 144 146 147 150 151 153 154 160 161 162 163 164 165 169 171 172 174 175 176 177 180 182 183 189 191 192 195 196 201 202 203 204 207 211 213 217 219 221 222 224 226 227 228 231 234 238 239 240 241 243 249
65 272 79 83 88 92 113 135 160 183 191 207 227 228
66 321 70 73 74 75 76 77 79 81 82 83 84 86 87 88 89 90 91 92 93 96 97 98 99 101 104 105 106 108 109 111 113 115 117 118 120 122 123 124 127 129 130 131 132 133 134 135 136 139 140 141 142 143 144 146 147 149 150 151 153 154 159 160 161 162 163 164 165 167 168 169 170 171 172 174 175 176 177 179 180 182 183 184 188 189 190 191 192 195 196 198 201 202 203 204 207 208 211 213 214 217 219 220 221 222 224 226 227 228 231 234 238 239 240 241 242 243 245 246 249
67 367
68 303
69 330 79 83 88 160 183 227 228
70 356 73 74 75 76 77 79 81 82 83 84 86 87 88 89 90 91 92 93 96 97 98 99 101 104 105 106 108 109 111 113 115 117 118 120 122 123 124 127 129 130 131 132 133 134 135 136 139 140 141 142 143 144 146 147 149 150 151 153 154 159 160 161 162 163 164 165 167 168 169 170 171 172 174 175 176 177 179 180 182 183 184 188 189 190 191 192 195 196 198 201 202 203 204 207 208 211 213 214 217 219 220 221 222 224 226 227 228 231 234 238 239 240 241 242 243 245 246 249
71 289 79 83 160
72 355
73 368 74 75 76 77 79 81 82 83 84 86 87 88 89 90 92 93 97 98 99 104 105 106 108 109 111 113 117 118 120 123 124 129 130 131 132 133 134 135 136 139 140 141 143 144 146 147 149 150 151 153 154 160 161 162 163 164 165 169 171 172 174 175 176 177 180 182 183 188 189 191 192 195 196 201 202 203 204 207 211 213 217 219 220 221 222 224 226 227 228 231 234 238 239 240 241 243 246 249
74 265 75 76 77 79 81 82 83 84 86 87 88 89 90 92 93 97 98 99 101 104 105 106 108 109 111 113 117 118 120 123 124 129 130 131 132 133 134 135 136 139 140 141 143 144 146 147 149 150 151 153 154 160 161 162 163 164 165 168 169 170 171 172 174 175 176 177 180 182 183 188 189 191 192 195 196 201 202 203 204 207 211 213 217 219 220 221 222 224 226 227 228 231 234 238 239 240 241 243 245 246 249
75 367 76 79 83 88 92 97 104 105 106 111 113 117 118 120 123 124 131 133 134 135 136 141 144 146 150 151 153 154 160 161 162 163 165 169 172 174 175 177 180 182 183 191 195 196 201 203 204 207 211 213 217 219 221 224 226 227 228 234 238 240 241
76 492 77 79 81 82 83 84 86 87 88 89 90 92 93 97 98 104 105 106 108 109 111 113 117 118 120 123 124 129 131 132 133 134 135 136 139 141 143 144 146 147 150 151 153 154 160 161 162 163 164 165 169 171 172 174 175 176 177 180 182 183 188 189 191 192 195 196 201 202 203 204 207 211 213 217 219 220 221 222 224 226 227 228 231 234 238 239 240 241 243 246 249
77 252 79 83 88 92 97 98 104 105 106 111 113 117 118 120 123 124 131 133 134 135 136 141 144 146 150 151 153 154 160 161 162 163 164 165 169 172 174 175 177 180 182 183 191 195 196 201 203 204 207 211 213 217 219 221 224 226 227 228 234 238 240 241 243
78 256
79 448 80 81 82 83 84 86 87 88 89 90 91 92 93 94 96 97 98 99 100 101 102 104 105 106 108 109 110 111 113 115 117 118 120 122 123 124 127 128 129 130 131 132 133 134 135 136 139 140 141 142 143 144 146 147 149 150 151 152 153 154 158 159 160 161 162 163 164 165 167 168 169 170 171 172 174 175 176 177 179 180 181 182 183 184 186 188 189 190 191 192 195 196 197 198 201 202 203 204 205 207 208 209 211 213 214 216 217 219 220 221 222 224 226 227 228 231 234 238 239 240 241 242 243 244 245 246 247 249
80 257 83
81 295 83 88 92 97 104 106 111 113 118 123 131 133 134 135 144 146 150 151 153 154 160 162 163 165 169 172 175 180 182 183 191 195 196 201 203 207 211 213 217 221 226 227 228 234 238 241
82 474 83 88 92 97 104 106 111 113 118 123 131 133 134 135 144 146 150 151 153 154 160 162 163 165 169 172 175 180 182 183 191 195 196 201 203 207 211 213 217 221 226 227 228 234 238 241
83 254 84 86 87 88 89 90 91 92 93 94 96 97 98 99 100 101 102 104 105 106 108 109 110 111 113 115 117 118 120 122 123 124 127 128 129 130 131 132 133 134 135 136 139 140 141 142 143 144 146 147 149 150 151 152 153 154 158 159 160 161 162 163 164 165 167 168 169 170 171 172 174 175 176 177 179 180 181 182 183 184 186 188 189 190 191 192 195 196 197 198 201 202 203 204 205 207 208 209 211 213 214 216 217 219 220 221 222 224 226 227 228 231 234 238 239 240 241 242 243 244 245 246 247 249
84 272 88 92 97 104 106 111 113 118 123 131 134 135 144 146 150 151 153 154 160 163 165 169 172 175 180 182 183 191 195 196 201 203 207 211 217 221 226 227 228 234 238 241
85 412
86 286 88 92 97 104 105 106 111 113 117 118 120 123 124 131 133 134 135 136 141 144 146 150 151 153 154 160 161 162 163 165 169 172 174 175 177 180 182 183 191 195 196 201 203 204 207 211 213 217 219 221 224 226 227 228 234 238 240 241 243
87 302 88 92 97 104 105 106 111 113 117 118 120 123 124 131 133 134 135 136 141 144 146 150 151 153 154 160 161 162 163 164 165 169 172 174 175 177 180 182 183 191 195 196 201 203 204 207 211 213 217 219 221 224 226 227 228 234 238 240 241 243
88 458 89 90 91 92 93 94 96 97 98 99 100 101 104 105 106 108 109 110 111 113 115 117 118 120 122 123 124 127 128 129 130 131 132 133 134 135 136 139 140 141 142 143 144 146 147 149 150 151 152 153 154 158 159 160 161 162 163 164 165 167 168 169 170 171 172 174 175 176 177 179 180 181 182 183 184 186 188 189 190 191 192 195 196 197 198 201 202 203 204 205 207 208 211 213 214 216 217 219 220 221 222 224 226 227 228 231 234 238 239 240 241 242 243 245 246 249
89 270 92 97 104 105 106 111 113 117 118 120 123 124 131 133 134 135 136 141 144 146 150 151 153 154 160 161 162 163 165 169 172 174 175 177 180 182 183 191 195 196 201 203 204 207 211 213 217 219 221 224 226 227 228 234 238 240 241
90 272 92 97 104 105 106 111 113 117 118 123 124 131 133 134 135 136 141 144 146 150 151 153 154 160 161 162 163 165 169 172 174 175 177 180 182 183 191 195 196 201 203 204 207 211 213 217 219 221 224 226 227 228 234 238 240 241
91 476 92 97 113 123 131 134 135 150 151 153 160 169 175 180 182 183 191 196 207 217 221 227 228 234 238 241
92 254 93 96 97 98 99 100 101 104 105 106 108 109 110 111 113 115 117 118 120 122 123 124 127 129 130 131 132 133 134 135 136 139 140 141 142 143 144 146 147 149 150 151 152 153 154 158 159 160 161 162 163 164 165 167 168 169 170 171 172 174 175 176 177 179 180 181 182 183 184 186 188 189 190 191 192 195 196 197 198 201 202 203 204 207 208 211 213 214 217 219 220 221 222 224 226 227 228 231 234 238 239 240 241 242 243 245 246 249
93 270 97 104 106 111 113 118 123 131 133 134 135 144 146 150 151 153 154 160 162 163 165 169 172 175 180 182 183 191 195 196 201 203 207 211 213 217 221 226 227 228 234 238 241
94 488 160 183 191 227 228
95 255
96 257 97 104 113 123 131 134 135 150 151 153 160 169 172 175 180 182 183 191 195 196 201 207 217 221 227 228 234 238 241
97 489 98 99 101 104 105 106 108 109 111 113 115 117 118 120 122 123 124 127 129 130 131 132 133 134 135 136 139 140 141 142 143 144 146 147 149 150 151 153 154 159 160 161 162 163 164 165 167 168 169 170 171 172 174 175 176 177 179 180 182 183 184 188 189 191 192 195 196 198 201 202 203 204 207 208 211 213 214 217 219 220 221 222 224 226 227 228 231 234 238 239 240 241 242 243 245 246 249
98 254 104 105 106 111 113 117 118 120 123 124 131 133 134 135 136 141 144 146 150 151 153 154 160 161 162 163 164 165 169 172 174 175 176 177 180 182 183 191 192 195 196 201 203 204 207 211 213 217 219 221 224 226 227 228 234 238 240 241 243
99 257 104 106 113 118 123 131 134 135 144 146 150 151 153 160 163 165 169 172 175 180 182 183 191 195 196 201 203 207 217 221 226 227 228 234 238 241
100 381 113 134 135 160 183 191 207 227 228
101 272 104 106 113 123 131 134 135 150 151 153 160 163 169 172 175 180 182 183 191 195 196 201 207 217 221 227 228 234 238 241
102 347 160
103 430
104 259 105 106 108 109 111 113 115 117 118 120 122 123 124 127 129 130 131 132 133 134 135 136 139 140 141 142 143 144 146 147 149 150 151 153 154 159 160 161 162 163 164 165 167 168 169 170 171 172 174 175 176 177 180 182 183 188 189 191 192 195 196 198 201 202 203 204 207 208 211 213 214 217 219 220 221 222 224 226 227 228 231 234 238 239 240 241 243 245 246 249
105 311 106 111 113 117 118 120 123 124 129 131 133 134 135 136 141 143 144 146 150 151 153 154 160 161 162 163 164 165 169 172 174 175 176 177 180 182 183 189 191 192 195 196 201 203 204 207 211 213 217 219 221 222 224 226 227 228 234 238 240 241 243 249
106 373 108 109 111 113 117 118 120 123 124 129 130 131 132 133 134 135 136 139 140 141 143 144 146 147 149 150 151 153 154 160 161 162 163 164 165 168 169 170 171 172 174 175 176 177 180 182 183 188 189 191 192 195 196 201 202 203 204 207 211 213 217 219 220 221 222 224 226 227 228 231 234 238 239 240 241 243 246 249
107 298
108 329 111 113 117 118 123 131 133 134 135 141 144 146 150 151 153 154 160 161 162 163 165 169 172 175 180 182 183 191 195 196 201 203 204 207 211 213 217 219 221 224 226 227 228 234 238 240 241
109 472 111 113 118 123 131 133 134 135 144 146 150 151 153 154 160 162 163 165 169 172 175 180 182 183 191 195 196 201 203 207 211 213 217 221 226 227 228 234 238 241
110 255 113 134 135 160 183 191 207 227 228
111 273 113 117 118 120 123 124 129 131 132 133 134 135 136 139 141 143 144 146 147 150 151 153 154 160 161 162 163 164 165 169 171 172 174 175 176 177 180 182 183 188 189 191 192 195 196 201 202 203 204 207 211 213 217 219 220 221 222 224 226 227 228 231 234 238 239 240 241 243 246 249
112 463
113 259 115 117 118 120 122 123 124 127 129 130 131 132 133 134 135 136 139 140 141 142 143 144 146 147 149 150 151 152 153 154 158 159 160 161 162 163 164 165 167 168 169 170 171 172 174 175 176 177 179 180 181 182 183 184 186 188 189 190 191 192 195 196 197 198 201 202 203 204 207 208 211 213 214 217 219 220 221 222 224 226 227 228 231 234 238 239 240 241 242 243 245 246 249
114 278
115 425 123 131 134 135 150 151 153 160 169 172 175 180 182 183 191 195 196 207 217 221 227 228 234 238 241
116 270
117 305 118 120 123 124 129 131 133 134 135 136 141 143 144 146 150 151 153 154 160 161 162 163 164 165 169 171 172 174 175 176 177 180 182 183 189 191 192 195 196 201 202 203 204 207 211 213 217 219 221 222 224 226 227 228 234 238 240 241 243 249
118 482 120 123 124 129 130 131 132 133 134 135 136 139 140 141 143 144 146 147 149 150 151 153 154 160 161 162 163 164 165 169 171 172 174 175 176 177 180 182 183 188 189 191 192 195 196 201 202 203 204 207 211 213 217 219 220 221 222 224 226 227 228 231 234 238 239 240 241 243 246 249
119 253
120 265 123 124 129 131 133 134 135 136 141 143 144 146 150 151 153 154 160 161 162 163 164 165 169 172 174 175 176 177 180 182 183 189 191 192 195 196 201 203 204 207 211 213 217 219 221 222 224 226 227 228 234 238 240 241 243
121 420
122 263 123 131 134 135 150 151 153 160 169 172 175 180 182 183 191 195 196 201 207 217 221 227 228 234 238 241
123 317 124 127 129 130 131 132 133 134 135 136 139 140 141 142 143 144 146 147 149 150 151 153 154 159 160 161 162 163 164 165 167 168 169 170 171 172 174 175 176 177 179 180 182 183 184 188 189 190 191 192 195 196 198 201 202 203 204 207 208 211 213 214 217 219 220 221 222 224 226 227 228 231 234 238 239 240 241 242 243 245 246 249
124 477 129 131 133 134 135 136 141 143 144 146 150 151 153 154 160 161 162 163 164 165 169 172 174 175 176 177 180 182 183 189 191 192 195 196 201 203 204 207 211 213 217 219 221 222 224 226 227 228 234 238 240 241 243 249
125 253
126 270
127 431 131 134 135 150 151 153 160 169 175 180 182 183 191 195 196 207 217 221 227 228 234 238 241
128 256 160 183 227 228
129 313 131 133 134 135 136 141 144 146 150 151 153 154 160 161 162 163 165 169 172 174 175 177 180 182 183 191 195 196 201 203 204 207 211 213 217 219 221 224 226 227 228 234 238 240 241 243
130 385 131 134 135 146 150 151 153 160 163 165 169 172 175 180 182 183 191 195 196 201 203 207 217 221 227 228 234 238 241
131 253 132 133 134 135 136 139 140 141 142 143 144 146 147 149 150 151 153 154 159 160 161 162 163 164 165 167 168 169 170 171 172 174 175 176 177 179 180 181 182 183 184 186 188 189 190 191 192 195 196 197 198 201 202 203 204 207 208 211 213 214 217 219 220 221 222 224 226 227 228 231 234 238 239 240 241 242 243 245 246 249
132 362 133 134 135 144 146 150 151 153 154 160 163 165 169 172 175 180 182 183 191 195 196 201 203 207 211 213 217 221 226 227 228 234 238 241
133 442 134 135 136 139 141 143 144 146 147 150 151 153 154 160 161 162 163 164 165 169 171 172 174 175 176 177 180 182 183 189 191 192 195 196 201 202 203 204 207 211 213 217 219 221 222 224 226 227 228 231 234 238 239 240 241 243 249
134 278 135 136 139 140 141 142 143 144 146 147 149 150 151 153 154 159 160 161 162 163 164 165 167 168 169 170 171 172 174 175 176 177 179 180 181 182 183 184 186 188 189 190 191 192 195 196 197 198 201 202 203 204 207 208 211 213 214 217 219 220 221 222 224 226 227 228 231 234 238 239 240 241 242 243 245 246 249
135 280 136 139 140 141 142 143 144 146 147 149 150 151 152 153 154 158 159 160 161 162 163 164 165 167 168 169 170 171 172 174 175 176 177 179 180 181 182 183 184 186 188 189 190 191 192 195 196 197 198 201 202 203 204 207 208 211 213 214 217 219 220 221 222 224 226 227 228 231 234 238 239 240 241 242 243 245 246 249
136 363 141 143 144 146 150 151 153 154 160 161 162 163 164 165 169 172 174 175 176 177 180 182 183 189 191 192 195 196 201 203 204 207 211 213 217 219 221 222 224 226 227 228 234 238 240 241 243 249
137 313
138 324
139 391 144 146 150 151 153 154 160 163 165 169 172 175 180 182 183 191 195 196 201 203 207 211 217 221 226 227 228 234 238 241
140 269 146 150 151 153 160 163 165 169 172 175 180 182 183 191 195 196 201 203 207 217 221 226 227 228 234 238 241
141 340 143 144 146 147 150 151 153 154 160 161 162 163 164 165 169 171 172 174 175 176 177 180 182 183 189 191 192 195 196 201 202 203 204 207 211 213 217 219 221 222 224 226 227 228 234 238 239 240 241 243 249
142 435 150 151 153 160 169 172 175 180 182 183 191 195 196 201 207 217 221 227 228 234 238 241
143 260 144 146 150 151 153 154 160 161 162 163 165 169 172 174 175 177 180 182 183 191 195 196 201 203 204 207 211 213 217 219 221 224 226 227 228 234 238 240 241
144 305 146 147 150 151 153 154 160 161 162 163 164 165 169 171 172 174 175 176 177 180 182 183 188 189 191 192 195 196 201 202 203 204 207 211 213 217 219 220 221 222 224 226 227 228 231 234 238 239 240 241 243 246 249
145 395
146 264 147 149 150 151 153 154 160 161 162 163 164 165 169 171 172 174 175 176 177 180 182 183 188 189 191 192 195 196 201 202 203 204 207 211 213 217 219 220 221 222 224 226 227 228 231 234 238 239 240 241 243 246 249
147 341 150 151 153 154 160 161 162 163 165 169 172 175 180 182 183 191 195 196 201 203 204 207 211 213 217 219 221 224 226 227 228 234 238 240 241
148 385
149 288 150 151 153 160 163 165 169 172 175 180 182 183 191 195 196 201 203 207 217 221 226 227 228 234 238 241
150 327 151 153 154 159 160 161 162 163 164 165 167 168 169 170 171 172 174 175 176 177 179 180 182 183 184 188 189 190 191 192 195 196 198 201 202 203 204 207 208 211 213 214 217 219 220 221 222 224 226 227 228 231 234 238 239 240 241 242 243 245 246 249
151 443 153 154 159 160 161 162 163 164 165 167 168 169 170 171 172 174 175 176 177 179 180 182 183 184 186 188 189 190 191 192 195 196 197 198 201 202 203 204 207 208 211 213 214 217 219 220 221 222 224 226 227 228 231 234 238 239 240 241 242 243 245 246 249
152 258 160 183 191 207 227 228
153 299 154 159 160 161 162 163 164 165 167 168 169 170 171 172 174 175 176 177 179 180 182 183 184 188 189 191 192 195 196 198 201 202 203 204 207 208 211 213 214 217 219 220 221 222 224 226 227 228 231 234 238 239 240 241 242 243 245 246 249
154 451 160 161 162 163 164 165 169 171 172 174 175 176 177 180 182 183 189 191 192 195 196 201 202 203 204 207 211 213 217 219 221 222 224 226 227 228 231 234 238 239 240 241 243 246 249
155 270
156 279
157 486
158 250 160 183 191 207 227 228
159 264 160 163 169 172 175 180 182 183 191 195 196 201 207 217 221 227 228 234 238 241
160 424 161 162 163 164 165 167 168 169 170 171 172 174 175 176 177 179 180 181 182 183 184 186 188 189 190 191 192 195 196 197 198 201 202 203 204 205 207 208 209 211 213 214 216 217 219 220 221 222 224 226 227 228 231 234 238 239 240 241 242 243 245 246 247 249
161 281 162 163 164 165 169 171 172 174 175 176 177 180 182 183 189 191 192 195 196 201 202 203 204 207 211 213 217 219 221 222 224 226 227 228 234 238 240 241 243 249
162 295 163 164 165 169 171 172 174 175 176 177 180 182 183 189 191 192 195 196 201 202 203 204 207 211 213 217 219 221 222 224 226 227 228 231 234 238 239 240 241 243 249
163 371 164 165 168 169 170 171 172 174 175 176 177 180 182 183 188 189 191 192 195 196 198 201 202 203 204 207 211 213 217 219 220 221 222 224 226 227 228 231 234 238 239 240 241 243 245 246 249
164 282 165 169 172 174 175 176 177 180 182 183 189 191 192 195 196 201 203 204 207 211 213 217 219 221 224 226 227 228 234 238 240 241 243
165 347 169 170 171 172 174 175 176 177 180 182 183 188 189 191 192 195 196 201 202 203 204 207 211 213 217 219 220 221 222 224 226 227 228 231 234 238 239 240 241 243 246 249
166 424
167 273 169 175 180 182 183 191 195 196 207 217 221 227 228 234 238 241
168 303 169 172 175 180 182 183 191 195 196 201 207 217 221 227 228 234 238 241
169 364 170 171 172 174 175 176 177 179 180 182 183 184 186 188 189 190 191 192 195 196 197 198 201 202 203 204 207 208 211 213 214 217 219 220 221 222 224 226 227 228 231 234 238 239 240 241 242 243 245 246 249
170 258 172 175 180 182 183 191 195 196 201 203 207 217 221 227 228 234 238 241
171 378 172 174 175 180 182 183 191 195 196 201 203 204 207 211 213 217 219 221 224 226 227 228 234 238 240 241
172 400 174 175 176 177 180 182 183 188 189 191 192 195 196 198 201 202 203 204 207 211 213 214 217 219 220 221 222 224 226 227 228 231 234 238 239 240 241 243 245 246 249
173 252
174 348 175 176 177 180 182 183 189 191 192 195 196 201 203 204 207 211 213 217 219 221 222 224 226 227 228 234 238 240 241 243 249
175 427 176 177 179 180 182 183 184 188 189 191 192 195 196 198 201 202 203 204 207 208 211 213 214 217 219 220 221 222 224 226 227 228 231 234 238 239 240 241 242 243 245 246 249
176 275 177 180 182 183 191 195 196 201 203 204 207 211 213 217 219 221 224 226 227 228 234 238 240 241 243
177 298 180 182 183 189 191 192 195 196 201 203 204 207 211 213 217 219 221 222 224 226 227 228 234 238 240 241 243 249
178 398
179 263 180 182 183 191 207 221 227 228 234 238 241
180 339 182 183 184 186 188 189 190 191 192 195 196 197 198 201 202 203 204 207 208 211 213 214 217 219 220 221 222 224 226 227 228 231 234 238 239 240 241 242 243 245 246 249
181 458 183 191 207 227 228
182 266 183 184 188 189 191 192 195 196 198 201 202 203 204 207 208 211 213 214 217 219 220 221 222 224 226 227 228 231 234 238 239 240 241 242 243 245 246 249
183 276 184 186 188 189 190 191 192 195 196 197 198 201 202 203 204 205 207 208 211 213 214 216 217 219 220 221 222 224 226 227 228 231 234 238 239 240 241 242 243 245 246 249
184 414 191 207 221 227 228 234 238 241
185 282
186 304 191 207 227 228 234 241
187 392
188 275 191 195 196 201 203 207 211 217 221 226 227 228 234 238 241
189 333 191 195 196 201 203 204 207 211 213 217 219 221 224 226 227 228 234 238 240 241 243
190 461 191 207 227 228 234 238 241
191 257 192 195 196 197 198 201 202 203 204 207 208 211 213 214 217 219 220 221 222 224 226 227 228 231 234 238 239 240 241 242 243 245 246 249
192 282 195 196 201 203 204 207 211 213 217 219 221 224 226 227 228 234 238 240 241 243
193 393
194 282
195 325 196 198 201 202 203 204 207 208 211 213 214 217 219 220 221 222 224 226 227 228 231 234 238 239 240 241 243 245 246 249
196 441 198 201 202 203 204 207 208 211 213 214 217 219 220 221 222 224 226 227 228 231 234 238 239 240 241 242 243 245 246 249
197 269 207 227 228 234 241
198 290 201 207 217 221 227 228 234 238 241
199 405
200 259
201 336 202 203 204 207 211 213 214 217 219 220 221 222 224 226 227 228 231 234 238 239 240 241 243 245 246 249
202 396 203 204 207 211 213 217 219 221 224 226 227 228 234 238 240 241
203 295 204 207 211 213 217 219 220 221 222 224 226 227 228 231 234 238 239 240 241 243 246 249
204 309 207 211 213 217 219 221 222 224 226 227 228 234 238 239 240 241 243 249
205 487 228
206 255
207 258 208 211 213 214 217 219 220 221 222 224 226 227 228 231 234 238 239 240 241 242 243 245 246 249
208 373 217 221 227 228 234 238 241
209 265
210 362
211 459 213 217 219 220 221 222 224 226 227 228 231 234 238 239 240 241 243 246 249
212 256
213 285 217 219 221 222 224 226 227 228 231 234 238 239 240 241 243 249
214 438 217 221 227 228 234 238 241
215 277
216 285 228
217 405 219 220 221 222 224 226 227 228 231 234 238 239 240 241 242 243 245 246 249
218 272
219 323 221 222 224 226 227 228 234 238 240 241 243 249
220 473 221 226 227 228 234 238 241
221 250 222 224 226 227 228 231 234 238 239 240 241 242 243 245 246 249
222 277 224 226 227 228 234 238 240 241
223 451
224 263 226 227 228 234 238 240 241 243 249
225 286
226 391 227 228 231 234 238 239 240 241 243 246 249
227 272 228 231 234 238 239 240 241 242 243 245 246 249
228 337 231 234 238 239 240 241 242 243 245 246 247 249
229 444
230 264
231 292 234 238 241
232 396
233 283
234 321 238 239 240 241 242 243 245 246 249
235 354
236 285
237 361
238 393 239 240 241 242 243 245 246 249
239 289 240 241
240 318 241 243 249
241 493 242 243 245 246 249
242 250
243 257
244 369
245 296
246 335
247 359
248 284
249 357
