249 1000
1 484 2 11 23 26 31 33 39 40 42 51 58 63 67 68 71 85 89 94 95 97 102 110 116 117 123 124 128 129 142 147 162 178 180 182 191 205 206 212 214 216 235 236 241 247
2 257 3 5 11 15 16 20 22 23 26 31 33 37 38 39 40 41 42 44 47 48 51 52 56 58 62 63 64 67 68 69 71 73 75 77 80 85 86 89 90 94 95 96 97 98 100 101 102 104 105 108 109 110 111 114 115 116 117 123 124 127 128 129 131 132 134 136 140 142 143 144 145 147 149 151 152 153 155 158 161 162 168 169 173 174 175 177 178 179 180 182 184 186 189 190 191 192 197 200 203 205 206 207 209 211 212 214 215 216 217 219 221 222 224 230 232 233 235 236 241 242 243 245 246 247
3 259 11 15 23 26 31 33 39 40 42 51 56 58 63 67 68 71 85 89 94 95 97 100 101 102 104 108 109 110 114 115 116 117 123 124 128 129 136 142 144 145 147 152 162 168 169 173 177 178 180 182 191 205 206 207 211 212 214 215 216 217 222 224 235 236 241 247
4 456
5 259 11 15 23 26 31 33 39 40 42 51 56 58 63 67 68 71 85 89 94 95 97 102 110 116 117 123 124 128 129 142 145 147 162 168 173 178 180 182 191 205 206 207 212 214 216 235 236 241 247
6 285
7 353
8 250 23 26 31 39 51 58 85 97 124 128 162 182 205 206 212 235
9 397
10 367
11 260 15 16 20 22 23 26 31 33 37 39 40 41 42 44 47 48 51 52 56 58 62 63 64 67 68 69 71 73 75 77 80 85 86 89 90 94 95 96 97 98 100 101 102 104 105 108 109 110 111 114 115 116 117 123 124 127 128 129 131 132 134 136 140 142 143 144 145 147 149 151 152 153 155 158 161 162 168 169 173 174 175 177 178 179 180 182 184 186 189 190 191 192 197 200 203 205 206 207 209 211 212 214 215 216 217 219 222 224 230 232 233 235 236 241 242 243 246 247
12 373 31 51 97 128 162 235
13 405
14 256
15 339 20 23 26 31 33 37 39 40 41 42 47 51 56 58 62 63 67 68 69 71 85 89 90 94 95 97 100 101 102 104 108 109 110 114 115 116 117 123 124 128 129 136 140 142 144 145 147 151 152 153 155 158 162 168 169 173 175 177 178 179 180 182 184 186 189 191 197 200 205 206 207 209 211 212 214 215 216 217 222 224 230 232 235 236 241 246 247
16 431 23 26 31 33 39 40 42 51 58 63 67 68 71 85 89 94 95 97 102 110 117 123 124 128 129 142 147 162 178 180 182 191 205 206 212 214 216 235 236 241
17 269
18 300
19 494
20 250 23 26 31 33 39 40 42 51 56 58 63 67 68 71 85 89 94 95 97 102 104 108 110 114 116 117 123 124 128 129 136 142 144 145 147 152 162 168 173 177 178 180 182 191 205 206 207 211 212 214 216 217 222 235 236 241 247
21 256
22 443 23 26 31 33 39 40 42 51 58 63 67 71 85 89 94 95 97 102 117 123 124 128 142 147 162 180 182 191 205 206 212 214 235 236 241
23 270 24 26 31 33 37 38 39 40 41 42 44 47 48 51 52 54 56 58 62 63 64 67 68 69 71 72 73 75 77 80 85 86 89 90 94 95 96 97 98 100 101 102 104 105 107 108 109 110 111 114 115 116 117 123 124 127 128 129 131 132 134 135 136 140 142 143 144 145 147 149 151 152 153 155 158 161 162 164 168 169 173 174 175 177 178 179 180 182 184 186 189 190 191 192 193 197 200 203 205 206 207 209 211 212 214 215 216 217 219 221 222 224 230 232 233 235 236 237 241 242 243 245 246 247
24 287 26 31 39 51 58 85 89 97 123 124 128 147 162 182 205 206 212 235 236
25 373
26 288 27 31 33 37 38 39 40 41 42 44 47 48 51 52 54 56 58 62 63 64 67 68 69 71 72 73 75 77 79 80 85 86 89 90 94 95 96 97 98 100 101 102 104 105 107 108 109 110 111 113 114 115 116 117 123 124 127 128 129 131 132 134 135 136 140 142 143 144 145 147 149 151 152 153 155 158 161 162 164 168 169 173 174 175 177 178 179 180 182 184 186 189 190 191 192 193 197 200 203 205 206 207 209 211 212 214 215 216 217 219 221 222 224 228 230 232 233 234 235 236 237 241 242 243 245 246 247
27 339 31 51 97 128 162 235
28 401
29 266
30 333
31 374 33 37 38 39 40 41 42 44 47 48 51 52 54 56 58 62 63 64 67 68 69 71 72 73 75 77 79 80 81 85 86 89 90 94 95 96 97 98 100 101 102 104 105 107 108 109 110 111 113 114 115 116 117 123 124 127 128 129 131 132 134 135 136 140 142 143 144 145 147 149 151 152 153 155 158 161 162 164 168 169 173 174 175 177 178 179 180 182 184 186 189 190 191 192 193 197 200 203 205 206 207 209 211 212 214 215 216 217 219 221 222 224 228 230 232 233 234 235 236 237 241 242 243 245 246 247
32 281
33 345 37 39 40 41 42 47 48 51 52 56 58 62 63 64 67 68 69 71 73 75 77 85 86 89 90 94 95 97 100 101 102 104 105 108 109 110 111 114 115 116 117 123 124 127 128 129 131 132 134 136 140 142 143 144 145 147 149 151 152 153 155 158 161 162 168 169 173 174 175 177 178 179 180 182 184 186 189 190 191 192 197 200 203 205 206 207 209 211 212 214 215 216 217 222 224 230 232 233 235 236 241 246 247
34 441
35 258
36 301
37 374 39 40 42 51 56 58 63 67 68 71 85 89 94 95 97 101 102 104 108 109 110 114 115 116 117 123 124 128 129 136 142 144 145 147 152 162 168 173 177 178 180 182 191 205 206 207 211 212 214 215 216 217 222 235 236 241 247
38 270 39 51 58 85 89 97 123 124 128 147 162 182 205 206 212 214 235 236
39 356 40 41 42 44 47 48 51 52 54 56 58 62 63 64 67 68 69 71 72 73 75 77 79 80 85 86 89 90 94 95 96 97 98 100 101 102 104 105 107 108 109 110 111 114 115 116 117 123 124 127 128 129 131 132 134 135 136 140 142 143 144 145 147 149 151 152 153 155 158 161 162 164 168 169 173 174 175 177 178 179 180 182 184 186 189 190 191 192 193 197 200 203 205 206 207 209 211 212 214 215 216 217 219 221 222 224 230 232 233 235 236 237 241 242 243 245 246 247
40 365 41 42 44 47 48 51 52 56 58 62 63 64 67 68 69 71 73 75 77 80 85 86 89 90 94 95 96 97 98 100 101 102 104 105 108 109 110 111 114 115 116 117 123 124 127 128 129 131 132 134 136 140 142 143 144 145 147 149 151 152 153 155 158 161 162 168 169 173 174 175 177 178 179 180 182 184 186 189 190 191 192 197 200 203 205 206 207 209 211 212 214 215 216 217 222 224 230 232 233 235 236 241 242 243 246 247
41 290 42 51 56 58 63 67 68 71 85 89 94 95 97 101 102 104 108 109 110 114 115 116 117 123 124 128 129 136 142 144 145 147 152 162 168 173 177 178 180 182 191 205 206 207 211 212 214 215 216 217 222 235 236 241 247
42 345 44 47 48 51 52 56 58 62 63 64 67 68 69 71 73 75 77 80 85 86 89 90 94 95 96 97 98 100 101 102 104 105 108 109 110 111 114 115 116 117 123 124 127 128 129 131 132 134 136 140 142 143 144 145 147 149 151 152 153 155 158 161 162 168 169 173 174 175 177 178 179 180 182 184 186 189 190 191 192 197 200 203 205 206 207 209 211 212 214 215 216 217 219 222 224 230 232 233 235 236 241 242 243 246 247
43 443
44 263 51 58 67 85 89 94 95 97 102 117 123 124 128 147 162 182 191 205 206 212 214 235 236
45 294
46 484
47 253 51 56 58 63 67 68 71 85 89 94 95 97 102 104 108 110 114 115 116 117 123 124 128 129 136 142 144 145 147 152 162 168 173 177 178 180 182 191 205 206 207 211 212 214 216 217 222 235 236 241 247
48 263 51 56 58 63 67 68 71 85 89 94 95 97 102 110 116 117 123 124 128 129 142 145 147 162 168 173 178 180 182 191 205 206 207 212 214 216 235 236 241 247
49 419
50 255
51 326 52 54 56 58 62 63 64 67 68 69 71 72 73 75 77 79 80 81 85 86 88 89 90 93 94 95 96 97 98 100 101 102 104 105 107 108 109 110 111 113 114 115 116 117 123 124 127 128 129 131 132 134 135 136 140 142 143 144 145 147 149 151 152 153 155 158 161 162 164 168 169 173 174 175 176 177 178 179 180 182 183 184 186 189 190 191 192 193 196 197 200 203 205 206 207 209 211 212 214 215 216 217 219 221 222 224 228 230 231 232 233 234 235 236 237 238 241 242 243 245 246 247
52 459 58 63 67 68 71 85 89 94 95 97 102 110 117 123 124 128 129 142 147 162 178 180 182 191 205 206 212 214 216 235 236 241
53 261
54 280 58 85 97 124 128 162 182 205 206 212 235
55 360
56 263 58 62 63 67 68 69 71 85 89 90 94 95 97 100 101 102 104 108 109 110 114 115 116 117 123 124 128 129 136 140 142 144 145 147 151 152 153 155 158 162 168 169 173 175 177 178 179 180 182 184 186 189 191 197 200 205 206 207 209 211 212 214 215 216 217 222 224 230 232 235 236 241 246 247
57 377
58 407 62 63 64 67 68 69 71 72 73 75 77 80 85 86 89 90 94 95 96 97 98 100 101 102 104 105 107 108 109 110 111 114 115 116 117 123 124 127 128 129 131 132 134 136 140 142 143 144 145 147 149 151 152 153 155 158 161 162 168 169 173 174 175 177 178 179 180 182 184 186 189 190 191 192 197 200 203 205 206 207 209 211 212 214 215 216 217 219 221 222 224 230 232 233 235 236 237 241 242 243 245 246 247
59 282
60 311
61 372
62 260 63 67 68 71 85 89 94 95 97 101 102 104 108 109 110 114 115 116 117 123 124 128 129 136 142 144 145 147 152 162 168 173 177 178 180 182 191 205 206 207 211 212 214 215 216 217 222 235 236 241 247
63 368 64 67 68 69 71 73 75 77 85 86 89 90 94 95 97 100 101 102 104 105 108 109 110 111 114 115 116 117 123 124 127 128 129 131 132 134 136 140 142 143 144 145 147 149 151 152 153 155 158 161 162 168 169 173 174 175 177 178 179 180 182 184 186 189 190 191 192 197 200 203 205 206 207 209 211 212 214 215 216 217 222 224 230 232 233 235 236 241 246 247
64 445 67 85 89 94 95 97 102 117 123 124 128 142 147 162 180 182 191 205 206 212 214 235 236
65 272
66 283
67 357 68 69 71 73 75 77 80 85 86 89 90 94 95 96 97 98 100 101 102 104 105 108 109 110 111 114 115 116 117 123 124 127 128 129 131 132 134 136 140 142 143 144 145 147 149 151 152 153 155 158 161 162 168 169 173 174 175 177 178 179 180 182 184 186 189 190 191 192 197 200 203 205 206 207 209 211 212 214 215 216 217 219 222 224 230 232 233 235 236 241 242 243 246 247
68 311 69 71 75 77 85 89 90 94 95 97 100 101 102 104 105 108 109 110 114 115 116 117 123 124 127 128 129 131 134 136 140 142 143 144 145 147 149 151 152 153 155 158 161 162 168 169 173 175 177 178 179 180 182 184 186 189 191 197 200 203 205 206 207 209 211 212 214 215 216 217 222 224 230 232 233 235 236 241 246 247
69 332 71 85 89 94 95 97 102 104 108 110 114 115 116 117 123 124 128 129 136 142 144 145 147 152 162 168 173 177 178 180 182 191 205 206 207 211 212 214 216 217 222 235 236 241 247
70 494
71 251 75 77 85 89 90 94 95 97 100 101 102 104 105 108 109 110 114 115 116 117 123 124 127 128 129 131 134 136 140 142 143 144 145 147 149 151 152 153 155 158 161 162 168 169 173 175 177 178 179 180 182 184 186 189 190 191 197 200 203 205 206 207 209 211 212 214 215 216 217 222 224 230 232 233 235 236 241 246 247
72 255 85 89 97 123 124 128 147 162 182 205 206 212 235 236
73 391 85 89 94 95 97 102 117 123 124 128 142 147 162 180 182 191 205 206 212 214 235 236
74 286
75 323 85 89 94 95 97 102 110 116 117 123 124 128 129 142 147 162 173 178 180 182 191 205 206 207 212 214 216 235 236 241 247
76 390
77 281 85 89 94 95 97 102 110 117 123 124 128 142 147 162 180 182 191 205 206 212 214 235 236 241
78 329
79 476 85 97 128 162 206 212 235
80 250 85 89 94 95 97 102 117 123 124 128 147 162 182 205 206 212 214 235 236
81 274 128 162 235
82 458
83 252
84 290
85 448 86 89 90 94 95 96 97 98 100 101 102 104 105 107 108 109 110 111 113 114 115 116 117 123 124 127 128 129 131 132 134 135 136 140 142 143 144 145 147 149 151 152 153 155 158 161 162 164 168 169 173 174 175 177 178 179 180 182 184 186 189 190 191 192 193 197 200 203 205 206 207 209 211 212 214 215 216 217 219 221 222 224 228 230 232 233 234 235 236 237 241 242 243 245 246 247
86 271 89 94 95 97 102 117 123 124 128 142 147 162 182 191 205 206 212 214 235 236
87 281
88 394 128 162 235
89 287 90 94 95 96 97 98 100 101 102 104 105 108 109 110 111 114 115 116 117 123 124 127 128 129 131 132 134 136 140 142 143 144 145 147 149 151 152 153 155 158 161 162 168 169 173 174 175 177 178 179 180 182 184 186 189 190 191 192 197 200 203 205 206 207 209 211 212 214 215 216 217 219 221 222 224 230 232 233 235 236 237 241 242 243 245 246 247
90 319 94 95 97 102 104 110 116 117 123 124 128 129 142 145 147 152 162 168 173 178 180 182 191 205 206 207 212 214 216 217 235 236 241 247
91 357
92 256
93 387 128 162 235
94 449 95 96 97 98 100 101 102 104 105 108 109 110 111 114 115 116 117 123 124 127 128 129 131 132 134 136 140 142 143 144 145 147 149 151 152 153 155 158 161 162 168 169 173 174 175 177 178 179 180 182 184 186 189 190 191 192 197 200 203 205 206 207 209 211 212 214 215 216 217 219 222 224 230 232 233 235 236 241 242 243 246 247
95 264 96 97 98 100 101 102 104 105 108 109 110 111 114 115 116 117 123 124 127 128 129 131 132 134 136 140 142 143 144 145 147 149 151 152 153 155 158 161 162 168 169 173 174 175 177 178 179 180 182 184 186 189 190 191 192 197 200 203 205 206 207 209 211 212 214 215 216 217 219 222 224 230 232 233 235 236 241 242 243 246 247
96 287 97 102 117 123 124 128 147 162 182 205 206 212 214 235 236
97 384 98 100 101 102 104 105 107 108 109 110 111 113 114 115 116 117 123 124 127 128 129 131 132 134 135 136 140 142 143 144 145 147 149 151 152 153 155 158 161 162 164 168 169 173 174 175 177 178 179 180 182 184 186 189 190 191 192 193 197 200 203 205 206 207 209 211 212 214 215 216 217 219 221 222 224 228 230 232 233 234 235 236 237 241 242 243 245 246 247
98 281 102 117 123 124 128 147 162 182 191 205 206 212 214 235 236
99 335
100 433 101 102 104 108 109 110 114 115 116 117 123 124 128 129 136 142 144 145 147 152 162 168 169 173 177 178 180 182 191 205 206 207 211 212 214 215 216 217 222 235 236 241 247
101 271 102 104 108 109 110 114 115 116 117 123 124 128 129 136 140 142 144 145 147 152 162 168 169 173 175 177 178 180 182 191 205 206 207 211 212 214 215 216 217 222 224 235 236 241 247
102 296 104 105 108 109 110 111 114 115 116 117 123 124 127 128 129 131 132 134 136 140 142 143 144 145 147 149 151 152 153 155 158 161 162 168 169 173 174 175 177 178 179 180 182 184 186 189 190 191 192 197 200 203 205 206 207 209 211 212 214 215 216 217 219 222 224 230 232 233 235 236 241 242 243 246 247
103 424
104 265 108 109 110 114 115 116 117 123 124 128 129 136 140 142 144 145 147 152 155 158 162 168 169 173 175 177 178 179 180 182 184 186 189 191 197 200 205 206 207 209 211 212 214 215 216 217 222 224 230 232 235 236 241 246 247
105 311 110 117 123 124 128 129 142 147 162 178 180 182 191 205 206 212 214 216 235 236 241
106 391
107 259 124 128 162 182 205 206 212 235
108 350 109 110 114 115 116 117 123 124 128 129 136 140 142 144 145 147 152 162 168 169 173 175 177 178 180 182 186 191 205 206 207 211 212 214 215 216 217 222 224 235 236 241 247
109 467 110 114 115 116 117 123 124 128 129 136 142 144 145 147 152 162 168 169 173 175 177 178 180 182 191 205 206 207 211 212 214 215 216 217 222 224 235 236 241 247
110 254 114 115 116 117 123 124 127 128 129 131 134 136 140 142 143 144 145 147 149 151 152 153 155 158 161 162 168 169 173 175 177 178 179 180 182 184 186 189 191 197 200 203 205 206 207 209 211 212 214 215 216 217 222 224 230 232 233 235 236 241 246 247
111 279 117 123 124 128 142 147 162 180 182 191 205 206 212 214 235 236 241
112 387
113 264 128 162 206 212 235
114 349 115 116 117 123 124 128 129 136 140 142 144 145 147 152 162 168 169 173 175 177 178 179 180 182 186 191 200 205 206 207 211 212 214 215 216 217 222 224 235 236 241 247
115 463 116 117 123 124 128 129 136 140 142 144 145 147 152 162 168 169 173 175 177 178 180 182 191 205 206 207 211 212 214 215 216 217 222 224 235 236 241 247
116 257 117 123 124 127 128 129 131 134 136 140 142 144 145 147 151 152 153 155 158 162 168 169 173 175 177 178 179 180 182 184 186 189 191 197 200 205 206 207 209 211 212 214 215 216 217 222 224 230 232 233 235 236 241 246 247
117 280 123 124 127 128 129 131 132 134 136 140 142 143 144 145 147 149 151 152 153 155 158 161 162 168 169 173 174 175 177 178 179 180 182 184 186 189 190 191 192 197 200 203 205 206 207 209 211 212 214 215 216 217 219 222 224 230 232 233 235 236 241 242 243 246 247
118 421
119 255
120 324
121 442
122 270
123 288 124 127 128 129 131 132 134 136 140 142 143 144 145 147 149 151 152 153 155 158 161 162 168 169 173 174 175 177 178 179 180 182 184 186 189 190 191 192 197 200 203 205 206 207 209 211 212 214 215 216 217 219 221 222 224 230 232 233 235 236 241 242 243 245 246 247
124 421 127 128 129 131 132 134 135 136 140 142 143 144 145 147 149 151 152 153 155 158 161 162 164 168 169 173 174 175 177 178 179 180 182 184 186 189 190 191 192 193 197 200 203 205 206 207 209 211 212 214 215 216 217 219 221 222 224 230 232 233 235 236 237 241 242 243 245 246 247
125 255
126 324
127 410 128 129 142 147 162 168 173 178 180 182 191 205 206 207 212 214 216 235 236 241 247
128 286 129 131 132 134 135 136 140 142 143 144 145 147 149 151 152 153 155 158 161 162 164 168 169 173 174 175 177 178 179 180 182 183 184 186 189 190 191 192 193 197 200 203 205 206 207 209 211 212 214 215 216 217 219 221 222 224 228 230 232 233 234 235 236 237 241 242 243 245 246 247
129 304 131 134 136 140 142 144 145 147 149 151 152 153 155 158 161 162 168 169 173 175 177 178 179 180 182 184 186 189 191 197 200 205 206 207 209 211 212 214 215 216 217 222 224 230 232 233 235 236 241 246 247
130 392
131 273 142 145 147 162 168 173 178 180 182 191 205 206 207 212 214 216 235 236 241 247
132 335 142 147 162 180 182 191 205 206 212 214 235 236
133 397
134 252 142 147 162 173 178 180 182 191 205 206 207 212 214 216 235 236 241 247
135 351 162 205 206 212 235
136 414 140 142 144 145 147 152 155 158 162 168 169 173 175 177 178 179 180 182 184 186 191 200 205 206 207 209 211 212 214 215 216 217 222 224 232 235 236 241 247
137 278
138 308
139 390
140 281 142 144 145 147 152 162 168 173 177 178 180 182 191 205 206 207 211 212 214 216 217 222 235 236 241 247
141 329
142 450 143 144 145 147 149 151 152 153 155 158 161 162 168 169 173 174 175 177 178 179 180 182 184 186 189 190 191 192 197 200 203 205 206 207 209 211 212 214 215 216 217 222 224 230 232 233 235 236 241 246 247
143 252 147 162 180 182 191 205 206 212 214 235 236 241
144 298 145 147 152 162 168 169 173 175 177 178 180 182 186 191 205 206 207 211 212 214 215 216 217 222 224 235 236 241 247
145 377 147 151 152 153 155 158 162 168 169 173 175 177 178 179 180 182 184 186 189 191 197 200 205 206 207 209 211 212 214 215 216 217 222 224 230 232 235 236 241 246 247
146 299
147 324 149 151 152 153 155 158 161 162 168 169 173 174 175 177 178 179 180 182 184 186 189 190 191 192 197 200 203 205 206 207 209 211 212 214 215 216 217 219 221 222 224 230 232 233 235 236 241 242 243 245 246 247
148 434
149 264 162 178 180 182 191 205 206 212 214 216 235 236 241
150 302
151 453 152 162 168 173 178 180 182 191 205 206 207 212 214 216 235 236 241 247
152 271 153 155 158 162 168 169 173 175 177 178 179 180 182 184 186 189 191 197 200 205 206 207 209 211 212 214 215 216 217 222 224 230 232 235 236 241 246 247
153 276 162 168 173 178 180 182 191 205 206 207 212 214 216 235 236 241 247
154 469
155 257 162 168 173 178 180 182 191 205 206 207 212 214 216 217 235 236 241 247
156 274
157 401
158 256 162 168 173 178 180 182 191 205 206 207 211 212 214 216 217 235 236 241 247
159 343
160 396
161 285 162 180 182 191 205 206 212 214 216 235 236 241
162 319 164 168 169 173 174 175 177 178 179 180 182 183 184 186 189 190 191 192 193 196 197 200 203 205 206 207 209 211 212 214 215 216 217 219 221 222 224 228 230 231 232 233 234 235 236 237 238 241 242 243 245 246 247
163 413
164 290 205 206 212 235
165 297
166 366
167 259
168 375 169 173 175 177 178 179 180 182 184 186 189 191 197 200 205 206 207 209 211 212 214 215 216 217 222 224 230 232 233 235 236 241 246 247
169 461 173 177 178 180 182 191 205 206 207 211 212 214 215 216 217 222 235 236 241 247
170 253
171 286
172 374
173 263 175 177 178 179 180 182 184 186 189 191 197 200 205 206 207 209 211 212 214 215 216 217 222 224 230 232 233 235 236 241 246 247
174 363 180 182 191 205 206 212 214 235 236
175 390 177 178 180 182 191 205 206 207 211 212 214 215 216 217 222 235 236 241 247
176 292
177 318 178 180 182 191 205 206 207 211 212 214 215 216 217 222 224 235 236 241 247
178 414 179 180 182 184 186 189 191 197 200 205 206 207 209 211 212 214 215 216 217 222 224 230 232 233 235 236 241 246 247
179 257 180 182 191 205 206 207 211 212 214 216 217 235 236 241 247
180 329 182 184 186 189 190 191 192 197 200 203 205 206 207 209 211 212 214 215 216 217 222 224 230 232 233 235 236 241 246 247
181 490
182 254 184 186 189 190 191 192 197 200 203 205 206 207 209 211 212 214 215 216 217 219 221 222 224 230 232 233 235 236 237 241 242 243 245 246 247
183 256 235
184 350 191 205 206 207 212 214 216 217 235 236 241 247
185 258
186 392 191 205 206 207 211 212 214 216 217 235 236 241 247
187 488
188 250
189 262 191 205 206 207 212 214 216 217 235 236 241 247
190 459 191 205 206 212 214 235 236 241
191 269 192 197 200 203 205 206 207 209 211 212 214 215 216 217 222 224 230 232 233 235 236 241 246 247
192 272 205 206 212 214 235 236
193 383 205 206 212 235
194 303
195 314
196 477 235
197 252 205 206 207 212 214 216 217 235 236 241 247
198 271
199 457
200 265 205 206 207 211 212 214 216 217 235 236 241 247
201 278
202 496
203 250 205 206 212 214 235 236 241
204 254
205 356 206 207 209 211 212 214 215 216 217 219 221 222 224 230 232 233 235 236 237 241 242 243 245 246 247
206 271 207 209 211 212 214 215 216 217 219 221 222 224 230 232 233 235 236 237 241 242 243 245 246 247
207 373 209 211 212 214 215 216 217 222 224 230 232 233 235 236 241 246 247
208 373
209 281 212 214 216 217 235 236 241 247
210 346
211 368 212 214 215 216 217 222 224 232 235 236 241 247
212 315 214 215 216 217 219 221 222 224 230 232 233 235 236 237 241 242 243 245 246 247
213 317
214 403 215 216 217 219 221 222 224 230 232 233 235 236 241 242 243 245 246 247
215 290 216 217 222 224 235 236 241 247
216 307 217 222 224 230 232 233 235 236 241 246 247
217 374 222 224 230 232 235 236 241 246 247
218 264
219 362 235 236
220 487
221 253 235 236
222 260 224 235 236 241 247
223 407
224 253 235 236 241 247
225 340
226 466
227 254
228 280 235
229 382
230 285 235 236 241 247
231 333 235
232 369 235 236 241 247
233 269 235 236 241 247
234 362 235
235 433 236 237 238 241 242 243 245 246 247
236 267 241 242 243 245 246 247
237 300
238 367
239 311
240 322
241 381 246 247
242 273
243 346
244 481
245 250
246 269 247
247 430
248 260
249 310
