250 150
1 42
2 69 10 16 40 57 67 138
3 67 8 10 16 23 25 26 33 36 40 47 49 51 54 57 60 67 70 86 89 100 108 109 116 121 128 138 143 149 150 152 154 165 166 180 181 183 193 195 197 206 209 216 222 225 237 240 241 242 243
4 57 10 16 23 33 40 49 54 57 67 128 138 143 150 216 225
5 93 8 10 16 21 23 25 26 33 36 40 47 49 51 52 53 54 57 60 67 70 86 89 90 94 100 101 108 109 116 120 121 125 128 138 143 149 150 152 154 165 166 180 181 183 185 190 191 193 195 197 206 209 211 216 222 225 237 240 241 242 243
6 90 10 16 23 25 33 36 40 47 49 54 57 67 108 116 128 138 143 150 193 197 206 209 216 222 225 240 241
7 38
8 36 10 15 16 21 23 25 26 32 33 36 40 47 49 51 52 53 54 55 57 60 66 67 69 70 79 85 86 89 90 94 98 100 101 104 105 108 109 114 115 116 120 121 125 128 138 141 143 149 150 152 154 161 165 166 170 180 181 183 185 190 191 193 195 197 199 204 206 209 211 214 216 217 219 222 223 225 228 236 237 240 241 242 243 248 249 250
9 45
10 42 12 13 15 16 21 22 23 25 26 27 32 33 35 36 37 38 40 41 42 44 46 47 49 51 52 53 54 55 57 60 65 66 67 68 69 70 71 73 76 77 79 80 81 85 86 87 89 90 93 94 96 98 100 101 102 104 105 108 109 114 115 116 119 120 121 125 128 131 132 133 137 138 139 141 142 143 144 146 147 149 150 152 154 157 161 163 164 165 166 167 170 171 172 178 180 181 183 185 186 190 191 193 195 196 197 198 199 201 204 205 206 209 211 212 214 216 217 218 219 222 223 224 225 227 228 232 234 236 237 238 240 241 242 243 247 248 249 250
11 33
12 79 16 23 33 36 40 49 54 57 67 108 116 128 138 143 150 197 206 209 216 222 225 240
13 27 16 23 33 40 49 54 57 67 108 116 128 138 143 150 197 206 216 222 225 240
14 57
15 44 16 21 23 25 26 33 36 40 47 49 51 54 57 60 67 70 86 89 100 108 109 116 120 121 128 138 143 149 150 152 154 165 166 180 181 183 190 193 195 197 206 209 216 222 225 237 240 241 242 243
16 84 21 23 25 26 27 32 33 35 36 37 38 40 41 42 44 46 47 49 51 52 53 54 55 57 60 65 66 67 69 70 71 73 76 79 81 85 86 87 89 90 93 94 96 98 100 101 102 104 105 108 109 114 115 116 119 120 121 125 128 131 132 133 137 138 139 141 142 143 144 146 147 149 150 152 154 157 161 163 164 165 166 167 170 171 172 180 181 183 185 190 191 193 195 196 197 198 199 201 204 205 206 209 211 212 214 216 217 218 219 222 223 224 225 228 234 236 237 238 240 241 242 243 247 248 249 250
17 86
18 92
19 46
20 38
21 85 23 25 26 33 36 40 47 49 51 52 53 54 55 57 60 67 70 86 89 90 94 100 101 108 109 114 115 116 120 121 125 128 138 143 149 150 152 154 165 166 170 180 181 183 185 190 191 193 195 197 199 206 209 211 216 217 222 225 236 237 240 241 242 243 248 250
22 33 40
23 82 25 26 27 32 33 35 36 37 38 40 41 42 44 46 47 49 51 52 53 54 55 57 60 65 66 67 69 70 73 76 79 81 85 86 89 90 93 94 96 98 100 101 102 104 105 108 109 114 115 116 119 120 121 125 128 131 132 133 137 138 139 141 142 143 144 147 149 150 152 154 157 161 164 165 166 167 170 171 180 181 183 185 190 191 193 195 197 198 199 201 204 205 206 209 211 214 216 217 218 219 222 223 224 225 228 234 236 237 238 240 241 242 243 247 248 249 250
24 73
25 49 26 27 32 33 36 40 47 49 51 52 53 54 55 57 60 65 66 67 69 70 79 85 86 89 90 93 94 98 100 101 104 105 108 109 114 115 116 119 120 121 125 128 138 141 142 143 144 149 150 152 154 157 161 164 165 166 170 180 181 183 185 190 191 193 195 197 198 199 204 206 209 211 214 216 217 218 219 222 223 225 228 236 237 240 241 242 243 247 248 249 250
26 70 33 36 40 47 49 51 52 53 54 55 57 60 66 67 70 86 89 90 94 100 101 108 109 114 115 116 120 121 125 128 138 143 149 150 152 154 165 166 170 180 181 183 185 190 191 193 195 197 199 204 206 209 211 214 216 217 222 223 225 228 236 237 240 241 242 243 248 250
27 59 33 36 40 49 54 57 67 108 116 128 138 143 150 197 206 209 216 222 225 240
28 23
29 57
30 72
31 74
32 69 33 36 40 47 49 51 54 57 60 67 70 89 100 108 116 128 138 143 150 152 165 181 193 195 197 206 209 216 222 225 240 241 242
33 33 35 36 37 38 40 41 42 44 46 47 49 51 52 53 54 55 57 60 65 66 67 69 70 73 76 79 81 85 86 89 90 93 94 96 98 100 101 102 104 105 108 109 114 115 116 119 120 121 125 128 131 132 133 137 138 139 141 142 143 144 147 149 150 152 154 157 161 164 165 166 167 170 171 180 181 183 185 190 191 193 195 197 198 199 201 204 205 206 209 211 214 216 217 218 219 222 223 224 225 228 236 237 238 240 241 242 243 247 248 249 250
34 42
35 28 40 49 54 57 67 116 128 138 143 150 197 216 225 240
36 46 37 40 47 49 51 52 53 54 55 57 60 65 66 67 69 70 79 85 86 89 90 93 94 98 100 101 104 105 108 109 114 115 116 119 120 121 125 128 138 141 142 143 144 149 150 152 154 157 161 164 165 166 170 180 181 183 185 190 191 193 195 197 198 199 204 205 206 209 211 214 216 217 218 219 222 223 225 228 236 237 240 241 242 243 247 248 249 250
37 30 40 49 54 57 67 108 116 128 138 143 150 197 206 209 216 222 225 240
38 64 40 49 54 57 67 116 128 138 143 150 197 206 216 222 225 240
39 29
40 74 41 42 44 46 47 49 51 52 53 54 55 57 60 65 66 67 68 69 70 71 73 76 77 79 80 81 85 86 87 89 90 93 94 96 98 100 101 102 104 105 108 109 114 115 116 119 120 121 125 128 131 132 133 137 138 139 141 142 143 144 146 147 149 150 152 154 157 161 163 164 165 166 167 170 171 172 178 180 181 183 185 186 190 191 193 195 196 197 198 199 201 204 205 206 209 211 212 214 216 217 218 219 222 223 224 225 228 234 236 237 238 240 241 242 243 247 248 249 250
41 41 49 54 57 67 138 143 150
42 49 49 54 57 67 116 128 138 143 150 197 216 225 240
43 55
44 98 49 54 57 67 108 116 128 138 143 150 197 206 209 216 222 225 240
45 80
46 32 49 54 57 67 116 128 138 143 150 197 206 216 222 225 240
47 25 49 51 52 53 54 55 57 60 65 66 67 69 70 79 85 86 89 90 93 94 98 100 101 104 105 108 109 114 115 116 119 120 121 125 128 138 141 142 143 144 149 150 152 154 157 161 164 165 166 170 180 181 183 185 190 191 193 195 197 199 204 206 209 211 214 216 217 218 219 222 223 225 228 236 237 240 241 242 243 247 248 249 250
48 38
49 82 51 52 53 54 55 57 60 65 66 67 69 70 73 76 79 81 85 86 89 90 93 94 96 98 100 101 102 104 105 108 109 114 115 116 119 120 121 125 128 131 132 133 137 138 139 141 142 143 144 147 149 150 152 154 157 161 164 165 166 167 170 171 180 181 183 185 190 191 193 195 197 198 199 201 204 205 206 209 211 214 216 217 218 219 222 223 224 225 228 236 237 238 240 241 242 243 247 248 249 250
50 30
51 35 52 53 54 55 57 60 66 67 69 70 79 85 86 89 90 93 94 98 100 101 104 105 108 109 114 115 116 120 121 125 128 138 141 142 143 149 150 152 154 161 165 166 170 180 181 183 185 190 191 193 195 197 199 204 206 209 211 214 216 217 219 222 223 225 228 236 237 240 241 242 243 247 248 249 250
52 39 53 54 57 60 67 70 86 89 90 94 100 101 108 109 115 116 120 121 125 128 138 143 149 150 152 154 165 166 180 181 183 185 190 191 193 195 197 199 206 209 211 216 222 225 237 240 241 242 243 248 250
53 57 54 57 60 67 70 86 89 90 94 100 101 108 109 115 116 120 121 125 128 138 143 149 150 152 154 165 166 180 181 183 185 190 191 193 195 197 199 206 209 211 216 222 225 237 240 241 242 243
54 84 55 57 60 65 66 67 69 70 73 76 79 81 85 86 89 90 93 94 96 98 100 101 102 104 105 108 109 114 115 116 119 120 121 125 128 131 132 133 137 138 139 141 142 143 144 147 149 150 152 154 157 161 164 165 166 167 170 171 180 181 183 185 190 191 193 195 197 198 199 201 204 205 206 209 211 214 216 217 218 219 222 223 224 225 228 236 237 238 240 241 242 243 247 248 249 250
55 62 57 60 67 70 86 89 100 108 109 116 120 121 128 138 143 149 150 152 154 165 166 180 181 183 190 193 195 197 206 209 216 222 225 237 240 241 242 243
56 50
57 55 60 65 66 67 69 70 71 73 76 79 81 85 86 87 89 90 93 94 96 98 100 101 102 104 105 108 109 114 115 116 119 120 121 125 128 131 132 133 137 138 139 141 142 143 144 146 147 149 150 152 154 157 161 163 164 165 166 167 170 171 172 180 181 183 185 190 191 193 195 196 197 198 199 201 204 205 206 209 211 212 214 216 217 218 219 222 223 224 225 228 234 236 237 238 240 241 242 243 247 248 249 250
58 27
59 30
60 36 66 67 69 70 79 85 86 89 90 93 94 98 100 101 104 105 108 109 114 115 116 120 121 125 128 138 141 142 143 144 149 150 152 154 157 161 165 166 170 180 181 183 185 190 191 193 195 197 199 204 206 209 211 214 216 217 219 222 223 225 228 236 237 240 241 242 243 247 248 249 250
61 20
62 78
63 47
64 26
65 45 67 108 116 128 138 143 150 193 197 206 209 216 222 225 240
66 41 67 70 86 89 100 108 109 116 120 121 128 138 143 149 150 152 154 165 166 180 181 183 193 195 197 206 209 216 222 225 237 240 241 242 243
67 58 69 70 71 73 76 79 81 85 86 87 89 90 93 94 96 98 100 101 102 104 105 108 109 114 115 116 119 120 121 125 128 131 132 133 137 138 139 141 142 143 144 146 147 149 150 152 154 157 161 163 164 165 166 167 170 171 172 180 181 183 185 190 191 193 195 196 197 198 199 201 204 205 206 209 211 212 214 216 217 218 219 222 223 224 225 228 234 236 237 238 240 241 242 243 247 248 249 250
68 98
69 91 70 89 100 108 116 128 138 143 150 152 165 181 193 195 197 206 209 216 222 225 240 241 242
70 96 79 85 86 89 90 94 98 100 101 104 105 108 109 114 115 116 120 121 125 128 138 141 143 149 150 152 154 161 165 166 170 180 181 183 185 190 191 193 195 197 199 204 206 209 211 214 216 217 219 222 223 225 228 236 237 240 241 242 243 248 249 250
71 73 138
72 84
73 37 116 128 138 143 150 197 216 225 240
74 93
75 91
76 43 116 128 138 143 150 197 216 225 240
77 73
78 85
79 81 89 100 108 109 116 121 128 138 143 149 150 152 165 166 180 181 183 193 195 197 206 209 216 222 225 237 240 241 242 243
80 79
81 71 108 116 128 138 143 150 197 206 216 222 225 240
82 80
83 76
84 83
85 41 89 100 108 116 128 138 143 149 150 152 165 181 193 195 197 206 209 216 222 225 237 240 241 242
86 78 89 90 94 100 101 108 109 114 115 116 120 121 125 128 138 143 149 150 152 154 165 166 170 180 181 183 185 190 191 193 195 197 199 204 206 209 211 214 216 217 222 223 225 228 236 237 240 241 242 243 248 250
87 70 138
88 23
89 42 90 93 94 98 100 101 104 105 108 109 114 115 116 120 121 125 128 138 141 142 143 149 150 152 154 161 165 166 170 180 181 183 185 190 191 193 195 197 199 204 206 209 211 214 216 217 219 222 223 225 228 236 237 240 241 242 243 247 248 249 250
90 87 94 100 101 108 109 115 116 120 121 125 128 138 143 149 150 152 154 165 166 180 181 183 185 190 191 193 195 197 199 206 209 211 216 222 225 237 240 241 242 243 250
91 43
92 84
93 60 100 108 116 128 138 143 150 152 165 193 195 197 206 209 216 222 225 240 241 242
94 55 100 101 108 109 114 115 116 120 121 125 128 138 143 149 150 152 154 165 166 170 180 181 183 185 190 191 193 195 197 199 206 209 211 216 222 225 236 237 240 241 242 243 248 250
95 49
96 78 116 128 138 143 150 197 206 216 222 225 240
97 73
98 62 100 108 116 128 138 143 150 152 165 181 193 195 197 206 209 216 222 225 240 241 242
99 36
100 44 101 104 105 108 109 114 115 116 120 121 125 128 138 141 142 143 144 149 150 152 154 161 165 166 170 180 181 183 185 190 191 193 195 197 199 204 206 209 211 214 216 217 219 222 223 225 228 236 237 240 241 242 243 247 248 249 250
101 94 108 109 114 115 116 120 121 125 128 138 143 149 150 152 154 165 166 180 181 183 185 190 191 193 195 197 199 206 209 211 216 222 225 237 240 241 242 243 248 250
102 69 116 128 138 143 150 197 216 225 240
103 32
104 96 108 116 128 138 143 150 152 165 181 193 195 197 206 209 216 222 225 240 241 242
105 70 108 116 128 138 143 150 152 165 181 193 195 197 206 209 216 222 225 240 241 242
106 84
107 58
108 78 109 114 115 116 119 120 121 125 128 138 141 142 143 144 147 149 150 152 154 157 161 164 165 166 170 171 180 181 183 185 190 191 193 195 197 198 199 204 205 206 209 211 214 216 217 218 219 222 223 225 228 236 237 240 241 242 243 247 248 249 250
109 25 114 115 116 120 121 125 128 138 143 149 150 152 154 165 166 170 180 181 183 185 190 191 193 195 197 199 204 206 209 211 214 216 217 222 223 225 228 236 237 240 241 242 243 248 250
110 80
111 58
112 66
113 83
114 24 116 120 121 125 128 138 143 149 150 152 154 165 166 180 181 183 190 193 195 197 206 209 216 222 225 237 240 241 242 243
115 98 116 120 121 125 128 138 143 149 150 152 154 165 166 180 181 183 185 190 191 193 195 197 206 209 211 216 222 225 237 240 241 242 243
116 60 119 120 121 125 128 131 132 138 139 141 142 143 144 147 149 150 152 154 157 161 164 165 166 170 171 180 181 183 185 190 191 193 195 197 198 199 201 204 205 206 209 211 214 216 217 218 219 222 223 225 228 236 237 240 241 242 243 247 248 249 250
117 42
118 43
119 43 128 138 143 150 193 197 206 209 216 222 225 240 241
120 39 121 125 128 138 143 149 150 152 154 165 166 170 180 181 183 185 190 191 193 195 197 199 204 206 209 211 216 217 222 223 225 228 236 237 240 241 242 243 248 250
121 97 125 128 138 143 149 150 152 154 165 166 170 180 181 183 185 190 191 193 195 197 199 204 206 209 211 214 216 217 222 223 225 228 236 237 240 241 242 243 248 250
122 57
123 81
124 62
125 75 128 138 143 149 150 152 154 165 166 180 181 183 185 190 191 193 195 197 199 206 209 211 216 222 225 237 240 241 242 243 248 250
126 81
127 23
128 43 131 132 133 138 139 141 142 143 144 147 149 150 152 154 157 161 164 165 166 167 170 171 180 181 183 185 190 191 193 195 197 198 199 201 204 205 206 209 211 214 216 217 218 219 222 223 225 228 236 237 238 240 241 242 243 247 248 249 250
129 50
130 38
131 60 138 143 150 197 216 225 240
132 58 138 143 150 197 216 225 240
133 70 138 143 150 197 216 225 240
134 88
135 36
136 90
137 37 138 143 150 216
138 45 139 141 142 143 144 146 147 149 150 152 154 157 161 163 164 165 166 167 170 171 172 180 181 183 185 190 191 193 195 196 197 198 199 201 204 205 206 209 211 212 214 216 217 218 219 222 223 224 225 228 234 236 237 238 240 241 242 243 247 248 249 250
139 45 143 150 197 206 216 222 225 240
140 39
141 44 143 150 152 165 193 195 197 206 209 216 222 225 240 241 242
142 53 143 150 152 165 193 197 206 209 216 222 225 240 241 242
143 70 144 147 149 150 152 154 157 161 164 165 166 167 170 171 180 181 183 185 190 191 193 195 197 198 199 201 204 205 206 209 211 214 216 217 218 219 222 223 224 225 228 236 237 238 240 241 242 243 247 248 249 250
144 24 150 152 165 193 197 206 209 216 222 225 240 241 242
145 82
146 81
147 47 150 197 206 216 222 225 240
148 97
149 35 150 152 154 161 165 166 170 180 181 183 185 190 191 193 195 197 199 204 206 209 211 214 216 217 222 223 225 228 236 237 240 241 242 243 248 249 250
150 65 152 154 157 161 164 165 166 167 170 171 180 181 183 185 190 191 193 195 197 198 199 201 204 205 206 209 211 214 216 217 218 219 222 223 224 225 228 236 237 238 240 241 242 243 247 248 249 250
151 74
152 68 154 157 161 165 166 170 180 181 183 185 190 191 193 195 197 199 204 206 209 211 214 216 217 219 222 223 225 228 236 237 240 241 242 243 247 248 249 250
153 49
154 55 165 166 170 180 181 183 185 190 191 193 195 197 199 204 206 209 211 214 216 217 222 223 225 228 236 237 240 241 242 243 248 250
155 52
156 94
157 95 193 197 206 209 216 222 225 240 241 242
158 29
159 99
160 20
161 22 165 181 193 195 197 206 209 216 222 225 240 241 242
162 25
163 49
164 46 193 197 206 209 216 222 225 240 241
165 98 166 170 180 181 183 185 190 191 193 195 197 199 204 206 209 211 214 216 217 219 222 223 225 228 236 237 240 241 242 243 247 248 249 250
166 59 170 180 181 183 185 190 191 193 195 197 199 204 206 209 211 214 216 217 222 223 225 228 236 237 240 241 242 243 248 249 250
167 98 197 216 225 240
168 60
169 23
170 72 180 181 183 190 193 195 197 206 209 216 222 225 237 240 241 242 243
171 33 197 206 216 222 225 240
172 98
173 80
174 95
175 78
176 57
177 67
178 53
179 47
180 53 181 183 185 190 191 193 195 197 199 204 206 209 211 214 216 217 222 223 225 228 236 237 240 241 242 243 248 249 250
181 36 183 185 190 191 193 195 197 199 204 206 209 211 214 216 217 219 222 223 225 228 236 237 240 241 242 243 248 249 250
182 38
183 92 185 190 191 193 195 197 199 204 206 209 211 214 216 217 222 223 225 228 236 237 240 241 242 243 248 250
184 30
185 80 190 191 193 195 197 199 206 209 211 216 222 225 237 240 241 242 243 250
186 32
187 97
188 39
189 80
190 72 191 193 195 197 199 206 209 211 216 217 222 225 236 237 240 241 242 243 248 250
191 55 193 195 197 199 206 209 211 216 222 225 237 240 241 242 243 250
192 41
193 60 195 197 199 204 206 209 211 214 216 217 218 219 222 223 225 228 236 237 240 241 242 243 247 248 249 250
194 67
195 53 197 199 204 206 209 211 214 216 217 219 222 223 225 228 236 237 240 241 242 243 247 248 249 250
196 65
197 95 198 199 201 204 205 206 209 211 214 216 217 218 219 222 223 225 228 236 237 238 240 241 242 243 247 248 249 250
198 20 206 209 216 222 225 240
199 66 206 209 211 216 222 225 237 240 241 242 243
200 78
201 98 206 216 222 225 240
202 47
203 100
204 85 206 209 216 222 225 237 240 241 242 243
205 53 206 209 216 222 225 240
206 53 209 211 214 216 217 218 219 222 223 225 228 236 237 240 241 242 243 247 248 249 250
207 67
208 27
209 22 211 214 216 217 218 219 222 223 225 228 236 237 240 241 242 243 247 248 249 250
210 61
211 43 216 222 225 237 240 241 242 243 250
212 52
213 76
214 64 216 222 225 237 240 241 242 243
215 61
216 29 217 218 219 222 223 224 225 228 236 237 238 240 241 242 243 247 248 249 250
217 30 222 225 237 240 241 242 243
218 46 222 225 240 241
219 79 222 225 240 241 242
220 66
221 27
222 79 223 225 228 236 237 240 241 242 243 247 248 249 250
223 98 225 237 240 241 242 243
224 90
225 22 228 236 237 238 240 241 242 243 247 248 249 250
226 75
227 57
228 67 237 240 241 242 243
229 36
230 70
231 99
232 48
233 43
234 45
235 71
236 100 237 240 241 242 243
237 88 240 241 242 243 248 249 250
238 48 240
239 27
240 39 241 242 243 247 248 249 250
241 38 242 243 247 248 249 250
242 100 243 247 248 249 250
243 60 248 250
244 42
245 20
246 69
247 24
248 23
249 92
250 32
