120 150
1 29
2 26
3 83
4 82
5 92
6 95
7 87
8 63
9 57
10 100
11 63
12 65
13 81
14 46 17 18 19 21 35 39 44 53 79 80 97 100
15 42
16 95
17 90 18 19 20 21 35 39 43 44 53 79 80 97 100 105 119
18 80 19 20 21 24 35 39 43 44 53 79 80 97 100 105 119
19 53 21 35 39 44 79 80 97 100
20 27 44 80 97 100
21 84 35 39 44 53 79 80 97 100
22 40
23 22
24 97 100
25 20
26 73
27 63
28 95
29 46
30 42
31 47
32 40
33 26
34 88
35 49 39 44 79 80 97 100
36 24
37 92
38 87
39 68 44 53 79 80 97 100
40 95
41 34
42 82
43 84 44 80 97 100
44 43 53 79 80 97 100 119
45 54
46 73
47 66
48 32
49 62
50 48
51 99
52 90
53 86 79 80 97 100
54 28
55 25
56 25
57 89
58 67
59 96
60 35
61 33
62 70
63 40
64 59
65 32
66 94
67 34
68 86
69 35
70 45
71 25
72 76
73 80
74 42
75 91
76 44
77 91
78 97
79 60 80 97 100
80 29 97 100 105 119
81 45
82 37
83 61
84 54
85 78
86 56
87 74
88 74
89 45
90 21
91 96
92 37
93 75
94 100
95 58
96 84
97 85 100 105 119
98 56
99 54
100 71 105 119
101 52
102 79
103 43
104 35
105 27
106 70
107 31
108 47
109 35
110 26
111 30
112 97
113 90
114 80
115 58
116 60
117 73
118 46
119 71
120 39
