120 1000
1 432 4 8 14 18 21 27 53 56 82 84 104 111 113 116
2 265
3 303 4 8 14 18 21 27 53 56 78 82 84 94 97 104 111 113 116
4 365 5 6 8 9 10 12 14 18 20 21 23 27 30 31 32 45 48 53 55 56 67 71 72 75 76 78 81 82 84 94 95 96 97 102 104 111 112 113 114 116 119
5 282 8 14 18 21 27 53 56 82 84 104 111 113
6 353 8 14 18 21 53 84 104 111 113
7 448
8 260 9 10 12 14 18 20 21 23 27 30 31 32 45 48 53 55 56 67 71 72 75 76 78 81 82 84 94 95 96 97 102 104 111 112 113 114 116 119
9 292 14 18 21 53 84 104 111 113
10 496 14 18 21 27 53 56 82 84 104 111 113
11 250
12 254 14 18 21 27 53 55 56 75 78 82 84 94 97 104 111 113 116
13 363
14 265 18 20 21 23 27 30 31 32 45 48 53 55 56 67 71 72 75 76 78 81 82 84 94 95 96 97 102 104 111 112 113 114 116 119
15 372
16 372
17 298
18 330 20 21 23 27 30 31 32 45 48 53 55 56 67 71 72 75 76 78 81 82 84 94 95 96 97 102 104 111 112 113 114 116 119
19 491
20 253 21 53 84 111 113
21 256 23 27 30 31 32 45 48 53 55 56 67 71 72 75 76 78 81 82 84 94 95 96 97 101 102 104 111 112 113 114 116 119 120
22 429
23 260 27 53 56 78 82 84 94 104 111 113 116
24 311
25 392
26 268
27 340 31 32 45 48 53 55 56 67 71 72 75 76 78 81 82 84 94 95 96 97 102 104 111 113 114 116 119
28 433
29 251
30 316 53 84 104 111 113
31 406 53 56 82 84 94 104 111 113 116
32 259 53 56 78 82 84 94 104 111 113 116
33 335
34 365
35 252
36 383
37 393
38 271
39 336
40 380
41 303
42 317
43 381
44 295
45 324 53 56 82 84 94 104 111 113 116
46 424
47 268
48 308 53 56 82 84 104 111 113
49 498
50 250
51 252
52 414
53 255 55 56 67 71 72 75 76 78 81 82 84 94 95 96 97 102 104 111 112 113 114 116 119
54 331
55 421 56 78 82 84 94 97 104 111 113 116
56 268 67 71 72 75 76 78 82 84 94 95 96 97 102 104 111 113 114 116 119
57 311
58 491
59 250
60 259
61 493
62 250
63 257
64 368
65 265
66 367
67 408 82 84 104 111 113
68 289
69 303
70 444
71 262 78 82 84 94 97 104 111 113 116
72 294 82 84 104 111 113 116
73 403
74 259
75 338 78 82 84 94 97 104 111 113 116
76 485 82 84 104 111 113
77 253
78 262 82 84 94 97 102 104 111 113 114 116
79 465
80 260
81 275 84 104 111 113
82 421 84 94 95 96 97 102 104 111 113 114 116 119
83 254
84 325 94 95 96 97 101 102 104 111 112 113 114 116 119 120
85 351
86 296
87 353
88 396
89 276
90 328
91 389
92 295
93 316
94 483 96 97 102 104 111 113 114 116
95 251 104 111 113
96 266 104 111 113 116
97 398 104 111 113 116
98 289
99 313
100 363
101 308 111
102 329 104 111 113 116
103 399
104 279 111 113 114 116 119
105 322
106 389
107 283
108 328
109 402
110 251
111 347 112 113 114 116 119 120
112 357 113
113 280 114 116 119
114 363 116
115 427
116 277
117 296
118 375
119 259
120 366
