500 150
1 42
2 69
3 67
4 57
5 93 87 134 150 225 262 264 276 284 309 343 367 447 460 475 485
6 90
7 38 10 14 21 45 51 53 56 60 79 87 92 100 126 133 134 135 138 147 149 150 151 153 156 162 165 167 170 171 179 190 202 216 223 225 229 235 246 262 264 276 282 284 309 325 327 334 343 346 357 362 367 376 396 405 406 421 426 429 430 433 441 446 447 460 461 464 469 471 475 476 485 489
8 36 14 21 79 87 126 134 150 153 156 162 179 216 225 229 235 262 264 276 284 309 343 362 367 447 460 475 476 485 489
9 45
10 42 14 21 53 79 87 92 126 134 135 138 150 151 153 156 162 170 171 179 202 216 225 229 235 262 264 276 284 309 325 334 343 346 362 367 376 429 433 446 447 460 475 476 485 489
11 33
12 79 79 87 126 134 150 153 156 179 216 225 229 262 264 276 284 309 343 362 367 447 460 475 476 485 489
13 27
14 57 19 21 25 45 51 53 56 60 68 79 87 92 100 126 133 134 135 138 147 149 150 151 153 156 162 165 167 170 171 173 176 179 187 190 201 202 216 223 225 229 235 246 262 264 276 277 282 284 309 325 327 334 343 346 357 362 367 376 396 405 406 421 426 429 430 433 441 446 447 460 461 464 469 471 475 476 485 489
15 44
16 84
17 86
18 92
19 46 21 53 79 87 126 134 135 138 150 151 153 156 162 171 179 202 216 225 229 235 262 264 276 284 309 325 343 362 367 376 429 447 460 475 476 485 489
20 38
21 85 25 45 51 53 56 60 68 79 87 92 100 126 133 134 135 138 147 149 150 151 153 156 162 165 167 170 171 173 176 179 187 190 202 216 223 225 229 235 246 262 264 276 277 282 284 309 325 327 334 343 346 357 362 367 376 396 405 406 421 426 429 430 433 441 446 447 460 461 464 469 471 475 476 485 489
22 33
23 82
24 73
25 49 53 79 87 126 134 135 138 150 151 153 156 162 171 179 202 216 225 229 235 262 264 276 284 309 343 362 367 376 429 447 460 475 476 485 489
26 70
27 59
28 23
29 57
30 72
31 74
32 69
33 33
34 42
35 28
36 46 87 225 309 367 460 475 485
37 30
38 64
39 29
40 74
41 41
42 49
43 55
44 98
45 80 53 79 87 92 126 134 135 138 150 151 153 156 162 170 171 179 202 216 225 229 235 262 264 276 284 309 325 343 346 362 367 376 429 433 446 447 460 475 476 485 489
46 32
47 25
48 38
49 82
50 30
51 35 53 56 79 87 92 126 134 135 138 147 150 151 153 156 162 167 170 171 179 202 216 225 229 235 262 264 276 282 284 309 325 327 334 343 346 362 367 376 429 433 446 447 460 469 475 476 485 489
52 39
53 57 56 60 68 79 87 92 100 126 133 134 135 138 147 149 150 151 153 156 162 165 167 170 171 173 176 179 187 190 202 216 223 225 229 235 246 262 264 276 277 282 284 309 325 327 334 343 346 357 362 367 376 396 405 406 421 426 429 430 433 441 446 447 460 461 464 469 471 475 476 485 489
54 84
55 62
56 50 60 79 87 92 100 126 133 134 135 138 147 150 151 153 156 162 165 167 170 171 179 190 202 216 225 229 235 246 262 264 276 282 284 309 325 327 334 343 346 362 367 376 421 426 429 433 446 447 460 461 464 469 475 476 485 489
57 55
58 27
59 30
60 36 79 87 92 100 126 134 135 138 147 150 151 153 156 162 167 170 171 179 190 202 216 225 229 235 262 264 276 282 284 309 325 327 334 343 346 362 367 376 421 429 433 446 447 460 461 464 469 475 476 485 489
61 20
62 78
63 47
64 26
65 45
66 41
67 58
68 98 79 87 126 134 135 138 150 151 153 156 162 171 179 202 216 225 229 235 262 264 276 284 309 343 362 367 376 429 447 460 475 476 485 489
69 91
70 96
71 73
72 84
73 37
74 93
75 91
76 43 79 87 126 134 150 153 156 225 229 262 264 276 284 309 343 362 367 447 460 475 485 489
77 73
78 85
79 81 87 92 100 115 126 133 134 135 138 147 149 150 151 153 156 162 165 167 170 171 173 176 179 187 190 201 202 216 223 225 229 235 238 246 250 262 264 276 277 282 284 287 309 325 327 334 343 346 357 362 367 376 396 405 406 421 426 429 430 433 441 446 447 460 461 464 469 471 475 476 485 487 489
80 79
81 71
82 80
83 76
84 83
85 41
86 78
87 70 92 100 115 126 133 134 135 138 145 147 149 150 151 153 154 156 162 165 167 170 171 173 176 179 185 187 190 201 202 207 216 218 223 225 229 235 238 246 250 262 264 276 277 278 282 284 287 309 324 325 327 334 343 346 357 362 367 376 396 405 406 421 426 429 430 433 438 441 446 447 449 460 461 464 469 471 475 476 479 485 487 489
88 23
89 42
90 87
91 43
92 84 100 126 133 134 135 138 147 149 150 151 153 156 162 165 167 170 171 179 190 202 216 223 225 229 235 246 262 264 276 282 284 309 325 327 334 343 346 357 362 367 376 396 405 406 421 426 429 430 433 441 446 447 460 461 464 469 471 475 476 485 489
93 60
94 55
95 49
96 78
97 73
98 62
99 36
100 44 126 134 135 138 147 150 151 153 156 162 167 170 171 179 190 202 216 225 229 235 262 264 276 282 284 309 325 327 334 343 346 362 367 376 421 429 433 446 447 460 461 464 469 475 476 485 489
101 94
102 69
103 32
104 96
105 70
106 84
107 58
108 78
109 25
110 80
111 58
112 66
113 83
114 24
115 98 126 134 150 153 156 225 229 262 264 276 284 309 343 362 367 447 460 475 476 485 489
116 60
117 42
118 43
119 43
120 39
121 97
122 57
123 81
124 62
125 75
126 81 133 134 135 138 147 149 150 151 153 154 156 162 165 167 170 171 173 176 179 185 187 190 201 202 216 218 223 225 229 235 238 246 250 262 264 276 277 282 284 287 309 325 327 334 343 346 357 362 367 376 396 405 406 421 426 429 430 433 438 441 446 447 460 461 464 469 471 475 476 479 485 487 489
127 23
128 43
129 50
130 38
131 60 225
132 58
133 70 134 135 138 150 151 153 156 162 167 170 171 179 202 216 225 229 235 262 264 276 284 309 325 334 343 346 362 367 376 429 433 446 447 460 469 475 476 485 489
134 88 135 138 147 149 150 151 153 154 156 162 165 167 170 171 173 176 179 185 187 190 201 202 216 218 223 225 229 235 238 246 250 262 264 276 277 278 282 284 287 309 324 325 327 334 343 346 357 362 367 376 396 405 406 421 426 429 430 433 438 441 446 447 460 461 464 469 471 475 476 479 485 487 489
135 36 138 147 149 150 151 153 156 162 165 167 170 171 173 179 190 202 216 223 225 229 235 246 262 264 276 277 282 284 309 325 327 334 343 346 357 362 367 376 396 405 406 421 426 429 430 433 441 446 447 460 461 464 469 471 475 476 485 489
136 90
137 37
138 45 147 149 150 151 153 156 162 165 167 170 171 173 176 179 187 190 202 216 223 225 229 235 246 262 264 276 277 282 284 309 325 327 334 343 346 357 362 367 376 396 405 406 421 426 429 430 433 441 446 447 460 461 464 469 471 475 476 485 489
139 45
140 39
141 44
142 53
143 70
144 24
145 82 225 309 367 460
146 81
147 47 150 151 153 156 162 167 170 171 179 190 202 216 225 229 235 246 262 264 276 282 284 309 325 327 334 343 346 362 367 376 421 429 433 446 447 460 461 464 469 475 476 485 489
148 97
149 35 150 151 153 156 162 170 171 179 202 216 225 229 235 262 264 276 284 309 325 334 343 346 362 367 376 429 433 446 447 460 475 476 485 489
150 65 151 153 154 156 162 165 167 170 171 173 176 179 185 187 190 201 202 216 218 223 225 229 235 238 246 250 262 264 276 277 278 282 284 287 309 324 325 327 334 343 346 357 362 367 376 396 405 406 421 426 429 430 433 438 441 446 447 460 461 464 469 471 475 476 479 485 487 489
151 74 153 156 162 165 167 170 171 173 179 190 202 216 223 225 229 235 246 262 264 276 277 282 284 309 325 327 334 343 346 357 362 367 376 396 405 406 421 426 429 430 433 441 446 447 460 461 464 469 471 475 476 485 489
152 68
153 49 156 162 165 167 170 171 173 176 179 187 190 201 202 216 223 225 229 235 238 246 250 262 264 276 277 282 284 287 309 325 327 334 343 346 357 362 367 376 396 405 406 421 426 429 430 433 441 446 447 460 461 464 469 471 475 476 485 487 489
154 55 156 225 262 264 276 284 309 343 362 367 447 460 475 485 489
155 52
156 94 162 165 167 170 171 173 176 179 187 190 201 202 216 223 225 229 235 238 246 250 262 264 276 277 282 284 287 309 325 327 334 343 346 357 362 367 376 396 405 406 421 426 429 430 433 438 441 446 447 460 461 464 469 471 475 476 479 485 487 489
157 95
158 29
159 99
160 20
161 22
162 25 165 167 170 171 173 176 179 187 190 201 202 216 223 225 229 235 246 262 264 276 277 282 284 309 325 327 334 343 346 357 362 367 376 396 405 406 421 426 429 430 433 441 446 447 460 461 464 469 471 475 476 485 489
163 49
164 46
165 98 167 170 171 179 202 216 225 229 235 262 264 276 284 309 325 334 343 346 362 367 376 429 433 446 447 460 469 475 476 485 489
166 59
167 98 170 171 179 190 202 216 225 229 235 246 262 264 276 282 284 309 325 327 334 343 346 362 367 376 396 421 426 429 433 446 447 460 461 464 469 475 476 485 489
168 60
169 23
170 72 171 179 190 202 216 223 225 229 235 246 262 264 276 282 284 309 325 327 334 343 346 362 367 376 396 405 406 421 426 429 433 446 447 460 461 464 469 475 476 485 489
171 33 179 190 202 216 223 225 229 235 246 262 264 276 282 284 309 325 327 334 343 346 357 362 367 376 396 405 406 421 426 429 430 433 441 446 447 460 461 464 469 471 475 476 485 489
172 98
173 80 179 216 225 229 235 262 264 276 284 309 343 362 367 376 447 460 475 476 485 489
174 95
175 78
176 57 179 216 225 229 235 262 264 276 284 309 343 362 367 447 460 475 476 485 489
177 67
178 53
179 47 187 190 201 202 216 223 225 229 235 238 246 262 264 276 277 282 284 287 309 325 327 334 343 346 357 362 367 376 396 405 406 421 426 429 430 433 441 446 447 460 461 464 469 471 475 476 485 489
180 53
181 36
182 38
183 92
184 30
185 80 225 262 264 276 284 309 343 367 447 460 475 485
186 32
187 97 216 225 229 235 262 264 276 284 309 343 362 367 447 460 475 476 485 489
188 39
189 80
190 72 202 216 225 229 235 262 264 276 282 284 309 325 327 334 343 346 362 367 376 429 433 446 447 460 461 469 475 476 485 489
191 55
192 41
193 60
194 67
195 53
196 65
197 95
198 20
199 66
200 78
201 98 216 225 229 235 262 264 276 284 309 343 362 367 447 460 475 476 485 489
202 47 216 223 225 229 235 246 262 264 276 277 282 284 309 325 327 334 343 346 357 362 367 376 396 405 406 421 426 429 430 433 441 446 447 460 461 464 469 471 475 476 485 489
203 100
204 85
205 53
206 53
207 67 225 309 367 460
208 27
209 22
210 61
211 43
212 52
213 76
214 64
215 61
216 29 223 225 229 235 238 246 262 264 276 277 282 284 287 309 325 327 334 343 346 357 362 367 376 396 405 406 421 426 429 430 433 441 446 447 460 461 464 469 471 475 476 485 489
217 30
218 46 225 262 264 276 284 309 343 367 447 460 475 485
219 79
220 66
221 27
222 79
223 98 225 229 235 262 264 276 284 309 325 334 343 346 362 367 376 429 433 446 447 460 475 476 485 489
224 90
225 22 229 235 238 246 250 262 264 276 277 278 282 284 287 309 324 325 327 334 343 346 357 362 367 376 395 396 405 406 421 426 429 430 433 438 441 446 447 449 460 461 464 469 471 475 476 479 485 487 489
226 75
227 57
228 67
229 36 235 238 246 262 264 276 277 282 284 287 309 325 327 334 343 346 357 362 367 376 396 405 406 421 426 429 430 433 441 446 447 460 461 464 469 471 475 476 485 487 489
230 70
231 99
232 48
233 43
234 45
235 71 246 262 264 276 277 282 284 309 325 327 334 343 346 357 362 367 376 396 405 406 421 426 429 430 433 441 446 447 460 461 464 469 471 475 476 485 489
236 100
237 88
238 48 262 264 276 284 309 343 362 367 447 460 475 476 485 489
239 27
240 39
241 38
242 100
243 60
244 42
245 20
246 69 262 264 276 282 284 309 325 327 334 343 346 362 367 376 429 433 446 447 460 469 475 476 485 489
247 24
248 23
249 92
250 32 262 264 276 284 309 343 362 367 447 460 475 485 489
251 84
252 36
253 65
254 84
255 34
256 68
257 64
258 33
259 69
260 27
261 47
262 21 264 276 277 278 282 284 287 309 324 325 327 334 343 346 357 362 367 376 396 405 406 421 426 429 430 433 438 441 446 447 460 461 464 469 471 475 476 479 485 487 489
263 85
264 88 276 277 282 284 287 309 325 327 334 343 346 357 362 367 376 396 405 406 421 426 429 430 433 438 441 446 447 460 461 464 469 471 475 476 479 485 487 489
265 59
266 61
267 50
268 53
269 37
270 75
271 64
272 84
273 74
274 57
275 83
276 28 277 278 282 284 287 309 324 325 327 334 343 346 357 362 367 376 396 405 406 421 426 429 430 433 438 441 446 447 460 461 464 469 471 475 476 479 485 487 489
277 31 284 309 343 362 367 376 447 460 475 476 485 489
278 97 284 309 367 447 460 475 485
279 61
280 36
281 46
282 37 284 309 325 327 334 343 346 362 367 376 421 429 433 446 447 460 461 464 469 475 476 485 489
283 96
284 80 287 309 324 325 327 334 343 346 357 362 367 376 396 405 406 421 426 429 430 433 438 441 446 447 460 461 464 469 471 475 476 479 485 487 489
285 53
286 51
287 68 309 343 362 367 447 460 475 476 485 489
288 90
289 64
290 81
291 66
292 67
293 80
294 37
295 92
296 67
297 64
298 31
299 94
300 45
301 80
302 28
303 76
304 29
305 64
306 38
307 48
308 40
309 29 324 325 327 334 343 346 357 362 367 376 396 405 406 421 426 429 430 433 438 441 446 447 449 460 461 464 469 471 475 476 479 485 487 489
310 44
311 81
312 35
313 51
314 48
315 67
316 24
317 46
318 38
319 76
320 22
321 30
322 67
323 45
324 41 367 447 460 475 485
325 29 327 334 343 346 357 362 367 376 396 405 406 421 426 429 430 433 441 446 447 460 461 464 469 471 475 476 485 489
326 41
327 79 334 343 346 362 367 376 421 429 433 446 447 460 461 464 469 475 476 485 489
328 21
329 25
330 90
331 62
332 34
333 73
334 50 343 346 362 367 376 396 421 426 429 433 446 447 460 461 464 469 475 476 485 489
335 79
336 66
337 59
338 42
339 90
340 79
341 70
342 66
343 80 346 357 362 367 376 396 405 406 421 426 429 430 433 438 441 446 447 460 461 464 469 471 475 476 479 485 487 489
344 35
345 62
346 98 362 367 376 396 405 406 421 426 429 433 446 447 460 461 464 469 475 476 485 489
347 97
348 37
349 32
350 75
351 91
352 91
353 48
354 26
355 23
356 32
357 100 362 367 376 429 433 446 447 460 475 476 485 489
358 46
359 29
360 26
361 29
362 26 367 376 396 405 406 421 426 429 430 433 438 441 446 447 460 461 464 469 471 475 476 485 487 489
363 83
364 82
365 92
366 95
367 87 376 396 405 406 421 426 429 430 433 438 441 446 447 449 460 461 464 469 471 475 476 479 485 487 489
368 63
369 57
370 100
371 63
372 65
373 81
374 46
375 42
376 95 396 405 406 421 426 429 430 433 441 446 447 460 461 464 469 471 475 476 485 489
377 90
378 80
379 53
380 27
381 84
382 40
383 22
384 97
385 20
386 73
387 63
388 95
389 46
390 42
391 47
392 40
393 26
394 88
395 49
396 24 429 433 446 447 460 475 476 485 489
397 92
398 87
399 68
400 95
401 34
402 82
403 84
404 43
405 54 429 433 446 447 460 475 476 485 489
406 73 429 433 446 447 460 475 476 485 489
407 66
408 32
409 62
410 48
411 99
412 90
413 86
414 28
415 25
416 25
417 89
418 67
419 96
420 35
421 33 429 433 446 447 460 461 469 475 476 485 489
422 70
423 40
424 59
425 32
426 94 429 433 446 447 460 469 475 476 485 489
427 34
428 86
429 35 430 433 441 446 447 460 461 464 469 471 475 476 485 489
430 45 447 460 475 476 485 489
431 25
432 76
433 80 441 446 447 460 461 464 469 471 475 476 485 489
434 42
435 91
436 44
437 91
438 97 447 460 475 485 489
439 60
440 29
441 45 446 447 460 475 476 485 489
442 37
443 61
444 54
445 78
446 56 447 460 461 464 469 471 475 476 485 489
447 74 460 461 464 469 471 475 476 479 485 487 489
448 74
449 45 460
450 21
451 96
452 37
453 75
454 100
455 58
456 84
457 85
458 56
459 54
460 71 461 464 469 471 475 476 479 485 487 489
461 52 464 469 475 476 485 489
462 79
463 43
464 35 469 475 476 485 489
465 27
466 70
467 31
468 47
469 35 475 476 485 489
470 26
471 30 475 476 485 489
472 97
473 90
474 80
475 58 476 479 485 487 489
476 60 485 489
477 73
478 46
479 71 485 489
480 39
481 42
482 98
483 27
484 21
485 71 487 489
486 71
487 78 489
488 76
489 57
490 24
491 91
492 84
493 35
494 25
495 77
496 96
497 97
498 89
499 30
500 86
