120 1000
1 433 2 9 12 13 15 19 24 32 41 47 56 59 62 65 67 68 79 89 100 101 102 105 108 120
2 260 4 9 12 13 14 15 19 21 24 25 27 30 31 32 33 34 37 41 42 43 44 46 47 48 50 52 53 54 55 56 58 59 61 62 63 65 66 67 68 71 74 75 76 77 78 79 80 81 83 84 87 89 90 91 92 93 97 98 100 101 102 103 104 105 107 108 109 110 113 114 118 119 120
3 307 13 24 32 41 47 56 59 65 67 68 79 89 105 108 120
4 493 9 12 13 15 19 24 32 41 47 56 59 61 62 63 65 67 68 79 83 89 98 100 101 102 105 108 120
5 252 13 47 56 65 67 68 79 89 105
6 255
7 415 13 24 32 41 47 56 65 67 68 79 89 105 108 120
8 280
9 305 12 13 14 15 19 21 24 25 27 30 31 32 33 34 37 41 42 43 44 46 47 48 50 52 53 54 55 56 58 59 61 62 63 65 66 67 68 71 74 75 76 77 78 79 80 81 83 84 87 89 90 91 92 93 97 98 100 101 102 103 104 105 107 108 109 110 113 114 118 119 120
10 457
11 253
12 290 13 14 15 19 21 24 25 27 30 31 32 33 34 37 41 42 43 44 46 47 48 50 52 53 54 55 56 58 59 61 62 63 64 65 66 67 68 71 74 75 76 77 78 79 80 81 83 84 87 89 90 91 92 93 97 98 99 100 101 102 103 104 105 107 108 109 110 113 114 116 118 119 120
13 491 14 15 16 19 21 24 25 27 30 31 32 33 34 36 37 40 41 42 43 44 46 47 48 49 50 52 53 54 55 56 58 59 61 62 63 64 65 66 67 68 69 70 71 72 74 75 76 77 78 79 80 81 83 84 85 87 89 90 91 92 93 96 97 98 99 100 101 102 103 104 105 107 108 109 110 111 113 114 116 118 119 120
14 251 15 19 24 27 32 34 41 47 50 52 56 59 61 62 63 65 67 68 75 76 77 79 83 84 87 89 98 100 101 102 105 108 118 120
15 258 19 21 24 25 27 30 31 32 33 34 37 41 42 43 44 46 47 48 50 52 53 54 55 56 58 59 61 62 63 64 65 66 67 68 70 71 72 74 75 76 77 78 79 80 81 83 84 87 89 90 91 92 93 97 98 99 100 101 102 103 104 105 107 108 109 110 113 114 116 118 119 120
16 375 24 32 41 47 56 65 67 68 79 89 105 120
17 254
18 371
19 402 21 24 25 27 30 31 32 33 34 37 41 42 43 44 46 47 48 50 52 53 54 55 56 58 59 61 62 63 64 65 66 67 68 71 74 75 76 77 78 79 80 81 83 84 87 89 90 91 92 93 97 98 100 101 102 103 104 105 107 108 109 110 113 114 118 119 120
20 289
21 309 24 27 32 34 41 44 47 50 52 56 58 59 61 62 63 65 67 68 75 76 77 79 83 84 87 89 92 97 98 100 101 102 105 108 118 119 120
22 410
23 275
24 315 25 27 30 31 32 33 34 36 37 41 42 43 44 46 47 48 50 52 53 54 55 56 58 59 61 62 63 64 65 66 67 68 70 71 72 74 75 76 77 78 79 80 81 83 84 87 89 90 91 92 93 97 98 99 100 101 102 103 104 105 107 108 109 110 113 114 116 118 119 120
25 393 27 32 34 41 47 52 56 59 61 62 63 65 67 68 75 76 77 79 83 84 87 89 98 100 101 102 105 108 120
26 275
27 332 31 32 33 34 41 42 43 44 46 47 48 50 52 53 56 58 59 61 62 63 65 66 67 68 71 74 75 76 77 78 79 81 83 84 87 89 92 93 97 98 100 101 102 103 104 105 107 108 109 110 113 114 118 119 120
28 462
29 259
30 279 32 41 47 56 59 61 62 65 67 68 79 83 89 100 101 102 105 108 120
31 414 32 34 41 47 52 56 59 61 62 63 65 67 68 75 76 77 79 83 84 87 89 98 100 101 102 105 108 120
32 254 33 34 36 37 40 41 42 43 44 46 47 48 49 50 52 53 54 55 56 58 59 61 62 63 64 65 66 67 68 70 71 72 74 75 76 77 78 79 80 81 83 84 87 89 90 91 92 93 97 98 99 100 101 102 103 104 105 107 108 109 110 113 114 116 118 119 120
33 332 41 47 56 59 61 62 63 65 67 68 76 77 79 83 84 87 89 98 100 101 102 105 108 120
34 355 41 42 43 44 46 47 50 52 53 56 58 59 61 62 63 65 67 68 71 75 76 77 78 79 81 83 84 87 89 92 97 98 100 101 102 104 105 107 108 109 110 118 119 120
35 312
36 333 41 47 56 65 67 68 79 89 105 120
37 474 41 47 56 59 62 65 67 68 79 89 100 101 102 105 108 120
38 258
39 268
40 420 41 47 56 65 67 68 79 89 105
41 282 42 43 44 46 47 48 49 50 52 53 54 55 56 58 59 61 62 63 64 65 66 67 68 70 71 72 74 75 76 77 78 79 80 81 83 84 87 89 90 91 92 93 97 98 99 100 101 102 103 104 105 107 108 109 110 113 114 116 118 119 120
42 298 47 50 52 56 59 61 62 63 65 67 68 75 76 77 79 83 84 87 89 98 100 101 102 105 108 118 120
43 453 47 50 52 56 59 61 62 63 65 67 68 75 76 77 79 83 84 87 89 98 100 101 102 105 108 118 120
44 272 47 50 52 56 58 59 61 62 63 65 67 68 75 76 77 79 83 84 87 89 92 97 98 100 101 102 105 108 118 119 120
45 275
46 408 47 50 52 56 58 59 61 62 63 65 67 68 75 76 77 79 83 84 87 89 98 100 101 102 105 108 118 120
47 289 48 49 50 52 53 54 55 56 58 59 61 62 63 64 65 66 67 68 69 70 71 72 74 75 76 77 78 79 80 81 83 84 85 86 87 89 90 91 92 93 96 97 98 99 100 101 102 103 104 105 107 108 109 110 111 113 114 116 118 119 120
48 303 56 59 61 62 63 65 67 68 77 79 83 84 87 89 98 100 101 102 105 108 120
49 411 56 65 67 68 79 89 105 120
50 260 52 53 56 58 59 61 62 63 65 67 68 71 75 76 77 79 81 83 84 87 89 92 97 98 100 101 102 104 105 108 110 118 119 120
51 329
52 363 53 56 58 59 61 62 63 65 67 68 71 75 76 77 78 79 81 83 84 87 89 92 97 98 100 101 102 104 105 107 108 109 110 118 119 120
53 303 56 58 59 61 62 63 65 67 68 75 76 77 79 83 84 87 89 98 100 101 102 105 108 118 120
54 334 56 59 62 65 67 68 79 89 100 101 102 105 108 120
55 447 56 59 61 62 63 65 67 68 79 83 89 98 100 101 102 105 108 120
56 255 58 59 61 62 63 64 65 66 67 68 70 71 72 74 75 76 77 78 79 80 81 83 84 87 89 90 91 92 93 96 97 98 99 100 101 102 103 104 105 107 108 109 110 113 114 116 118 119 120
57 298
58 471 59 61 62 63 65 67 68 71 75 76 77 79 83 84 87 89 92 97 98 100 101 102 104 105 108 110 118 119 120
59 256 61 62 63 64 65 66 67 68 70 71 72 74 75 76 77 78 79 80 81 83 84 87 89 90 91 92 93 97 98 99 100 101 102 103 104 105 107 108 109 110 113 114 116 118 119 120
60 273
61 499 62 63 65 66 67 68 71 74 75 76 77 78 79 80 81 83 84 87 89 90 92 93 97 98 100 101 102 103 104 105 107 108 109 110 113 114 118 119 120
62 250 63 64 65 66 67 68 71 74 75 76 77 78 79 80 81 83 84 87 89 90 91 92 93 97 98 99 100 101 102 103 104 105 107 108 109 110 113 114 116 118 119 120
63 251 65 66 67 68 71 74 75 76 77 78 79 81 83 84 87 89 90 92 93 97 98 100 101 102 103 104 105 107 108 109 110 113 114 118 119 120
64 424 65 67 68 79 89 100 101 102 105 108 120
65 277 66 67 68 69 70 71 72 74 75 76 77 78 79 80 81 83 84 85 87 89 90 91 92 93 96 97 98 99 100 101 102 103 104 105 107 108 109 110 111 113 114 116 118 119 120
66 299 67 68 77 79 83 84 87 89 98 100 101 102 105 108 120
67 465 68 70 71 72 74 75 76 77 78 79 80 81 83 84 87 89 90 91 92 93 96 97 98 99 100 101 102 103 104 105 107 108 109 110 113 114 116 118 119 120
68 257 69 70 71 72 74 75 76 77 78 79 80 81 83 84 87 89 90 91 92 93 96 97 98 99 100 101 102 103 104 105 107 108 109 110 113 114 116 118 119 120
69 278 89
70 373 79 89 100 102 105 108 120
71 269 75 76 77 79 83 84 87 89 98 100 101 102 105 108 118 120
72 358 79 89 105 108 120
73 494
74 250 77 79 83 84 87 89 98 100 101 102 105 108 120
75 256 76 77 78 79 81 83 84 87 89 92 97 98 100 101 102 104 105 107 108 109 110 118 119 120
76 413 77 78 79 81 83 84 87 89 92 97 98 100 101 102 104 105 107 108 109 110 118 119 120
77 281 78 79 81 83 84 87 89 92 93 97 98 100 101 102 104 105 107 108 109 110 113 114 118 119 120
78 306 79 83 84 87 89 98 100 101 102 105 108 120
79 462 80 81 83 84 87 89 90 91 92 93 97 98 99 100 101 102 103 104 105 107 108 109 110 113 114 116 118 119 120
80 257 83 89 100 101 102 105 108 120
81 281 83 84 87 89 98 100 101 102 105 108 118 120
82 435
83 280 84 87 89 90 92 93 97 98 100 101 102 103 104 105 107 108 109 110 113 114 118 119 120
84 285 87 89 92 93 97 98 100 101 102 103 104 105 107 108 109 110 113 114 118 119 120
85 480 89
86 250
87 270 89 92 93 97 98 100 101 102 104 105 107 108 109 110 113 114 118 119 120
88 389
89 271 90 91 92 93 96 97 98 99 100 101 102 103 104 105 107 108 109 110 111 113 114 116 118 119 120
90 340 98 100 101 102 105 108 120
91 462 100 101 102 105 108 120
92 254 97 98 100 101 102 105 108 118 119 120
93 284 98 100 101 102 105 108 120
94 469
95 259
96 272
97 351 98 100 101 102 104 105 108 118 119 120
98 291 100 101 102 103 104 105 107 108 109 110 113 114 118 119 120
99 358 100 101 102 105 108 120
100 389 101 102 103 104 105 107 108 109 110 113 114 116 118 119 120
101 268 102 103 104 105 107 108 109 110 113 114 116 118 119 120
102 343 103 104 105 107 108 109 110 113 114 116 118 119 120
103 383 105 108 120
104 282 105 108 118 120
105 335 107 108 109 110 113 114 116 118 119 120
106 394
107 288 108 120
108 318 109 110 113 114 116 118 119 120
109 393 118 120
110 258 118 120
111 349
112 482
113 257 120
114 261 120
115 363
116 282 120
117 355
118 423 119 120
119 264 120
120 313
