120 1000
1 357 2 3 5 7 8 12 13 14 15 17 20 21 23 24 26 27 29 31 32 34 35 38 40 41 42 43 44 45 46 48 50 54 55 56 58 59 61 63 65 66 68 70 72 73 76 78 79 82 85 86 88 89 90 91 92 93 94 97 98 99 101 102 103 104 105 106 107 111 114 116 117 119 120
2 271 3 4 5 6 7 8 9 10 11 12 13 14 15 17 18 20 21 23 24 26 27 29 31 32 33 34 35 36 38 39 40 41 42 43 44 45 46 47 48 49 50 51 52 54 55 56 57 58 59 61 63 64 65 66 67 68 69 70 71 72 73 76 77 78 79 80 81 82 83 85 86 87 88 89 90 91 92 93 94 95 97 98 99 100 101 102 103 104 105 106 107 111 112 114 115 116 117 118 119 120
3 372 4 5 6 7 8 9 10 11 12 13 14 15 17 18 20 21 23 24 26 27 29 30 31 32 33 34 35 36 37 38 39 40 41 42 43 44 45 46 47 48 49 50 51 52 54 55 56 57 58 59 61 63 64 65 66 67 68 69 70 71 72 73 76 77 78 79 80 81 82 83 85 86 87 88 89 90 91 92 93 94 95 97 98 99 100 101 102 103 104 105 106 107 111 112 113 114 115 116 117 118 119 120
4 481 5 8 13 15 17 20 23 24 29 38 40 41 42 44 55 56 59 61 66 70 76 78 82 90 91 99 102 103 104 105 106 107 111 116 117 120
5 251 6 7 8 11 12 13 14 15 17 20 21 23 24 26 27 29 31 32 33 34 35 38 39 40 41 42 43 44 45 46 48 50 52 54 55 56 58 59 61 63 64 65 66 68 70 71 72 73 76 78 79 80 81 82 85 86 87 88 89 90 91 92 93 94 95 97 98 99 100 101 102 103 104 105 106 107 111 112 114 116 117 118 119 120
6 268 8 13 15 17 20 23 24 29 38 40 41 42 44 55 56 59 61 66 70 76 78 82 88 90 91 99 102 103 104 105 106 107 111 116 117 120
7 429 8 12 13 14 15 17 20 21 23 24 29 35 38 40 41 42 44 45 48 50 54 55 56 59 61 63 65 66 70 72 76 78 82 86 88 90 91 93 99 101 102 103 104 105 106 107 111 116 117 120
8 285 9 10 11 12 13 14 15 17 18 20 21 23 24 26 27 29 30 31 32 33 34 35 36 37 38 39 40 41 42 43 44 45 46 47 48 49 50 51 52 54 55 56 57 58 59 61 63 64 65 66 67 68 69 70 71 72 73 75 76 77 78 79 80 81 82 83 85 86 87 88 89 90 91 92 93 94 95 96 97 98 99 100 101 102 103 104 105 106 107 111 112 113 114 115 116 117 118 119 120
9 286 13 15 24 29 38 40 41 44 70 78 90 104 106 107
10 454 13 24 38 40 41 44 78 90 104 106 107
11 257 12 13 14 15 17 20 21 23 24 29 38 40 41 42 44 48 50 54 55 56 59 61 63 65 66 70 72 76 78 82 86 88 90 91 93 99 101 102 103 104 105 106 107 111 116 117 120
12 289 13 14 15 17 20 21 23 24 26 27 29 31 32 34 35 38 40 41 42 43 44 45 46 48 50 54 55 56 58 59 61 63 64 65 66 68 70 72 73 76 78 79 82 85 86 88 89 90 91 92 93 94 97 98 99 101 102 103 104 105 106 107 111 112 114 116 117 118 119 120
13 398 14 15 17 18 20 21 23 24 26 27 29 30 31 32 33 34 35 36 37 38 39 40 41 42 43 44 45 46 47 48 49 50 51 52 54 55 56 57 58 59 61 63 64 65 66 67 68 69 70 71 72 73 75 76 77 78 79 80 81 82 83 85 86 87 88 89 90 91 92 93 94 95 96 97 98 99 100 101 102 103 104 105 106 107 111 112 113 114 115 116 117 118 119 120
14 268 15 17 20 21 23 24 26 27 29 31 32 34 35 38 40 41 42 43 44 45 46 48 50 54 55 56 58 59 61 63 64 65 66 68 70 72 73 76 78 79 82 85 86 88 89 90 91 92 93 94 97 98 99 101 102 103 104 105 106 107 111 112 114 116 117 118 119 120
15 334 17 20 21 23 24 26 27 29 31 32 33 34 35 36 38 39 40 41 42 43 44 45 46 47 48 49 50 51 52 54 55 56 57 58 59 61 63 64 65 66 67 68 69 70 71 72 73 76 78 79 80 81 82 83 85 86 87 88 89 90 91 92 93 94 95 97 98 99 100 101 102 103 104 105 106 107 111 112 114 116 117 118 119 120
16 382 24 90 106
17 264 20 21 23 24 26 27 29 31 32 33 34 35 38 40 41 42 43 44 45 46 48 50 54 55 56 58 59 61 63 64 65 66 68 70 72 73 76 78 79 80 82 85 86 87 88 89 90 91 92 93 94 95 97 98 99 100 101 102 103 104 105 106 107 111 112 114 116 117 118 119 120
18 354 24 38 40 41 44 78 90 104 106 107
19 427
20 251 21 23 24 26 27 29 31 32 33 34 35 38 40 41 42 43 44 45 46 48 50 54 55 56 58 59 61 63 64 65 66 68 70 72 73 76 78 79 80 82 85 86 87 88 89 90 91 92 93 94 95 97 98 99 100 101 102 103 104 105 106 107 111 112 114 116 117 118 119 120
21 322 23 24 26 27 29 31 32 34 35 38 40 41 42 43 44 45 46 48 50 54 55 56 58 59 61 63 65 66 68 70 72 73 76 78 79 82 85 86 88 89 90 91 92 93 94 97 98 99 101 102 103 104 105 106 107 111 112 114 116 117 118 119 120
22 476
23 251 24 26 27 29 31 32 33 34 35 38 39 40 41 42 43 44 45 46 48 50 51 52 54 55 56 58 59 61 63 64 65 66 67 68 70 71 72 73 76 78 79 80 81 82 85 86 87 88 89 90 91 92 93 94 95 97 98 99 100 101 102 103 104 105 106 107 111 112 114 116 117 118 119 120
24 273 26 27 29 30 31 32 33 34 35 36 37 38 39 40 41 42 43 44 45 46 47 48 49 50 51 52 53 54 55 56 57 58 59 60 61 63 64 65 66 67 68 69 70 71 72 73 74 75 76 77 78 79 80 81 82 83 85 86 87 88 89 90 91 92 93 94 95 96 97 98 99 100 101 102 103 104 105 106 107 109 111 112 113 114 115 116 117 118 119 120
25 364 106
26 276 27 29 31 35 38 40 41 42 43 44 45 46 48 50 54 55 56 58 59 61 63 65 66 70 72 76 78 82 86 88 90 91 93 94 98 99 101 102 103 104 105 106 107 111 114 116 117 120
27 360 29 31 35 38 40 41 42 43 44 45 46 48 50 54 55 56 58 59 61 63 65 66 68 70 72 76 78 79 82 86 88 90 91 93 94 97 98 99 101 102 103 104 105 106 107 111 114 116 117 120
28 406 106
29 290 31 32 33 34 35 36 38 39 40 41 42 43 44 45 46 47 48 49 50 51 52 54 55 56 57 58 59 61 63 64 65 66 67 68 69 70 71 72 73 76 77 78 79 80 81 82 83 85 86 87 88 89 90 91 92 93 94 95 97 98 99 100 101 102 103 104 105 106 107 111 112 114 116 117 118 119 120
30 304 41 44 90 104 106 107
31 351 35 38 40 41 42 43 44 45 46 48 50 54 55 56 58 59 61 63 65 66 68 70 72 76 78 82 86 88 90 91 93 94 97 98 99 101 102 103 104 105 106 107 111 114 116 117 120
32 280 35 38 40 41 42 43 44 45 46 48 50 54 55 56 58 59 61 63 65 66 70 72 76 78 82 86 88 90 91 93 94 98 99 101 102 103 104 105 106 107 111 114 116 117 120
33 369 38 40 41 42 44 48 55 56 59 61 63 66 70 76 78 82 88 90 91 99 101 102 103 104 105 106 107 111 116 117 120
34 418 38 40 41 42 44 48 50 54 55 56 59 61 63 65 66 70 72 76 78 82 86 88 90 91 93 99 101 102 103 104 105 106 107 111 116 117 120
35 270 38 40 41 42 43 44 45 46 48 50 54 55 56 58 59 61 63 65 66 68 70 72 73 76 78 79 82 85 86 88 89 90 91 92 93 94 97 98 99 101 102 103 104 105 106 107 111 114 116 117 119 120
36 312 38 40 41 44 66 70 78 90 104 106 107 116
37 375 41 44 78 90 104 106 107
38 309 39 40 41 42 43 44 45 46 47 48 49 50 51 52 54 55 56 57 58 59 61 63 64 65 66 67 68 69 70 71 72 73 76 77 78 79 80 81 82 83 85 86 87 88 89 90 91 92 93 94 95 97 98 99 100 101 102 103 104 105 106 107 111 112 114 116 117 118 119 120
39 316 40 41 42 44 55 59 61 66 70 76 78 82 90 91 99 102 103 104 105 106 107 111 116 117 120
40 411 41 42 43 44 45 46 47 48 49 50 51 52 54 55 56 57 58 59 61 63 64 65 66 67 68 69 70 71 72 73 76 77 78 79 80 81 82 83 85 86 87 88 89 90 91 92 93 94 95 97 98 99 100 101 102 103 104 105 106 107 111 112 114 115 116 117 118 119 120
41 288 42 43 44 45 46 47 48 49 50 51 52 54 55 56 57 58 59 61 63 64 65 66 67 68 69 70 71 72 73 75 76 77 78 79 80 81 82 83 85 86 87 88 89 90 91 92 93 94 95 96 97 98 99 100 101 102 103 104 105 106 107 111 112 113 114 115 116 117 118 119 120
42 301 43 44 45 46 48 50 51 52 54 55 56 58 59 61 63 64 65 66 67 68 70 71 72 73 76 78 79 80 81 82 85 86 87 88 89 90 91 92 93 94 95 97 98 99 100 101 102 103 104 105 106 107 111 112 114 116 117 118 119 120
43 424 44 45 46 48 50 54 55 56 58 59 61 63 65 66 68 70 72 76 78 79 82 85 86 88 90 91 92 93 94 97 98 99 101 102 103 104 105 106 107 111 114 116 117 119 120
44 261 45 46 47 48 49 50 51 52 54 55 56 57 58 59 61 63 64 65 66 67 68 69 70 71 72 73 76 77 78 79 80 81 82 83 85 86 87 88 89 90 91 92 93 94 95 97 98 99 100 101 102 103 104 105 106 107 111 112 113 114 115 116 117 118 119 120
45 315 46 48 50 54 55 56 58 59 61 63 65 66 68 70 72 73 76 78 79 82 85 86 88 89 90 91 92 93 94 97 98 99 101 102 103 104 105 106 107 111 114 116 117 119 120
46 462 48 50 54 55 56 58 59 61 63 65 66 68 70 72 76 78 79 82 85 86 88 90 91 92 93 94 97 98 99 101 102 103 104 105 106 107 111 114 116 117 119 120
47 257 78 90 104 106 107
48 281 50 54 55 56 58 59 61 63 64 65 66 68 70 72 73 76 78 79 80 82 85 86 88 89 90 91 92 93 94 97 98 99 101 102 103 104 105 106 107 111 112 114 116 117 118 119 120
49 411 66 70 78 90 104 106 107
50 284 54 55 56 58 59 61 63 65 66 68 70 72 73 76 78 79 82 85 86 88 89 90 91 92 93 94 97 98 99 101 102 103 104 105 106 107 111 112 114 116 117 118 119 120
51 305 66 70 78 90 104 106 107 111 116 117
52 443 55 59 61 66 70 78 82 90 91 99 102 103 104 105 106 107 111 116 117
53 268 90 104 106
54 289 55 56 58 59 61 63 64 65 66 68 70 72 73 76 78 79 82 85 86 88 89 90 91 92 93 94 97 98 99 101 102 103 104 105 106 107 111 112 114 116 117 118 119 120
55 370 56 58 59 61 63 64 65 66 68 70 72 73 76 78 79 80 82 85 86 87 88 89 90 91 92 93 94 95 97 98 99 100 101 102 103 104 105 106 107 111 112 114 116 117 118 119 120
56 284 58 59 61 63 64 65 66 68 70 72 73 76 78 79 80 82 85 86 87 88 89 90 91 92 93 94 95 97 98 99 100 101 102 103 104 105 106 107 111 112 114 116 117 118 119 120
57 346 70 78 90 104 106 107
58 460 59 61 63 65 66 68 70 72 76 78 79 82 86 88 90 91 93 94 97 98 99 101 102 103 104 105 106 107 111 114 116 117 120
59 251 61 63 64 65 66 68 70 72 73 76 78 79 80 82 85 86 87 88 89 90 91 92 93 94 95 97 98 99 100 101 102 103 104 105 106 107 111 112 114 116 117 118 119 120
60 289 90 106
61 397 63 64 65 66 68 70 72 73 76 78 79 80 82 85 86 87 88 89 90 91 92 93 94 95 97 98 99 100 101 102 103 104 105 106 107 111 112 114 116 117 118 119 120
62 257 90 106
63 346 64 65 66 68 70 72 73 76 78 79 82 85 86 88 89 90 91 92 93 94 97 98 99 101 102 103 104 105 106 107 111 112 114 116 117 118 119 120
64 379 66 70 76 78 82 88 90 91 99 101 102 103 104 105 106 107 111 116 117 120
65 296 66 68 70 72 73 76 78 79 82 85 86 88 89 90 91 92 93 94 97 98 99 101 102 103 104 105 106 107 111 112 114 116 117 119 120
66 325 67 68 69 70 71 72 73 76 78 79 80 81 82 85 86 87 88 89 90 91 92 93 94 95 97 98 99 100 101 102 103 104 105 106 107 111 112 114 116 117 118 119 120
67 447 70 78 90 104 106 107 111 116 117
68 269 70 72 76 78 82 86 88 90 91 93 94 98 99 101 102 103 104 105 106 107 111 114 116 117 120
69 284 70 78 90 104 106 107
70 461 71 72 73 76 78 79 80 81 82 83 85 86 87 88 89 90 91 92 93 94 95 97 98 99 100 101 102 103 104 105 106 107 111 112 114 116 117 118 119 120
71 259 78 90 104 106 107 111 116 117
72 280 73 76 78 79 82 85 86 88 89 90 91 92 93 94 97 98 99 101 102 103 104 105 106 107 111 112 114 116 117 118 119 120
73 494 76 78 82 86 88 90 91 93 99 101 102 103 104 105 106 107 111 114 116 117 120
74 251 90 104 106
75 255 90 104 106
76 483 78 79 80 82 85 86 87 88 89 90 91 92 93 94 95 97 98 99 100 101 102 103 104 105 106 107 111 112 114 116 117 118 119 120
77 250 78 90 104 106 107
78 267 79 80 81 82 83 85 86 87 88 89 90 91 92 93 94 95 97 98 99 100 101 102 103 104 105 106 107 111 112 113 114 115 116 117 118 119 120
79 475 82 86 88 90 91 93 94 98 99 101 102 103 104 105 106 107 111 114 116 117 120
80 258 82 88 90 91 99 102 103 104 105 106 107 111 116 117 120
81 267 90 104 106 107 111 116 117
82 402 85 86 87 88 89 90 91 92 93 94 95 97 98 99 100 101 102 103 104 105 106 107 111 112 114 116 117 118 119 120
83 277 90 104 106 107
84 321
85 395 86 88 90 91 93 99 101 102 103 104 105 106 107 111 114 116 117 120
86 269 88 89 90 91 92 93 94 97 98 99 101 102 103 104 105 106 107 111 114 116 117 119 120
87 336 88 90 91 99 102 103 104 105 106 107 111 116 117 120
88 436 89 90 91 92 93 94 97 98 99 100 101 102 103 104 105 106 107 111 112 114 116 117 118 119 120
89 255 90 91 93 99 101 102 103 104 105 106 107 111 114 116 117 120
90 309 91 92 93 94 95 96 97 98 99 100 101 102 103 104 105 106 107 109 110 111 112 113 114 115 116 117 118 119 120
91 418 92 93 94 95 97 98 99 100 101 102 103 104 105 106 107 111 112 114 116 117 118 119 120
92 285 93 99 101 102 103 104 105 106 107 111 114 116 117 120
93 297 94 97 98 99 101 102 103 104 105 106 107 111 114 116 117 119 120
94 408 97 98 99 101 102 103 104 105 106 107 111 114 116 117 120
95 266 99 102 103 104 105 106 107 111 116 117 120
96 326 104 106
97 358 98 99 101 102 103 104 105 106 107 111 114 116 117 120
98 264 99 101 102 103 104 105 106 107 111 114 116 117 120
99 378 100 101 102 103 104 105 106 107 111 112 114 116 117 118 119 120
100 471 102 103 104 105 106 107 111 116 117 120
101 261 102 103 104 105 106 107 111 112 114 116 117 118 119 120
102 268 103 104 105 106 107 111 112 114 116 117 118 119 120
103 460 104 105 106 107 111 112 114 116 117 118 119 120
104 250 105 106 107 111 112 113 114 115 116 117 118 119 120
105 290 106 107 111 112 114 116 117 118 119 120
106 368 107 109 110 111 112 113 114 115 116 117 118 119 120
107 315 111 112 113 114 115 116 117 118 119 120
108 317
109 430
110 269
111 301 112 114 116 117 118 119 120
112 477 116 117 120
113 252
114 271 116 117 119 120
115 449
116 263 117 118 119 120
117 288 118 119 120
118 483 120
119 254 120
120 263
