120 1000
1 470
2 254 3 6 7 12 18 20 21 22 24 26 28 29 31 33 34 41 42 49 57 60 61 62 64 65 68 69 73 74 77 79 80 83 84 85 86 87 91 94 95 97 103 104 110 111 114 115 119
3 276 6 7 12 20 21 22 24 26 28 29 31 33 34 41 42 49 57 60 62 64 65 68 69 73 74 77 79 83 85 86 87 91 94 95 97 103 104 110 111 119
4 393 6 7 20 21 26 31 34 42 65 79 111
5 271
6 336 7 11 12 14 17 18 20 21 22 24 26 28 29 30 31 32 33 34 37 39 40 41 42 43 45 46 49 56 57 60 61 62 64 65 68 69 70 73 74 75 77 79 80 82 83 84 85 86 87 90 91 94 95 96 97 103 104 108 110 111 112 114 115 119
7 354 11 12 14 17 18 20 21 22 24 26 28 29 30 31 32 33 34 37 39 40 41 42 43 45 46 49 57 60 61 62 64 65 68 69 70 73 74 75 77 79 80 82 83 84 85 86 87 90 91 94 95 96 97 103 104 108 110 111 112 114 115 119
8 282
9 364
10 366
11 262 20 21 26 28 29 31 33 34 42 57 65 69 74 77 79 83 97 111 119
12 372 18 20 21 22 24 26 28 29 31 33 34 41 42 49 57 60 62 64 65 68 69 73 74 77 79 83 85 86 87 91 94 95 97 103 104 110 111 119
13 418
14 265 21 26 31 34 65 111
15 317
16 442
17 257 20 21 26 31 34 42 65 79 111
18 301 20 21 22 24 26 28 29 31 33 34 41 42 49 57 60 62 65 69 74 77 79 83 85 86 91 94 95 97 110 111 119
19 463
20 252 21 22 24 26 28 29 30 31 32 33 34 37 39 40 41 42 43 45 46 49 57 60 61 62 64 65 68 69 73 74 75 77 79 80 82 83 84 85 86 87 90 91 94 95 96 97 103 104 108 110 111 112 114 115 119
21 285 22 23 24 26 28 29 30 31 32 33 34 37 39 40 41 42 43 45 46 49 56 57 60 61 62 64 65 68 69 70 73 74 75 77 79 80 82 83 84 85 86 87 90 91 94 95 96 97 103 104 108 110 111 112 114 115 119
22 447 24 26 28 29 31 33 34 41 42 49 57 60 62 64 65 68 69 73 74 77 79 83 85 86 87 91 94 95 97 103 104 110 111 114 119
23 254 26 31 34 65 111
24 299 26 28 29 31 33 34 41 42 49 57 60 62 64 65 68 69 73 74 77 79 83 85 86 87 91 94 95 97 103 104 110 111 114 119
25 473
26 250 28 29 30 31 32 33 34 37 39 40 41 42 43 44 45 46 49 56 57 60 61 62 64 65 68 69 70 73 74 75 77 79 80 82 83 84 85 86 87 90 91 94 95 96 97 103 104 106 108 110 111 112 114 115 119
27 277
28 412 29 30 31 33 34 41 42 45 49 57 60 61 62 64 65 68 69 73 74 77 79 80 82 83 84 85 86 87 91 94 95 97 103 104 108 110 111 114 115 119
29 272 30 31 33 34 41 42 45 49 57 60 61 62 64 65 68 69 73 74 77 79 80 82 83 84 85 86 87 91 94 95 97 103 104 108 110 111 112 114 115 119
30 316 31 33 34 42 57 65 69 74 77 79 83 97 111 119
31 351 32 33 34 37 39 40 41 42 43 45 46 49 56 57 60 61 62 64 65 68 69 70 73 74 75 77 79 80 82 83 84 85 86 87 90 91 94 95 96 97 103 104 106 108 110 111 112 114 115 119
32 253 33 34 42 65 79 111
33 396 34 37 40 41 42 45 46 49 57 60 61 62 64 65 68 69 73 74 75 77 79 80 82 83 84 85 86 87 90 91 94 95 97 103 104 108 110 111 112 114 115 119
34 415 37 39 40 41 42 43 44 45 46 49 56 57 60 61 62 64 65 67 68 69 70 73 74 75 77 79 80 82 83 84 85 86 87 90 91 94 95 96 97 103 104 106 108 110 111 112 114 115 119
35 289
36 296
37 403 42 65 79 111
38 268
39 329 42 65 79 111
40 381 42 57 65 74 77 79 83 97 111 119
41 295 42 49 57 60 61 62 64 65 68 69 73 74 77 79 80 83 85 86 87 91 94 95 97 103 104 110 111 114 115 119
42 324 43 45 46 49 57 60 61 62 64 65 68 69 73 74 75 77 79 80 82 83 84 85 86 87 90 91 94 95 96 97 103 104 108 110 111 112 114 115 119
43 397 65 111
44 299 65 111
45 304 57 65 69 74 77 79 83 97 111 119
46 499 57 65 69 74 77 79 83 97 111 119
47 250
48 251
49 457 57 60 61 62 64 65 68 69 73 74 77 79 80 83 85 86 87 91 94 95 97 103 104 110 111 114 115 119
50 255
51 288
52 437
53 278
54 285
55 354
56 298 65 111
57 348 60 61 62 64 65 68 69 73 74 77 79 80 82 83 84 85 86 87 90 91 94 95 97 103 104 108 110 111 112 114 115 119
58 412
59 265
60 323 61 62 64 65 68 69 73 74 77 79 80 83 84 85 86 87 91 94 95 97 103 104 108 110 111 114 115 119
61 419 62 65 69 74 77 79 83 85 91 94 95 97 110 111 119
62 277 64 65 68 69 73 74 77 79 80 83 84 85 86 87 91 94 95 97 103 104 110 111 114 115 119
63 304
64 471 65 69 74 77 79 83 85 86 87 91 94 95 97 104 110 111 119
65 252 67 68 69 70 73 74 75 77 79 80 82 83 84 85 86 87 90 91 94 95 96 97 103 104 106 108 110 111 112 114 115 119
66 277
67 434 111
68 279 69 74 77 79 83 85 86 87 91 94 95 97 104 110 111 119
69 287 73 74 77 79 80 82 83 84 85 86 87 90 91 94 95 97 103 104 108 110 111 112 114 115 119
70 354 111
71 256
72 390
73 476 74 77 79 83 85 86 87 91 94 95 97 104 110 111 119
74 255 77 79 80 82 83 84 85 86 87 90 91 94 95 97 103 104 108 110 111 112 114 115 119
75 269 79 111
76 480
77 254 79 80 82 83 84 85 86 87 90 91 94 95 97 103 104 108 110 111 112 114 115 119
78 266
79 418 80 82 83 84 85 86 87 90 91 94 95 97 103 104 108 110 111 112 114 115 119
80 254 83 85 86 91 94 95 97 110 111 119
81 328
82 369 83 97 111 119
83 280 84 85 86 87 90 91 94 95 97 103 104 108 110 111 112 114 115 119
84 351 85 94 95 97 110 111 119
85 411 86 87 91 94 95 97 103 104 110 111 114 115 119
86 265 87 91 94 95 97 103 104 110 111 114 115 119
87 324 91 94 95 97 103 104 110 111 119
88 432
89 278
90 290 97 111 119
91 406 94 95 97 103 104 110 111 114 115 119
92 273
93 321
94 439 95 97 103 104 108 110 111 114 115 119
95 274 97 103 104 110 111 114 115 119
96 287 111
97 393 103 104 108 110 111 112 114 115 119
98 261
99 346
100 444
101 255
102 301
103 499 104 110 111 119
104 250 110 111 119
105 251
106 439 111
107 261
108 300 110 111 119
109 374
110 306 111 114 115 119
111 320 112 114 115 119
112 467 119
113 257
114 276 119
115 410 119
116 274
117 316
118 405
119 294
120 301
