120 150
1 100 6 8 19 20 22 24 31 34 39 42 43 47 49 56 58 62 63 65 67 78 79 80 81 82 83 85 88 98 103 108 110 111 112
2 22
3 25
4 51 20 65 80
5 95
6 58 8 19 20 22 24 31 34 36 37 39 41 42 43 47 49 54 56 58 62 63 65 67 72 78 79 80 81 82 83 85 88 91 98 102 103 107 108 110 111 112
7 97
8 30 19 20 24 39 42 47 58 62 65 67 78 79 80 85 88 98 103 108 111 112
9 79
10 23
11 53
12 80
13 20
14 65
15 64 20 65 67 80
16 21
17 26
18 100
19 81 20 22 24 31 34 36 37 39 41 42 43 47 49 56 58 62 63 65 67 72 78 79 80 81 82 83 85 88 91 98 102 103 107 108 110 111 112
20 98 22 24 31 34 36 37 38 39 41 42 43 44 47 49 54 56 58 62 63 65 67 69 72 78 79 80 81 82 83 85 87 88 91 98 99 102 103 107 108 110 111 112 120
21 70
22 85 24 39 42 47 58 62 65 67 78 79 80 85 88 98 103 108 111 112
23 92
24 97 31 34 36 39 41 42 43 47 49 56 58 62 63 65 67 72 78 79 80 81 82 83 85 88 98 103 107 108 110 111 112
25 86
26 71
27 91
28 29
29 63
30 34
31 67 34 39 42 43 47 49 58 62 65 67 78 79 80 83 85 88 98 103 108 110 111 112
32 23
33 33
34 89 39 42 43 47 49 58 62 65 67 78 79 80 83 85 88 98 103 108 110 111 112
35 94
36 47 39 42 47 58 62 65 67 78 79 80 88 98 108 111 112
37 100 42 47 58 62 65 67 78 79 80 108 111 112
38 37 65 67 80
39 40 41 42 43 47 49 56 58 62 63 65 67 72 78 79 80 81 82 83 85 88 98 103 107 108 110 111 112
40 58
41 73 42 47 58 62 65 67 78 79 80 88 98 108 111 112
42 39 43 47 49 56 58 62 63 65 67 72 78 79 80 81 82 83 85 88 91 98 102 103 107 108 110 111 112
43 49 47 49 58 62 65 67 78 79 80 83 85 88 98 103 108 110 111 112
44 79 80
45 54
46 57
47 98 49 54 56 58 62 63 65 67 72 78 79 80 81 82 83 85 88 91 98 99 102 103 107 108 110 111 112
48 69
49 67 58 62 65 67 78 79 80 83 85 88 98 103 108 110 111 112
50 49
51 38
52 34
53 96
54 27 58 65 67 80 111
55 92
56 82 58 62 65 67 78 79 80 85 88 98 103 108 111 112
57 69
58 45 62 63 65 67 72 78 79 80 81 82 83 85 88 91 98 102 103 107 108 110 111 112
59 69
60 20
61 75
62 97 63 65 67 72 78 79 80 81 82 83 85 88 98 102 103 107 108 110 111 112
63 51 65 67 78 79 80 85 88 98 103 108 111 112
64 70
65 29 67 72 78 79 80 81 82 83 85 87 88 91 98 99 102 103 107 108 110 111 112
66 91
67 98 72 78 79 80 81 82 83 85 87 88 91 98 99 102 103 107 108 110 111 112
68 77
69 48
70 45
71 43
72 61 78 79 80 88 108 111 112
73 36
74 82
75 89
76 94
77 26
78 35 79 80 81 82 83 85 88 98 102 103 107 108 110 111 112
79 58 80 81 82 83 85 88 91 98 102 103 107 108 110 111 112
80 58 81 82 83 85 87 88 91 98 99 102 103 107 108 110 111 112 120
81 57 85 88 98 103 108 111 112
82 46 85 88 98 103 108 111 112
83 44 85 88 98 103 108 110 111 112
84 91
85 49 88 98 103 108 110 111 112
86 52
87 65
88 42 98 103 107 108 110 111 112
89 33
90 60
91 37 111 112
92 57
93 91
94 52
95 95
96 84
97 72
98 75 103 108 110 111 112
99 89
100 81
101 67
102 74 111 112
103 87 108 110 111 112
104 60
105 32
106 76
107 85 108 111 112
108 59 110 111 112
109 62
110 39 111 112
111 64 112
112 52
113 88
114 45
115 29
116 88
117 85
118 54
119 40
120 57
