120 1000
1 370 16 46 64 75 90 110 112
2 286 7 8 12 15 16 24 28 30 31 33 34 35 41 46 56 64 66 69 73 74 75 78 82 85 87 90 92 93 94 99 103 105 110 111 112 114
3 344 16 46 64 75 90 110 112 114
4 362 7 8 12 15 16 17 18 19 21 23 24 28 30 31 33 34 35 39 40 41 42 46 47 49 55 56 60 63 64 66 69 72 73 74 75 77 78 80 82 84 85 87 90 91 92 93 94 96 98 99 102 103 105 106 108 110 111 112 114 116
5 294
6 344 8 16 24 28 31 46 56 64 73 75 78 85 90 93 94 99 105 110 112 114
7 466 8 12 15 16 17 18 19 21 22 23 24 25 28 29 30 31 33 34 35 39 40 41 42 46 47 48 49 55 56 60 61 63 64 66 69 72 73 74 75 77 78 79 80 82 84 85 87 90 91 92 93 94 96 98 99 100 102 103 105 106 108 110 111 112 114 116
8 263 9 10 12 14 15 16 17 18 19 21 22 23 24 25 28 29 30 31 33 34 35 36 38 39 40 41 42 45 46 47 48 49 50 54 55 56 60 61 63 64 66 69 72 73 74 75 76 77 78 79 80 82 84 85 87 88 89 90 91 92 93 94 95 96 98 99 100 102 103 104 105 106 108 109 110 111 112 114 116 117 119
9 271 16 24 28 31 41 46 56 64 69 73 75 78 85 90 92 93 94 99 105 110 112 114
10 485 16 24 28 31 46 56 64 73 75 78 85 90 92 93 94 99 105 110 112 114
11 253 64 110
12 262 15 16 17 18 19 21 22 23 24 25 28 29 30 31 33 34 35 39 40 41 42 46 47 48 49 55 56 60 61 63 64 66 69 72 73 74 75 77 78 79 80 82 84 85 87 90 91 92 93 94 96 98 99 100 102 103 105 106 108 110 111 112 114 116
13 376
14 304 16 28 46 56 64 73 75 78 90 105 110 112 114
15 320 16 17 18 19 21 23 24 28 30 31 33 34 35 39 40 41 42 46 47 49 55 56 60 63 64 66 69 72 73 74 75 77 78 80 82 84 85 87 90 91 92 93 94 96 98 99 100 102 103 105 106 108 110 111 112 114 116
16 413 17 18 19 21 22 23 24 25 28 29 30 31 33 34 35 36 38 39 40 41 42 45 46 47 48 49 50 51 53 54 55 56 57 60 61 63 64 66 69 70 72 73 74 75 76 77 78 79 80 81 82 84 85 87 88 89 90 91 92 93 94 95 96 98 99 100 101 102 103 104 105 106 108 109 110 111 112 114 115 116 117 118 119
17 288 19 24 28 30 31 33 34 35 41 42 46 56 60 64 66 69 73 74 75 77 78 82 85 87 90 92 93 94 96 99 103 105 110 111 112 114 116
18 299 19 24 28 30 31 33 34 35 41 46 56 60 64 66 69 73 74 75 78 82 85 87 90 92 93 94 99 103 105 110 111 112 114 116
19 373 21 23 24 28 30 31 33 34 35 39 40 41 42 46 47 49 55 56 60 63 64 66 69 72 73 74 75 77 78 80 82 84 85 87 90 91 92 93 94 96 98 99 102 103 105 106 108 110 111 112 114 116
20 277 46 64 110
21 350 24 28 30 31 33 34 35 41 42 46 56 60 64 66 69 73 74 75 77 78 82 85 87 90 92 93 94 96 99 102 103 105 110 111 112 114 116
22 426 24 28 31 34 41 46 56 64 69 73 75 78 85 87 90 92 93 94 99 103 105 110 111 112 114
23 263 24 28 30 31 33 34 35 41 46 56 60 64 66 69 73 74 75 78 82 85 87 90 92 93 94 99 103 105 110 111 112 114 116
24 311 25 28 29 30 31 33 34 35 36 38 39 40 41 42 45 46 47 48 49 54 55 56 60 61 63 64 66 69 72 73 74 75 76 77 78 79 80 82 84 85 87 88 89 90 91 92 93 94 95 96 98 99 100 102 103 104 105 106 108 109 110 111 112 114 116 117 119
25 480 28 31 34 41 46 56 64 69 73 75 78 82 85 87 90 92 93 94 99 103 105 110 111 112 114
26 255
27 265
28 381 29 30 31 33 34 35 36 38 39 40 41 42 45 46 47 48 49 50 53 54 55 56 57 60 61 63 64 66 69 72 73 74 75 76 77 78 79 80 81 82 84 85 87 88 89 90 91 92 93 94 95 96 98 99 100 101 102 103 104 105 106 108 109 110 111 112 114 116 117 119
29 259 30 31 34 41 46 56 64 69 73 75 78 82 85 87 90 92 93 94 99 103 105 110 111 112 114
30 360 31 33 34 35 39 40 41 42 46 47 49 55 56 60 61 63 64 66 69 72 73 74 75 77 78 80 82 84 85 87 90 91 92 93 94 96 98 99 100 102 103 105 106 108 110 111 112 114 116
31 399 33 34 35 36 39 40 41 42 45 46 47 48 49 54 55 56 60 61 63 64 66 69 72 73 74 75 76 77 78 79 80 82 84 85 87 88 90 91 92 93 94 95 96 98 99 100 102 103 104 105 106 108 109 110 111 112 114 116 117 119
32 272
33 329 34 35 39 40 41 42 46 47 49 55 56 60 63 64 66 69 72 73 74 75 77 78 80 82 84 85 87 90 91 92 93 94 96 98 99 100 102 103 105 106 108 110 111 112 114 116
34 429 35 39 40 41 42 46 47 48 49 55 56 60 61 63 64 66 69 72 73 74 75 77 78 79 80 82 84 85 87 90 91 92 93 94 96 98 99 100 102 103 105 106 108 110 111 112 114 116
35 274 39 40 41 42 46 47 49 55 56 60 63 64 66 69 72 73 74 75 77 78 80 82 84 85 87 90 91 92 93 94 96 98 99 100 102 103 105 106 108 110 111 112 114 116
36 297 46 56 64 73 75 78 85 90 94 99 105 110 112 114
37 395
38 258 46 56 64 73 75 78 85 90 94 105 110 112 114
39 347 41 46 56 60 64 66 69 73 74 75 78 82 85 87 90 92 93 94 96 99 103 105 110 111 112 114 116
40 463 41 46 56 60 64 66 69 73 74 75 78 82 85 87 90 92 93 94 99 103 105 110 111 112 114 116
41 257 42 46 47 48 49 54 55 56 60 61 63 64 66 69 72 73 74 75 77 78 79 80 82 84 85 87 88 90 91 92 93 94 96 98 99 100 102 103 104 105 106 108 109 110 111 112 114 116 117
42 280 46 49 56 60 64 66 69 72 73 74 75 77 78 80 82 85 87 90 92 93 94 96 99 102 103 105 106 110 111 112 114 116
43 498
44 250
45 252 46 56 64 73 75 78 85 90 94 105 110 112 114
46 412 47 48 49 50 51 53 54 55 56 57 60 61 63 64 66 69 70 72 73 74 75 76 77 78 79 80 81 82 84 85 87 88 89 90 91 92 93 94 95 96 98 99 100 101 102 103 104 105 106 108 109 110 111 112 114 115 116 117 118 119
47 258 56 60 64 66 69 73 74 75 78 82 85 87 90 92 93 94 99 103 105 110 111 112 114 116
48 330 56 64 69 73 75 78 82 85 87 90 92 93 94 99 103 105 110 111 112 114
49 499 56 60 64 66 69 73 74 75 77 78 82 85 87 90 92 93 94 96 99 103 105 110 111 112 114 116
50 250 56 64 73 75 78 90 105 110 112 114
51 251 64 75 110
52 458
53 267 56 64 73 75 78 90 110 112 114
54 275 56 64 73 75 78 85 90 92 93 94 99 105 110 112 114
55 350 56 60 64 66 69 73 74 75 78 82 85 87 90 92 93 94 96 99 103 105 110 111 112 114 116
56 283 60 61 63 64 66 69 72 73 74 75 76 77 78 79 80 81 82 84 85 87 88 89 90 91 92 93 94 95 96 98 99 100 102 103 104 105 106 108 109 110 111 112 114 116 117 119
57 367 64 73 75 90 110 112 114
58 434
59 277
60 289 63 64 66 69 72 73 74 75 77 78 80 82 84 85 87 90 91 92 93 94 96 98 99 100 102 103 105 106 108 110 111 112 114 116
61 370 64 69 73 75 78 82 85 87 90 92 93 94 99 103 105 110 111 112 114
62 273 64 110
63 357 64 66 69 73 74 75 78 82 85 87 90 92 93 94 99 103 105 110 111 112 114 116
64 495 66 67 69 70 72 73 74 75 76 77 78 79 80 81 82 84 85 87 88 89 90 91 92 93 94 95 96 98 99 100 101 102 103 104 105 106 107 108 109 110 111 112 114 115 116 117 118 119
65 250
66 255 69 72 73 74 75 77 78 80 82 84 85 87 90 91 92 93 94 96 98 99 100 102 103 105 106 108 110 111 112 114 116
67 464 110
68 254
69 282 72 73 74 75 77 78 79 80 82 84 85 87 88 90 91 92 93 94 96 98 99 100 102 103 105 106 108 109 110 111 112 114 116
70 361 75 90 110 112
71 290
72 349 73 74 75 77 78 82 85 87 90 92 93 94 96 99 103 105 110 111 112 114 116
73 351 74 75 76 77 78 79 80 81 82 84 85 87 88 89 90 91 92 93 94 95 96 98 99 100 101 102 103 104 105 106 108 109 110 111 112 114 116 117 119
74 251 75 77 78 80 82 84 85 87 90 91 92 93 94 96 98 99 100 102 103 105 106 108 110 111 112 114 116
75 398 76 77 78 79 80 81 82 84 85 87 88 89 90 91 92 93 94 95 96 98 99 100 101 102 103 104 105 106 108 109 110 111 112 114 115 116 117 118 119
76 370 78 85 90 94 105 110 112 114
77 287 78 80 82 85 87 90 92 93 94 96 99 102 103 105 106 110 111 112 114 116
78 343 79 80 81 82 84 85 87 88 89 90 91 92 93 94 95 96 98 99 100 102 103 104 105 106 108 109 110 111 112 114 116 117 119
79 428 82 85 87 90 92 93 94 99 103 105 110 111 112 114
80 257 82 85 87 90 92 93 94 96 99 103 105 110 111 112 114 116
81 315 90 110 112 114
82 445 84 85 87 90 91 92 93 94 96 98 99 100 102 103 105 106 108 110 111 112 114 116
83 272
84 283 85 87 90 92 93 94 99 103 105 110 111 112 114 116
85 440 87 88 90 91 92 93 94 95 96 98 99 100 102 103 104 105 106 108 109 110 111 112 114 116 117 119
86 254
87 306 88 90 91 92 93 94 96 98 99 100 102 103 105 106 108 110 111 112 114 116
88 435 90 92 93 94 99 105 110 111 112 114
89 279 90 105 110 112 114
90 286 91 92 93 94 95 96 98 99 100 101 102 103 104 105 106 108 109 110 111 112 114 115 116 117 118 119
91 451 92 93 94 99 103 105 110 111 112 114 116
92 268 93 94 96 98 99 100 102 103 104 105 106 108 109 110 111 112 114 116 117
93 281 94 95 96 98 99 100 102 103 104 105 106 108 109 110 111 112 114 116 117 119
94 430 95 96 98 99 100 102 103 104 105 106 108 109 110 111 112 114 116 117 119
95 261 99 105 110 112 114
96 309 99 102 103 105 106 108 110 111 112 114 116
97 368
98 274 99 103 105 110 111 112 114 116
99 358 100 102 103 104 105 106 108 109 110 111 112 114 116 117 119
100 427 103 105 110 111 112 114 116
101 250 110 112 114
102 323 103 105 106 110 111 112 114 116
103 444 105 106 108 110 111 112 114 116
104 270 105 110 112 114
105 286 106 108 109 110 111 112 114 116 117 119
106 494 110 111 112 114 116
107 250
108 256 110 111 112 114 116
109 368 110 112 114
110 300 111 112 114 115 116 117 118 119
111 332 112 114 116
112 491 114 115 116 117 118 119
113 253
114 256 116 117 119
115 426
116 274
117 300
118 495
119 250
120 255
