250 150
1 64
2 42
3 86
4 65
5 47
6 68
7 20
8 45
9 69
10 78
11 44
12 96
13 50
14 27
15 58
16 55
17 81
18 87
19 76
20 38
21 79
22 71
23 60
24 76
25 91
26 69
27 77
28 57
29 33
30 22
31 76
32 51
33 66
34 90
35 34
36 46
37 74
38 62
39 93
40 74
41 29
42 22
43 73
44 26
45 72
46 41
47 91
48 88
49 95
50 35
51 84
52 32
53 59
54 56
55 84
56 71
57 78
58 82
59 78
60 52
61 71
62 26
63 66
64 84
65 76
66 95
67 80
68 50
69 53
70 30
71 82
72 38
73 45
74 99
75 51
76 98
77 100
78 88
79 81
80 77
81 99
82 97
83 31
84 54
85 47
86 45
87 36
88 96
89 96
90 74
91 77
92 98
93 69
94 22
95 40
96 39
97 81
98 90
99 73
100 84
101 53
102 73
103 81
104 51
105 38
106 43
107 64
108 28
109 83
110 28
111 66
112 22
113 56
114 61
115 72
116 69
117 55
118 20
119 50
120 52
121 95
122 89
123 32
124 60
125 29
126 90
127 20
128 90
129 41
130 37
131 95
132 20
133 84
134 33
135 28
136 40
137 91
138 39
139 63
140 66
141 29
142 74
143 97
144 41
145 81
146 53
147 22
148 32
149 91
150 61
151 33
152 91
153 55
154 56
155 57
156 44
157 60
158 55
159 92
160 39
161 38
162 100
163 30
164 65
165 22
166 78
167 84
168 32
169 51
170 52
171 47
172 62
173 63
174 25
175 42
176 59
177 24
178 88
179 61
180 71
181 23
182 48
183 78
184 85
185 92
186 39
187 31
188 76
189 87
190 54
191 61
192 66
193 40
194 22
195 74
196 99
197 96
198 73
199 24
200 43
201 93
202 47
203 51
204 22
205 49
206 39
207 21
208 72
209 93
210 72
211 49
212 68
213 71
214 82
215 44
216 25
217 82
218 74
219 59
220 28
221 33
222 61
223 90
224 97
225 62
226 42
227 100
228 50
229 31
230 84
231 81
232 27
233 45
234 84
235 54
236 34
237 79
238 100
239 63
240 48
241 68
242 46
243 74
244 65
245 35
246 66
247 53
248 27
249 70
250 86
