60 1000
1 475
2 256 3 4 5 6 7 10 11 15 18 19 23 25 26 27 28 31 33 34 36 37 41 43 45 47 50 52 54 55 58
3 269 5 6 7 11 18 19 26 28 31 34 36 43 45 47 50 52 55 58
4 396 5 6 7 11 18 19 26 28 31 34 36 43 45 47 50 52 55 58
5 264 6 7 10 11 15 18 19 23 25 26 27 28 31 33 34 36 37 41 43 45 47 50 52 54 55 58
6 340 7 10 11 12 13 15 17 18 19 22 23 25 26 27 28 31 33 34 35 36 37 38 41 43 45 47 50 52 54 55 58 59 60
7 468 10 11 15 18 19 22 23 25 26 27 28 31 33 34 36 37 41 43 45 47 50 52 54 55 58
8 262
9 270
10 361 11 18 19 23 26 28 31 33 34 36 43 45 47 50 52 55 58
11 300 12 15 17 18 19 22 23 25 26 27 28 31 33 34 35 36 37 38 41 43 45 47 50 52 54 55 58 59
12 339 18 26 28 45 52 55
13 444 45
14 251
15 305 18 19 26 28 31 34 36 43 45 47 52 55 58
16 366
17 252 18 26 28 45 52 55 58
18 382 19 22 23 25 26 27 28 31 33 34 35 36 37 41 43 45 47 50 52 54 55 58
19 409 23 25 26 27 28 31 33 34 36 37 41 43 45 47 50 52 54 55 58
20 277
21 314
22 465 26 28 31 34 45 52 55 58
23 260 26 28 31 33 34 36 43 45 47 50 52 55 58
24 275
25 447 26 28 31 34 36 43 45 47 52 55 58
26 251 27 28 31 33 34 35 36 37 38 41 43 45 47 50 52 54 55 58 59 60
27 302 28 31 34 36 43 45 47 50 52 55 58
28 399 31 33 34 35 36 37 38 41 43 45 47 50 52 54 55 58 59 60
29 297
30 304
31 423 33 34 36 37 41 43 45 47 50 52 54 55 58
32 258
33 319 34 36 43 45 47 50 52 55 58
34 473 36 37 41 43 45 47 50 52 54 55 58
35 260 45 52 55
36 267 37 41 43 45 47 50 52 54 55 58
37 426 43 45 47 50 52 55 58
38 261 45 52 55
39 313
40 403
41 289 43 45 47 50 52 55 58
42 308
43 402 45 47 50 52 54 55 58
44 265
45 333 47 50 52 54 55 58 59 60
46 396
47 257 50 52 54 55 58
48 347
49 411
50 282 52 54 55 58
51 307
52 462 54 55 58 59 60
53 258
54 280 55 58
55 412 58 59
56 254
57 334
58 376
59 255
60 369
