15  10
   2  41   3  63   0  14   4  94   1  84   7  46   9  96   8  43   6  58   5  44 1337   3  10
   1  34   3  58   0  37   2  18   4  32   9  87   5  81   8  40   7  34   6  15 1384   9  11
   4  83   0  96   3  44   1  58   2  77   5  18   7  29   9  80   8  36   6  71 1841  13   4
   2  43   0  26   1   9   3  34   4  81   8  75   9  84   5  62   7  25   6  33 1456  19  12
   1  38   3  51   2  12   0  39   4  55   9  89   6   9   5  76   8  29   7  56 1647  20  15
   4  90   2  38   0  73   3  10   1  51   8  75   6  22   9  95   5  16   7  52 1414  20   7
   4  97   3  69   0  90   2  84   1  45   9  94   6   5   5  99   8  20   7  23 1861   6   6
   4  81   3  72   2   2   0  74   1  59   6  29   9  77   8  63   7  31   5  77 1549   9   5
   4  99   2  39   3  66   1  14   0   4   8  71   7  50   6  28   5  26   9  25 1950  16   8
   2  51   0  42   1  25   3  37   4  71   6  28   5   4   7   6   8  46   9  23 1655   2  19
   3  67   2  30   0  41   4  63   1  15   7  51   6  24   8  55   9  56   5  27 1781  13   1
   0  20   2  44   1   3   3  37   4  62   8  64   9  95   5  57   7  45   6  20 2071  13  15
   2  42   0  37   3  40   4  95   1  53   6  35   7  33   5  30   9  63   8  95 1454  12   9
   0  17   3  53   1  57   2   4   4  56   6  24   8  56   9  95   7  62   5  24 1738   6   5
   3  63   4  90   1  91   2  52   0  67   8  60   9  80   6  85   5  38   7  47 1619   6  14
